#-- a0v
#\*l[Angstrom]	F(\*l)/F(555.6Angstrom]
1150.0	0.181751
1155.0	0.203323
1160.0	0.142062
1165.0	0.000000
1170.0	0.005560
1175.0	0.000000
1180.0	0.000000
1185.0	0.000000
1190.0	0.000000
1195.0	0.000000
1200.0	0.001004
1205.0	0.010154
1210.0	0.022296
1215.0	0.030977
1220.0	0.038257
1225.0	0.032880
1230.0	0.034612
1235.0	0.036263
1240.0	0.032804
1245.0	0.044974
1250.0	0.089780
1255.0	0.107513
1260.0	0.102995
1265.0	0.163623
1270.0	0.287057
1275.0	0.339408
1280.0	0.464954
1285.0	0.543897
1290.0	0.583538
1295.0	0.652544
1300.0	0.568330
1305.0	0.465444
1310.0	0.558746
1315.0	0.815444
1320.0	0.917040
1325.0	0.916888
1330.0	0.866914
1335.0	0.921322
1340.0	1.129171
1345.0	1.148396
1350.0	1.041099
1355.0	0.968124
1360.0	0.997185
1365.0	1.005895
1370.0	1.014634
1375.0	1.075655
1380.0	1.069204
1385.0	1.104056
1390.0	1.125309
1395.0	1.078729
1400.0	1.100604
1405.0	1.154207
1410.0	1.137578
1415.0	1.184795
1420.0	1.269107
1425.0	1.304509
1430.0	1.219985
1435.0	1.186735
1440.0	1.309849
1445.0	1.406803
1450.0	1.486661
1455.0	1.484581
1460.0	1.451358
1465.0	1.365868
1470.0	1.315616
1475.0	1.332583
1480.0	1.387421
1485.0	1.519950
1490.0	1.627695
1495.0	1.648123
1500.0	1.684521
1505.0	1.548495
1510.0	1.372714
1515.0	1.427650
1520.0	1.563507
1525.0	1.455529
1530.0	1.410062
1535.0	1.457652
1540.0	1.578568
1545.0	1.603379
1550.0	1.561301
1555.0	1.503601
1560.0	1.469595
1565.0	1.540034
1570.0	1.513548
1575.0	1.531422
1580.0	1.650600
1585.0	1.634291
1590.0	1.604415
1595.0	1.584613
1600.0	1.620305
1605.0	1.574995
1610.0	1.566226
1615.0	1.570178
1620.0	1.545103
1625.0	1.548708
1630.0	1.565555
1635.0	1.535559
1640.0	1.496622
1645.0	1.527790
1650.0	1.456422
1655.0	1.307141
1660.0	1.376759
1665.0	1.469498
1670.0	1.334264
1675.0	1.411232
1680.0	1.529826
1685.0	1.533790
1690.0	1.519363
1695.0	1.501917
1700.0	1.495160
1705.0	1.476834
1710.0	1.498110
1715.0	1.489971
1720.0	1.439100
1725.0	1.444888
1730.0	1.504957
1735.0	1.499872
1740.0	1.520960
1745.0	1.557133
1750.0	1.597241
1755.0	1.650849
1760.0	1.554383
1765.0	1.481540
1770.0	1.547907
1775.0	1.618634
1780.0	1.611885
1785.0	1.427459
1790.0	1.240522
1795.0	1.564539
1800.0	1.692430
1805.0	1.622366
1810.0	1.610677
1815.0	1.624510
1820.0	1.636437
1825.0	1.615233
1830.0	1.570097
1835.0	1.545615
1840.0	1.474328
1845.0	1.450122
1850.0	1.492966
1855.0	1.493837
1860.0	1.502229
1865.0	1.523196
1870.0	1.565632
1875.0	1.559510
1880.0	1.559310
1885.0	1.550405
1890.0	1.515476
1895.0	1.466529
1900.0	1.432495
1905.0	1.451178
1910.0	1.454121
1915.0	1.449397
1920.0	1.450922
1925.0	1.451281
1930.0	1.474975
1935.0	1.494214
1940.0	1.510554
1945.0	1.513651
1950.0	1.516806
1955.0	1.517341
1960.0	1.512847
1965.0	1.494291
1970.0	1.556980
1975.0	1.612514
1980.0	1.577098
1985.0	1.575749
1990.0	1.462473
1995.0	1.346299
2000.0	1.415970
2005.0	1.447126
2010.0	1.408796
2015.0	1.410385
2020.0	1.405684
2025.0	1.385200
2030.0	1.423803
2035.0	1.394906
2040.0	1.351791
2045.0	1.385793
2050.0	1.408168
2055.0	1.415598
2060.0	1.402481
2065.0	1.358988
2070.0	1.377304
2075.0	1.463738
2080.0	1.526606
2085.0	1.540470
2090.0	1.515747
2095.0	1.444250
2100.0	1.376611
2105.0	1.372526
2110.0	1.412419
2115.0	1.391838
2120.0	1.357974
2125.0	1.441591
2130.0	1.419030
2135.0	1.311450
2140.0	1.229758
2145.0	1.269933
2150.0	1.359260
2155.0	1.393734
2160.0	1.427121
2165.0	1.305439
2170.0	1.240546
2175.0	1.179187
2180.0	1.182986
2185.0	1.288429
2190.0	1.352522
2195.0	1.378479
2200.0	1.397609
2205.0	1.314984
2210.0	1.219098
2215.0	1.155421
2220.0	1.142993
2225.0	1.144974
2230.0	1.168503
2235.0	1.144320
2240.0	1.177647
2245.0	1.117671
2250.0	1.161664
2255.0	1.164579
2260.0	1.148342
2265.0	1.143074
2270.0	1.158862
2275.0	1.155643
2280.0	1.167622
2285.0	1.178513
2290.0	1.231651
2295.0	1.258505
2300.0	1.227084
2305.0	1.213497
2310.0	1.234254
2315.0	1.221961
2320.0	1.118709
2325.0	1.114940
2330.0	1.162866
2335.0	1.144673
2340.0	1.104673
2345.0	1.082394
2350.0	1.064599
2355.0	1.028451
2360.0	1.040521
2365.0	1.022600
2370.0	1.032880
2375.0	1.016219
2380.0	1.081483
2385.0	1.011780
2390.0	0.897727
2395.0	0.887073
2400.0	0.960789
2405.0	0.945400
2410.0	0.878021
2415.0	0.924556
2420.0	0.970920
2425.0	1.009371
2430.0	1.064369
2435.0	1.017737
2440.0	0.982849
2445.0	1.040864
2450.0	1.086633
2455.0	1.097703
2460.0	1.102613
2465.0	1.077132
2470.0	1.015053
2475.0	0.990589
2480.0	1.003847
2485.0	0.959149
2490.0	0.914129
2495.0	0.890856
2500.0	1.048169
2505.0	1.032850
2510.0	0.991732
2515.0	1.031929
2520.0	0.983655
2525.0	0.927448
2530.0	0.917317
2535.0	0.986263
2540.0	0.991221
2545.0	0.941384
2550.0	0.958250
2555.0	0.986258
2560.0	0.994516
2565.0	1.016402
2570.0	1.074358
2575.0	1.039314
2580.0	0.793666
2585.0	0.766393
2590.0	0.950952
2595.0	1.041492
2600.0	1.040669
2605.0	1.018071
2610.0	1.025710
2615.0	1.015422
2620.0	1.048844
2625.0	1.039886
2630.0	1.017217
2635.0	1.059603
2640.0	1.064705
2645.0	1.100167
2650.0	1.144326
2655.0	1.150931
2660.0	1.108117
2665.0	1.065427
2670.0	1.011902
2675.0	1.008321
2680.0	1.065549
2685.0	1.090489
2690.0	1.055726
2695.0	0.997226
2700.0	1.015496
2705.0	1.054217
2710.0	0.997694
2715.0	0.992235
2720.0	0.993181
2725.0	0.978159
2730.0	0.996837
2735.0	1.035138
2740.0	1.031072
2745.0	0.980610
2750.0	0.959419
2755.0	0.921392
2760.0	0.938690
2765.0	0.981846
2770.0	0.989572
2775.0	1.026034
2780.0	1.087187
2785.0	1.039397
2790.0	1.013213
2795.0	0.959790
2800.0	0.854565
2805.0	0.847115
2810.0	0.920482
2815.0	1.027540
2820.0	1.068462
2825.0	1.036374
2830.0	1.002689
2835.0	1.023119
2840.0	1.050926
2845.0	1.035849
2850.0	0.998238
2855.0	0.961054
2860.0	0.959937
2865.0	0.992102
2870.0	1.003491
2875.0	0.990969
2880.0	0.981512
2885.0	1.003459
2890.0	1.025574
2895.0	1.007366
2900.0	0.995669
2905.0	1.016709
2910.0	1.076558
2915.0	1.082485
2920.0	1.086017
2925.0	1.040866
2930.0	1.027064
2935.0	1.044562
2940.0	1.042548
2945.0	1.068666
2950.0	1.022596
2955.0	1.065236
2960.0	1.095379
2965.0	1.071008
2970.0	1.061609
2975.0	1.080706
2980.0	1.072428
2985.0	1.054782
2990.0	1.079901
2995.0	1.070195
3000.0	1.075974
3005.0	1.042763
3010.0	1.066428
3015.0	1.042527
3020.0	1.001714
3025.0	1.014394
3030.0	1.019927
3035.0	1.022885
3040.0	1.057637
3045.0	1.051592
3050.0	1.036622
3055.0	1.036418
3060.0	1.005969
3065.0	0.974454
3070.0	0.956507
3075.0	0.972521
3080.0	1.045360
3085.0	1.046632
3090.0	1.013760
3095.0	1.027994
3100.0	1.011138
3105.0	0.982877
3110.0	0.953480
3115.0	0.946203
3120.0	0.965026
3125.0	1.013101
3130.0	1.054124
3135.0	1.007729
3140.0	0.985666
3145.0	1.034042
3150.0	1.038314
3155.0	1.024035
3160.0	1.003496
3165.0	1.025234
3170.0	1.052744
3175.0	1.045524
3180.0	0.998782
3185.0	1.014678
3190.0	1.073331
3195.0	1.071585
3200.0	1.025610
3205.0	1.027123
3210.0	1.028811
3215.0	1.011811
3220.0	0.989788
3225.0	0.979960
3230.0	0.981220
3235.0	0.987170
3240.0	0.988567
3245.0	0.980252
3250.0	0.976231
3255.0	0.988487
3260.0	1.001723
3265.0	1.000031
3270.0	0.992324
3275.0	0.989331
3280.0	0.984206
3285.0	0.971932
3290.0	0.972359
3295.0	0.999411
3300.0	1.018435
3305.0	0.998059
3310.0	0.968613
3315.0	0.964230
3320.0	0.972542
3325.0	0.975001
3330.0	0.974833
3335.0	0.978138
3340.0	0.980742
3345.0	0.977971
3350.0	0.973430
3355.0	0.970812
3360.0	0.965897
3365.0	0.955103
3370.0	0.945304
3375.0	0.942864
3380.0	0.941656
3385.0	0.935501
3390.0	0.930504
3395.0	0.934256
3400.0	0.947981
3405.0	0.968577
3410.0	0.981979
3415.0	0.977178
3420.0	0.966353
3425.0	0.962162
3430.0	0.955995
3435.0	0.939342
3440.0	0.925386
3445.0	0.926828
3450.0	0.932775
3455.0	0.931227
3460.0	0.929353
3465.0	0.934830
3470.0	0.938193
3475.0	0.930411
3480.0	0.921333
3485.0	0.920843
3490.0	0.920065
3495.0	0.910705
3500.0	0.905543
3505.0	0.916023
3510.0	0.922815
3515.0	0.919272
3520.0	0.916501
3525.0	0.917938
3530.0	0.925882
3535.0	0.934025
3540.0	0.934882
3545.0	0.928635
3550.0	0.922378
3555.0	0.919969
3560.0	0.917202
3565.0	0.906070
3570.0	0.894498
3575.0	0.893153
3580.0	0.892547
3585.0	0.887421
3590.0	0.889092
3595.0	0.895562
3600.0	0.897085
3605.0	0.896206
3610.0	0.883098
3615.0	0.881046
3620.0	0.885908
3625.0	0.896548
3630.0	0.899074
3635.0	0.901410
3640.0	0.903462
3645.0	0.900716
3650.0	0.907777
3655.0	0.919733
3660.0	0.921648
3665.0	0.919670
3670.0	0.917523
3675.0	0.908440
3680.0	0.897727
3685.0	0.895790
3690.0	0.904367
3695.0	0.916081
3700.0	0.920332
3705.0	0.942691
3710.0	0.962079
3715.0	1.006473
3720.0	1.015919
3725.0	1.066856
3730.0	1.071680
3735.0	1.023150
3740.0	1.152860
3745.0	1.121979
3750.0	1.014114
3755.0	1.176449
3760.0	1.308511
3765.0	1.203920
3770.0	1.058592
3775.0	1.254845
3780.0	1.547439
3785.0	1.629362
3790.0	1.421449
3795.0	1.132716
3800.0	1.151134
3805.0	1.512220
3810.0	1.808515
3815.0	1.906824
3820.0	1.848355
3825.0	1.605863
3830.0	1.239301
3835.0	1.024814
3840.0	1.288405
3845.0	1.665269
3850.0	1.967488
3855.0	2.133631
3860.0	2.222178
3865.0	2.240900
3870.0	2.131039
3875.0	1.892601
3880.0	1.561640
3885.0	1.171697
3890.0	1.066769
3895.0	1.381757
3900.0	1.757191
3905.0	2.015894
3910.0	2.211767
3915.0	2.313839
3920.0	2.364872
3925.0	2.323770
3930.0	2.086366
3935.0	2.056262
3940.0	2.212616
3945.0	2.212184
3950.0	2.072719
3955.0	1.877199
3960.0	1.559220
3965.0	1.143353
3970.0	0.985721
3975.0	1.275134
3980.0	1.649597
3985.0	1.946936
3990.0	2.155706
3995.0	2.272316
4000.0	2.340788
4005.0	2.364400
4010.0	2.392617
4015.0	2.402697
4020.0	2.406213
4025.0	2.385914
4030.0	2.363976
4035.0	2.362967
4040.0	2.357623
4045.0	2.349137
4050.0	2.356597
4055.0	2.337830
4060.0	2.307925
4065.0	2.256997
4070.0	2.182526
4075.0	2.097172
4080.0	2.005089
4085.0	1.871567
4090.0	1.642101
4095.0	1.327834
4100.0	1.073181
4105.0	1.113944
4110.0	1.364009
4115.0	1.621284
4120.0	1.831318
4125.0	1.968552
4130.0	2.060154
4135.0	2.151280
4140.0	2.214909
4145.0	2.249613
4150.0	2.268199
4155.0	2.269451
4160.0	2.269143
4165.0	2.263573
4170.0	2.225933
4175.0	2.195532
4180.0	2.181200
4185.0	2.181560
4190.0	2.199191
4195.0	2.208719
4200.0	2.211377
4205.0	2.247003
4210.0	2.257165
4215.0	2.229093
4220.0	2.201925
4225.0	2.167549
4230.0	2.153373
4235.0	2.153649
4240.0	2.150010
4245.0	2.124971
4250.0	2.114018
4255.0	2.115392
4260.0	2.109489
4265.0	2.110130
4270.0	2.097033
4275.0	2.117196
4280.0	2.136546
4285.0	2.126377
4290.0	2.083192
4295.0	2.037815
4300.0	1.970364
4305.0	1.932392
4310.0	1.911035
4315.0	1.881848
4320.0	1.810205
4325.0	1.652199
4330.0	1.427604
4335.0	1.148925
4340.0	0.971719
4345.0	1.053994
4350.0	1.269570
4355.0	1.506908
4360.0	1.693613
4365.0	1.824733
4370.0	1.889272
4375.0	1.915232
4380.0	1.919991
4385.0	1.915014
4390.0	1.928407
4395.0	1.935735
4400.0	1.935139
4405.0	1.941841
4410.0	1.942488
4415.0	1.924015
4420.0	1.929782
4425.0	1.935769
4430.0	1.916791
4435.0	1.908540
4440.0	1.901613
4445.0	1.905883
4450.0	1.913008
4455.0	1.904084
4460.0	1.886469
4465.0	1.867539
4470.0	1.852080
4475.0	1.848929
4480.0	1.822841
4485.0	1.831402
4490.0	1.845854
4495.0	1.855295
4500.0	1.858850
4505.0	1.860867
4510.0	1.863026
4515.0	1.848286
4520.0	1.826406
4525.0	1.809914
4530.0	1.796286
4535.0	1.802478
4540.0	1.802790
4545.0	1.771593
4550.0	1.747621
4555.0	1.754564
4560.0	1.764052
4565.0	1.758464
4570.0	1.744937
4575.0	1.739346
4580.0	1.721821
4585.0	1.702466
4590.0	1.710641
4595.0	1.721394
4600.0	1.720887
4605.0	1.727435
4610.0	1.722228
4615.0	1.708244
4620.0	1.708604
4625.0	1.696159
4630.0	1.682961
4635.0	1.680371
4640.0	1.681650
4645.0	1.677869
4650.0	1.681063
4655.0	1.678982
4660.0	1.674366
4665.0	1.659065
4670.0	1.643987
4675.0	1.636964
4680.0	1.640570
4685.0	1.654559
4690.0	1.644642
4695.0	1.641658
4700.0	1.637853
4705.0	1.636871
4710.0	1.625782
4715.0	1.602599
4720.0	1.591068
4725.0	1.592402
4730.0	1.583284
4735.0	1.568989
4740.0	1.568756
4745.0	1.573964
4750.0	1.573592
4755.0	1.563951
4760.0	1.543588
4765.0	1.536354
4770.0	1.534852
4775.0	1.538411
4780.0	1.534401
4785.0	1.532353
4790.0	1.536658
4795.0	1.532649
4800.0	1.507267
4805.0	1.490010
4810.0	1.475463
4815.0	1.464820
4820.0	1.446877
4825.0	1.414371
4830.0	1.382949
4835.0	1.345409
4840.0	1.292800
4845.0	1.205864
4850.0	1.066348
4855.0	0.876355
4860.0	0.740252
4865.0	0.799844
4870.0	0.949182
4875.0	1.085515
4880.0	1.199023
4885.0	1.274462
4890.0	1.326849
4895.0	1.360454
4900.0	1.370639
4905.0	1.381424
4910.0	1.390310
4915.0	1.387375
4920.0	1.369356
4925.0	1.371291
4930.0	1.380753
4935.0	1.375868
4940.0	1.389200
4945.0	1.403090
4950.0	1.396418
4955.0	1.380802
4960.0	1.387028
4965.0	1.393493
4970.0	1.393398
4975.0	1.393729
4980.0	1.373950
4985.0	1.358311
4990.0	1.362219
4995.0	1.351835
5000.0	1.336844
5005.0	1.337480
5010.0	1.334718
5015.0	1.315520
5020.0	1.311738
5025.0	1.328276
5030.0	1.326832
5035.0	1.324649
5040.0	1.320409
5045.0	1.320525
5050.0	1.311644
5055.0	1.308595
5060.0	1.315903
5065.0	1.307889
5070.0	1.308864
5075.0	1.299827
5080.0	1.294157
5085.0	1.303408
5090.0	1.306235
5095.0	1.295048
5100.0	1.286553
5105.0	1.291311
5110.0	1.292820
5115.0	1.300972
5120.0	1.292756
5125.0	1.278494
5130.0	1.275868
5135.0	1.271073
5140.0	1.263027
5145.0	1.260117
5150.0	1.252581
5155.0	1.242483
5160.0	1.234197
5165.0	1.203999
5170.0	1.188146
5175.0	1.207414
5180.0	1.208427
5185.0	1.198629
5190.0	1.203530
5195.0	1.203652
5200.0	1.192720
5205.0	1.181677
5210.0	1.187004
5215.0	1.196549
5220.0	1.201535
5225.0	1.189719
5230.0	1.182821
5235.0	1.181218
5240.0	1.178149
5245.0	1.178211
5250.0	1.173713
5255.0	1.176514
5260.0	1.165546
5265.0	1.138234
5270.0	1.125457
5275.0	1.125626
5280.0	1.131924
5285.0	1.144124
5290.0	1.157735
5295.0	1.160639
5300.0	1.152411
5305.0	1.141087
5310.0	1.128224
5315.0	1.121126
5320.0	1.124102
5325.0	1.115967
5330.0	1.109685
5335.0	1.109900
5340.0	1.113292
5345.0	1.118225
5350.0	1.127562
5355.0	1.130347
5360.0	1.114008
5365.0	1.096971
5370.0	1.088406
5375.0	1.092872
5380.0	1.096639
5385.0	1.099284
5390.0	1.098863
5395.0	1.087443
5400.0	1.075101
5405.0	1.067527
5410.0	1.069422
5415.0	1.072702
5420.0	1.071494
5425.0	1.063486
5430.0	1.056304
5435.0	1.057664
5440.0	1.058368
5445.0	1.058678
5450.0	1.059019
5455.0	1.058570
5460.0	1.057960
5465.0	1.054021
5470.0	1.047414
5475.0	1.042513
5480.0	1.042664
5485.0	1.044128
5490.0	1.037018
5495.0	1.033671
5500.0	1.031497
5505.0	1.022962
5510.0	1.015458
5515.0	1.020975
5520.0	1.021036
5525.0	1.013966
5530.0	1.008259
5535.0	1.009308
5540.0	1.005198
5545.0	1.003282
5550.0	1.011062
5555.0	1.012813
5560.0	1.009363
5565.0	1.001138
5570.0	0.995758
5575.0	0.995112
5580.0	0.993655
5585.0	0.985399
5590.0	0.980309
5595.0	0.971510
5600.0	0.969788
5605.0	0.971245
5610.0	0.969932
5615.0	0.961350
5620.0	0.961391
5625.0	0.964294
5630.0	0.963931
5635.0	0.964918
5640.0	0.964163
5645.0	0.959639
5650.0	0.952994
5655.0	0.944186
5660.0	0.934322
5665.0	0.935654
5670.0	0.940013
5675.0	0.940889
5680.0	0.932962
5685.0	0.925541
5690.0	0.926619
5695.0	0.922722
5700.0	0.919115
5705.0	0.918732
5710.0	0.922994
5715.0	0.927025
5720.0	0.923747
5725.0	0.920432
5730.0	0.916399
5735.0	0.912506
5740.0	0.907463
5745.0	0.901393
5750.0	0.896856
5755.0	0.896227
5760.0	0.902244
5765.0	0.899645
5770.0	0.891126
5775.0	0.883296
5780.0	0.874814
5785.0	0.875782
5790.0	0.876350
5795.0	0.868799
5800.0	0.867793
5805.0	0.871261
5810.0	0.868453
5815.0	0.866922
5820.0	0.870531
5825.0	0.874054
5830.0	0.877312
5835.0	0.873676
5840.0	0.868309
5845.0	0.863822
5850.0	0.863795
5855.0	0.860255
5860.0	0.864186
5865.0	0.861657
5870.0	0.855994
5875.0	0.849204
5880.0	0.840569
5885.0	0.823010
5890.0	0.808472
5895.0	0.809661
5900.0	0.827730
5905.0	0.830761
5910.0	0.826676
5915.0	0.826644
5920.0	0.825769
5925.0	0.821208
5930.0	0.819709
5935.0	0.819495
5940.0	0.814234
5945.0	0.807174
5950.0	0.804822
5955.0	0.804437
5960.0	0.802840
5965.0	0.804999
5970.0	0.802897
5975.0	0.799626
5980.0	0.797863
5985.0	0.797071
5990.0	0.792456
5995.0	0.794637
6000.0	0.794601
6005.0	0.791093
6010.0	0.788428
6015.0	0.785948
6020.0	0.782421
6025.0	0.781103
6030.0	0.779333
6035.0	0.778514
6040.0	0.775160
6045.0	0.776237
6050.0	0.773777
6055.0	0.771288
6060.0	0.770566
6065.0	0.768194
6070.0	0.768426
6075.0	0.763557
6080.0	0.757481
6085.0	0.755058
6090.0	0.755177
6095.0	0.754559
6100.0	0.752717
6105.0	0.748703
6110.0	0.748352
6115.0	0.749442
6120.0	0.747081
6125.0	0.745749
6130.0	0.746761
6135.0	0.744312
6140.0	0.738706
6145.0	0.732324
6150.0	0.727165
6155.0	0.721943
6160.0	0.720105
6165.0	0.725232
6170.0	0.724474
6175.0	0.728876
6180.0	0.726868
6185.0	0.722772
6190.0	0.724229
6195.0	0.730074
6200.0	0.726416
6205.0	0.719998
6210.0	0.716323
6215.0	0.713357
6220.0	0.708544
6225.0	0.704178
6230.0	0.701025
6235.0	0.700081
6240.0	0.698933
6245.0	0.698172
6250.0	0.698888
6255.0	0.701625
6260.0	0.700791
6265.0	0.694674
6270.0	0.687126
6275.0	0.676533
6280.0	0.665254
6285.0	0.674913
6290.0	0.680504
6295.0	0.680416
6300.0	0.676011
6305.0	0.673755
6310.0	0.672402
6315.0	0.669672
6320.0	0.671742
6325.0	0.675309
6330.0	0.672874
6335.0	0.671399
6340.0	0.669285
6345.0	0.662524
6350.0	0.660750
6355.0	0.665366
6360.0	0.666667
6365.0	0.664504
6370.0	0.659935
6375.0	0.660673
6380.0	0.661222
6385.0	0.657684
6390.0	0.654948
6395.0	0.655631
6400.0	0.656793
6405.0	0.654182
6410.0	0.650239
6415.0	0.648577
6420.0	0.646361
6425.0	0.648377
6430.0	0.646862
6435.0	0.647049
6440.0	0.647712
6445.0	0.641928
6450.0	0.637801
6455.0	0.633519
6460.0	0.632811
6465.0	0.633750
6470.0	0.631497
6475.0	0.626400
6480.0	0.623332
6485.0	0.623460
6490.0	0.618315
6495.0	0.613227
6500.0	0.617240
6505.0	0.618455
6510.0	0.612423
6515.0	0.604327
6520.0	0.599741
6525.0	0.593783
6530.0	0.585786
6535.0	0.577994
6540.0	0.559423
6545.0	0.530566
6550.0	0.494820
6555.0	0.445639
6560.0	0.387141
6565.0	0.383494
6570.0	0.440645
6575.0	0.490634
6580.0	0.526743
6585.0	0.550450
6590.0	0.567959
6595.0	0.576827
6600.0	0.581570
6605.0	0.582938
6610.0	0.585495
6615.0	0.589771
6620.0	0.588803
6625.0	0.590842
6630.0	0.588545
6635.0	0.586986
6640.0	0.588796
6645.0	0.587881
6650.0	0.586622
6655.0	0.583577
6660.0	0.582297
6665.0	0.577257
6670.0	0.576840
6675.0	0.574182
6680.0	0.575010
6685.0	0.577058
6690.0	0.577292
6695.0	0.576001
6700.0	0.572869
6705.0	0.572201
6710.0	0.569137
6715.0	0.565666
6720.0	0.566061
6725.0	0.567662
6730.0	0.563994
6735.0	0.562363
6740.0	0.559562
6745.0	0.559246
6750.0	0.558876
6755.0	0.557265
6760.0	0.556734
6765.0	0.555203
6770.0	0.553600
6775.0	0.552449
6780.0	0.552745
6785.0	0.550434
6790.0	0.552717
6795.0	0.553126
6800.0	0.551552
6805.0	0.551454
6810.0	0.549133
6815.0	0.548740
6820.0	0.547746
6825.0	0.544781
6830.0	0.542914
6835.0	0.541328
6840.0	0.539912
6845.0	0.540229
6850.0	0.542038
6855.0	0.543049
6860.0	0.541932
6865.0	0.539451
6870.0	0.537691
6875.0	0.537832
6880.0	0.538934
6885.0	0.538634
6890.0	0.535100
6895.0	0.528770
6900.0	0.522335
6905.0	0.518858
6910.0	0.519544
6915.0	0.522964
6920.0	0.526103
6925.0	0.526447
6930.0	0.523623
6935.0	0.519398
6940.0	0.516242
6945.0	0.515648
6950.0	0.517246
6955.0	0.519189
6960.0	0.519594
6965.0	0.517884
6970.0	0.514923
6975.0	0.512839
6980.0	0.511897
6985.0	0.512649
6990.0	0.509168
6995.0	0.508755
7000.0	0.507389
7005.0	0.504241
7010.0	0.503905
7015.0	0.501765
7020.0	0.499839
7025.0	0.497949
7030.0	0.499422
7035.0	0.498656
7040.0	0.495765
7045.0	0.496395
7050.0	0.499189
7055.0	0.499314
7060.0	0.499049
7065.0	0.498177
7070.0	0.497152
7075.0	0.494278
7080.0	0.493516
7085.0	0.493479
7090.0	0.492319
7095.0	0.491148
7100.0	0.489862
7105.0	0.486858
7110.0	0.483619
7115.0	0.481052
7120.0	0.481716
7125.0	0.484591
7130.0	0.480840
7135.0	0.481651
7140.0	0.484793
7145.0	0.481697
7150.0	0.481246
7155.0	0.486243
7160.0	0.484457
7165.0	0.479726
7170.0	0.468617
7175.0	0.460054
7180.0	0.454525
7185.0	0.445861
7190.0	0.446275
7195.0	0.445152
7200.0	0.441943
7205.0	0.440879
7210.0	0.458005
7215.0	0.469662
7220.0	0.472794
7225.0	0.468631
7230.0	0.460114
7235.0	0.450098
7240.0	0.450005
7245.0	0.445188
7250.0	0.443737
7255.0	0.443160
7260.0	0.450329
7265.0	0.453331
7270.0	0.455126
7275.0	0.445824
7280.0	0.442898
7285.0	0.448625
7290.0	0.441254
7295.0	0.442551
7300.0	0.443547
7305.0	0.444674
7310.0	0.442466
7315.0	0.442171
7320.0	0.440274
7325.0	0.440797
7330.0	0.438235
7335.0	0.440354
7340.0	0.439209
7345.0	0.437955
7350.0	0.436961
7355.0	0.436011
7360.0	0.434783
7365.0	0.434848
7370.0	0.432394
7375.0	0.432349
7380.0	0.433036
7385.0	0.433852
7390.0	0.435932
7395.0	0.433486
7400.0	0.432015
7405.0	0.428357
7410.0	0.424120
7415.0	0.426570
7420.0	0.431545
7425.0	0.428953
7430.0	0.429413
7435.0	0.427864
7440.0	0.424417
7445.0	0.420214
7450.0	0.417546
7455.0	0.415445
7460.0	0.412012
7465.0	0.411861
7470.0	0.412201
7475.0	0.415711
7480.0	0.418427
7485.0	0.419049
7490.0	0.416838
7495.0	0.412928
7500.0	0.410493
7505.0	0.408522
7510.0	0.408693
7515.0	0.410980
7520.0	0.412988
7525.0	0.412496
7530.0	0.410266
7535.0	0.407872
7540.0	0.407964
7545.0	0.408424
7550.0	0.408889
7555.0	0.407197
7560.0	0.403182
7565.0	0.398006
7570.0	0.396316
7575.0	0.399426
7580.0	0.408053
7585.0	0.416527
7590.0	0.418298
7595.0	0.410939
7600.0	0.398171
7605.0	0.387409
7610.0	0.384712
7615.0	0.390478
7620.0	0.399103
7625.0	0.403505
7630.0	0.400258
7635.0	0.391546
7640.0	0.383008
7645.0	0.379319
7650.0	0.381010
7655.0	0.385077
7660.0	0.388140
7665.0	0.388938
7670.0	0.388478
7675.0	0.388207
7680.0	0.388128
7685.0	0.386759
7690.0	0.383143
7695.0	0.378240
7700.0	0.374644
7705.0	0.374786
7710.0	0.378761
7715.0	0.384052
7720.0	0.387307
7725.0	0.379778
7730.0	0.378008
7735.0	0.375933
7740.0	0.374159
7745.0	0.374499
7750.0	0.377602
7755.0	0.379436
7760.0	0.378094
7765.0	0.373339
7770.0	0.361561
7775.0	0.354589
7780.0	0.365470
7785.0	0.372405
7790.0	0.375396
7795.0	0.377504
7800.0	0.375441
7805.0	0.372839
7810.0	0.369793
7815.0	0.366151
7820.0	0.365266
7825.0	0.363830
7830.0	0.362176
7835.0	0.362033
7840.0	0.363228
7845.0	0.364155
7850.0	0.365373
7855.0	0.366129
7860.0	0.362388
7865.0	0.360436
7870.0	0.358388
7875.0	0.356062
7880.0	0.356824
7885.0	0.356661
7890.0	0.356413
7895.0	0.352896
7900.0	0.352643
7905.0	0.353626
7910.0	0.352244
7915.0	0.348478
7920.0	0.345822
7925.0	0.344261
7930.0	0.345080
7935.0	0.346678
7940.0	0.346685
7945.0	0.343324
7950.0	0.339639
7955.0	0.336974
7960.0	0.338300
7965.0	0.343170
7970.0	0.347311
7975.0	0.349508
7980.0	0.347939
7985.0	0.345113
7990.0	0.344387
7995.0	0.344671
8000.0	0.345366
8005.0	0.345161
8010.0	0.343594
8015.0	0.339053
8020.0	0.334836
8025.0	0.333275
8030.0	0.334551
8035.0	0.337939
8040.0	0.339747
8045.0	0.339884
8050.0	0.339712
8055.0	0.338381
8060.0	0.335804
8065.0	0.333216
8070.0	0.330914
8075.0	0.329356
8080.0	0.328766
8085.0	0.328813
8090.0	0.328124
8095.0	0.327612
8100.0	0.328865
8105.0	0.327219
8110.0	0.324668
8115.0	0.322779
8120.0	0.321983
8125.0	0.321035
8130.0	0.319348
8135.0	0.315033
8140.0	0.314800
8145.0	0.311295
8150.0	0.308496
8155.0	0.306733
8160.0	0.304132
8165.0	0.300884
8170.0	0.302679
8175.0	0.305764
8180.0	0.301219
8185.0	0.302806
8190.0	0.300273
8195.0	0.299333
8200.0	0.300343
8205.0	0.304406
8210.0	0.307521
8215.0	0.306808
8220.0	0.305509
8225.0	0.300199
8230.0	0.289992
8235.0	0.294647
8240.0	0.300845
8245.0	0.300965
8250.0	0.303298
8255.0	0.301641
8260.0	0.300903
8265.0	0.301967
8270.0	0.303442
8275.0	0.298171
8280.0	0.297393
8285.0	0.297413
8290.0	0.297336
8295.0	0.297581
8300.0	0.296521
8305.0	0.296769
8310.0	0.297919
8315.0	0.297400
8320.0	0.296959
8325.0	0.294860
8330.0	0.296591
8335.0	0.295422
8340.0	0.294681
8345.0	0.296301
8350.0	0.294597
8355.0	0.295700
8360.0	0.294467
8365.0	0.294600
8370.0	0.293966
8375.0	0.293728
8380.0	0.293804
8385.0	0.293310
8390.0	0.292417
8395.0	0.291851
8400.0	0.291566
8405.0	0.290385
8410.0	0.287584
8415.0	0.288367
8420.0	0.288147
8425.0	0.289670
8430.0	0.289839
8435.0	0.289507
8440.0	0.283611
8445.0	0.276913
8450.0	0.281159
8455.0	0.285944
8460.0	0.284416
8465.0	0.282008
8470.0	0.280488
8475.0	0.284115
8480.0	0.285680
8485.0	0.286778
8490.0	0.285189
8495.0	0.274475
8500.0	0.270005
8505.0	0.273692
8510.0	0.279309
8515.0	0.283168
8520.0	0.285962
8525.0	0.285925
8530.0	0.282583
8535.0	0.273948
8540.0	0.258127
8545.0	0.253735
8550.0	0.265971
8555.0	0.275018
8560.0	0.283288
8565.0	0.285008
8570.0	0.286087
8575.0	0.284799
8580.0	0.280766
8585.0	0.274829
8590.0	0.264067
8595.0	0.252793
8600.0	0.250306
8605.0	0.259279
8610.0	0.271181
8615.0	0.279498
8620.0	0.284287
8625.0	0.287573
8630.0	0.286856
8635.0	0.286338
8640.0	0.281676
8645.0	0.277804
8650.0	0.269458
8655.0	0.256682
8660.0	0.237084
8665.0	0.228316
8670.0	0.239257
8675.0	0.254298
8680.0	0.262843
8685.0	0.270235
8690.0	0.277516
8695.0	0.282539
8700.0	0.284073
8705.0	0.284174
8710.0	0.277839
8715.0	0.283596
8720.0	0.280767
8725.0	0.275808
8730.0	0.269673
8735.0	0.259512
8740.0	0.246847
8745.0	0.229009
8750.0	0.218496
8755.0	0.226373
8760.0	0.243132
8765.0	0.257532
8770.0	0.266325
8775.0	0.273084
8780.0	0.279191
8785.0	0.274604
8790.0	0.274939
8795.0	0.275659
8800.0	0.277358
8805.0	0.275689
8810.0	0.283718
8815.0	0.276312
8820.0	0.275647
8825.0	0.281248
8830.0	0.277759
8835.0	0.271701
8840.0	0.263536
8845.0	0.247639
8850.0	0.241965
8855.0	0.223806
8860.0	0.206907
8865.0	0.205490
8870.0	0.222924
8875.0	0.238259
8880.0	0.249270
8885.0	0.261231
8890.0	0.267794
8895.0	0.265412
8900.0	0.267435
8905.0	0.271045
8910.0	0.271142
8915.0	0.273528
8920.0	0.280429
8925.0	0.272948
8930.0	0.280552
8935.0	0.280161
8940.0	0.280712
8945.0	0.277902
8950.0	0.273739
8955.0	0.269398
8960.0	0.265160
8965.0	0.258277
8970.0	0.249648
8975.0	0.245873
8980.0	0.241439
8985.0	0.234129
8990.0	0.223623
8995.0	0.221977
9000.0	0.220272
9005.0	0.214390
9010.0	0.209945
9015.0	0.207717
9020.0	0.211450
9025.0	0.223343
9030.0	0.234445
9035.0	0.245005
9040.0	0.252999
9045.0	0.257445
9050.0	0.262840
9055.0	0.262899
9060.0	0.262518
9065.0	0.259665
9070.0	0.257987
9075.0	0.255984
9080.0	0.254676
9085.0	0.253862
9090.0	0.251839
9095.0	0.253264
9100.0	0.257221
9105.0	0.257053
9110.0	0.261065
9115.0	0.264041
9120.0	0.261180
9125.0	0.263225
9130.0	0.257342
9135.0	0.252475
9140.0	0.251696
9145.0	0.253235
9150.0	0.250387
9155.0	0.242576
9160.0	0.245816
9165.0	0.250651
9170.0	0.253140
9175.0	0.247046
9180.0	0.248596
9185.0	0.247441
9190.0	0.240678
9195.0	0.234690
9200.0	0.229126
9205.0	0.224443
9210.0	0.215025
9215.0	0.207318
9220.0	0.201475
9225.0	0.194374
9230.0	0.190973
9235.0	0.196350
9240.0	0.204166
9245.0	0.211056
9250.0	0.219031
9255.0	0.225638
9260.0	0.228475
9265.0	0.234508
9270.0	0.244772
9275.0	0.249925
9280.0	0.248717
9285.0	0.249623
9290.0	0.248748
9295.0	0.243251
9300.0	0.236909
9305.0	0.232304
9310.0	0.227318
9315.0	0.221010
9320.0	0.216820
9325.0	0.216727
9330.0	0.221338
9335.0	0.220802
9340.0	0.219328
9345.0	0.213393
9350.0	0.227356
9355.0	0.222999
9360.0	0.224611
9365.0	0.234577
9370.0	0.227680
9375.0	0.235085
9380.0	0.234429
9385.0	0.238730
9390.0	0.249480
9395.0	0.254038
9400.0	0.248912
9405.0	0.242781
9410.0	0.238835
9415.0	0.232737
9420.0	0.228388
9425.0	0.222760
9430.0	0.210919
9435.0	0.218602
9440.0	0.207870
9445.0	0.211790
9450.0	0.225157
9455.0	0.221661
9460.0	0.217307
9465.0	0.221820
9470.0	0.223775
9475.0	0.221596
9480.0	0.214485
9485.0	0.212963
9490.0	0.218806
9495.0	0.214117
9500.0	0.204990
9505.0	0.205921
9510.0	0.210033
9515.0	0.205195
9520.0	0.188097
9525.0	0.180081
9530.0	0.177512
9535.0	0.179283
9540.0	0.172703
9545.0	0.164942
9550.0	0.168364
9555.0	0.175767
9560.0	0.179106
9565.0	0.190175
9570.0	0.196482
9575.0	0.205022
9580.0	0.209433
9585.0	0.209440
9590.0	0.210170
9595.0	0.203540
9600.0	0.213078
9605.0	0.211576
9610.0	0.211642
9615.0	0.212166
9620.0	0.207939
9625.0	0.208837
9630.0	0.212405
9635.0	0.213805
9640.0	0.213752
9645.0	0.212120
9650.0	0.214383
9655.0	0.214960
9660.0	0.210843
9665.0	0.210143
9670.0	0.211318
9675.0	0.216211
9680.0	0.212783
9685.0	0.215762
9690.0	0.214026
9695.0	0.211890
9700.0	0.210853
9705.0	0.209639
9710.0	0.211730
9715.0	0.213149
9720.0	0.210439
9725.0	0.207201
9730.0	0.202945
9735.0	0.204475
9740.0	0.203321
9745.0	0.205230
9750.0	0.205230
9755.0	0.209753
9760.0	0.211071
9765.0	0.207982
9770.0	0.211290
9775.0	0.211490
9780.0	0.207655
9785.0	0.208044
9790.0	0.205890
9795.0	0.206898
9800.0	0.208006
9805.0	0.212538
9810.0	0.211901
9815.0	0.206509
9820.0	0.206125
9825.0	0.205469
9830.0	0.208315
9835.0	0.202143
9840.0	0.209274
9845.0	0.210149
9850.0	0.206650
9855.0	0.204388
9860.0	0.203980
9865.0	0.203672
9870.0	0.207104
9875.0	0.207786
9880.0	0.203337
9885.0	0.200196
9890.0	0.199245
9895.0	0.198569
9900.0	0.199893
9905.0	0.193942
9910.0	0.194480
9915.0	0.199013
9920.0	0.196895
9925.0	0.199583
9930.0	0.200535
9935.0	0.199916
9940.0	0.199683
9945.0	0.192748
9950.0	0.188488
9955.0	0.185139
9960.0	0.188144
9965.0	0.184994
9970.0	0.187610
9975.0	0.189416
9980.0	0.186516
9985.0	0.191154
9990.0	0.182692
9995.0	0.182245
10000.0	0.178647
10005.0	0.177320
10010.0	0.170040
10015.0	0.166144
10020.0	0.159202
10025.0	0.161064
10030.0	0.154773
10035.0	0.155553
10040.0	0.148779
10045.0	0.144590
10050.0	0.145691
10055.0	0.153829
10060.0	0.150342
10065.0	0.157244
10070.0	0.164504
10075.0	0.168632
10080.0	0.169710
10085.0	0.171018
10090.0	0.175074
10095.0	0.174140
10100.0	0.176636
10105.0	0.181357
10110.0	0.180568
10115.0	0.179481
10120.0	0.179657
10125.0	0.176616
10130.0	0.180016
10135.0	0.174641
10140.0	0.177958
10145.0	0.178730
10150.0	0.179911
10155.0	0.180808
10160.0	0.180727
10165.0	0.179230
10170.0	0.176907
10175.0	0.174602
10180.0	0.173160
10185.0	0.173180
10190.0	0.174281
10195.0	0.175837
10200.0	0.177221
10205.0	0.177931
10210.0	0.177964
10215.0	0.177442
10220.0	0.176487
10225.0	0.175265
10230.0	0.174121
10235.0	0.173444
10240.0	0.173625
10245.0	0.174867
10250.0	0.176621
10255.0	0.178155
10260.0	0.178735
10265.0	0.177859
10270.0	0.175955
10275.0	0.173681
10280.0	0.171697
10285.0	0.170493
10290.0	0.169885
10295.0	0.169519
10300.0	0.169042
10305.0	0.168212
10310.0	0.167231
10315.0	0.166412
10320.0	0.166069
10325.0	0.166370
10330.0	0.166911
10335.0	0.167142
10340.0	0.166515
10345.0	0.164721
10350.0	0.162409
10355.0	0.160470
10360.0	0.159793
10365.0	0.160927
10370.0	0.163048
10375.0	0.164994
10380.0	0.165600
10385.0	0.164079
10390.0	0.161150
10395.0	0.157909
10400.0	0.155452
10405.0	0.154595
10410.0	0.155038
10415.0	0.156204
10420.0	0.157513
10425.0	0.158480
10430.0	0.158998
10435.0	0.159052
10440.0	0.158627
10445.0	0.157762
10450.0	0.156711
10455.0	0.155778
10460.0	0.155270
10465.0	0.155384
10470.0	0.155878
10475.0	0.156402
10480.0	0.156605
10485.0	0.156243
10490.0	0.155495
10495.0	0.154643
10500.0	0.153973
10505.0	0.153717
10510.0	0.153904
10515.0	0.154510
10520.0	0.155515
10525.0	0.156810
10530.0	0.157955
10535.0	0.158425
10540.0	0.157696
10545.0	0.155502
10550.0	0.152622
10555.0	0.150092
10560.0	0.148949
10565.0	0.149875
10570.0	0.152129
10575.0	0.154617
10580.0	0.156242
10585.0	0.156194
10590.0	0.154814
10595.0	0.152726
10600.0	0.150557
10605.0	0.148805
10610.0	0.147460
10615.0	0.146387
10620.0	0.145451
