#-- a2v
#\*l[Angstrom]	F(\*l)/F(555.6Angstrom]
1150.0	0.048772
1155.0	0.080810
1160.0	0.045105
1165.0	0.000000
1170.0	0.000000
1175.0	0.000000
1180.0	0.000000
1185.0	0.000000
1190.0	0.000000
1195.0	0.000000
1200.0	0.000000
1205.0	0.019910
1210.0	0.040760
1215.0	0.060314
1220.0	0.042427
1225.0	0.006570
1230.0	0.000000
1235.0	0.000000
1240.0	0.000000
1245.0	0.009300
1250.0	0.027538
1255.0	0.037438
1260.0	0.031560
1265.0	0.051370
1270.0	0.129364
1275.0	0.152724
1280.0	0.206271
1285.0	0.294340
1290.0	0.284121
1295.0	0.325176
1300.0	0.312861
1305.0	0.207035
1310.0	0.205818
1315.0	0.378064
1320.0	0.516613
1325.0	0.509219
1330.0	0.469999
1335.0	0.456474
1340.0	0.602398
1345.0	0.707192
1350.0	0.625617
1355.0	0.554425
1360.0	0.585936
1365.0	0.586939
1370.0	0.577950
1375.0	0.620958
1380.0	0.617573
1385.0	0.626609
1390.0	0.653152
1395.0	0.648686
1400.0	0.655104
1405.0	0.685234
1410.0	0.670128
1415.0	0.700653
1420.0	0.744170
1425.0	0.792380
1430.0	0.784451
1435.0	0.691923
1440.0	0.770701
1445.0	0.852670
1450.0	0.920204
1455.0	0.952583
1460.0	0.935521
1465.0	0.888617
1470.0	0.850843
1475.0	0.847730
1480.0	0.864767
1485.0	0.898421
1490.0	0.993426
1495.0	1.011061
1500.0	1.095753
1505.0	1.053715
1510.0	0.918713
1515.0	0.909110
1520.0	1.002487
1525.0	0.953331
1530.0	0.868277
1535.0	0.858747
1540.0	0.983363
1545.0	1.070520
1550.0	1.069504
1555.0	1.026595
1560.0	0.991489
1565.0	1.021673
1570.0	1.045555
1575.0	1.024684
1580.0	1.167998
1585.0	1.209682
1590.0	1.158308
1595.0	1.114007
1600.0	1.152654
1605.0	1.132959
1610.0	1.100852
1615.0	1.118465
1620.0	1.127225
1625.0	1.136150
1630.0	1.100201
1635.0	1.079350
1640.0	1.086797
1645.0	1.136064
1650.0	1.111403
1655.0	0.983501
1660.0	0.927513
1665.0	1.046428
1670.0	1.013038
1675.0	0.972950
1680.0	1.074331
1685.0	1.116373
1690.0	1.120287
1695.0	1.130247
1700.0	1.110143
1705.0	1.109293
1710.0	1.096222
1715.0	1.082660
1720.0	1.056915
1725.0	1.016341
1730.0	1.061069
1735.0	1.105294
1740.0	1.133167
1745.0	1.147622
1750.0	1.146857
1755.0	1.207994
1760.0	1.180336
1765.0	1.082725
1770.0	1.078491
1775.0	1.122045
1780.0	1.151984
1785.0	1.077211
1790.0	0.944697
1795.0	1.183283
1800.0	1.260551
1805.0	1.221854
1810.0	1.203552
1815.0	1.211014
1820.0	1.208987
1825.0	1.193883
1830.0	1.147665
1835.0	1.127262
1840.0	1.099923
1845.0	1.079189
1850.0	1.098963
1855.0	1.085838
1860.0	1.077041
1865.0	1.082379
1870.0	1.108205
1875.0	1.130922
1880.0	1.130334
1885.0	1.133842
1890.0	1.110069
1895.0	1.080564
1900.0	1.042127
1905.0	1.035678
1910.0	1.036147
1915.0	1.047876
1920.0	1.053135
1925.0	1.051751
1930.0	1.033955
1935.0	1.033672
1940.0	1.067928
1945.0	1.096705
1950.0	1.086554
1955.0	1.070048
1960.0	1.061546
1965.0	1.017227
1970.0	1.036394
1975.0	1.110458
1980.0	1.046026
1985.0	1.002819
1990.0	0.973589
1995.0	0.939910
2000.0	0.987100
2005.0	0.972650
2010.0	0.949257
2015.0	0.976768
2020.0	0.937004
2025.0	0.922009
2030.0	0.965908
2035.0	0.974127
2040.0	0.927801
2045.0	0.958224
2050.0	0.952444
2055.0	0.939004
2060.0	0.853420
2065.0	0.881144
2070.0	0.910309
2075.0	0.941347
2080.0	0.989236
2085.0	0.951419
2090.0	0.961494
2095.0	0.905096
2100.0	0.882210
2105.0	0.893115
2110.0	0.887075
2115.0	0.920811
2120.0	0.897518
2125.0	0.956271
2130.0	0.948809
2135.0	0.805323
2140.0	0.757371
2145.0	0.779653
2150.0	0.813341
2155.0	0.856002
2160.0	0.861915
2165.0	0.803662
2170.0	0.803501
2175.0	0.737987
2180.0	0.736423
2185.0	0.744711
2190.0	0.800330
2195.0	0.866289
2200.0	0.852338
2205.0	0.777862
2210.0	0.733407
2215.0	0.688944
2220.0	0.673776
2225.0	0.741323
2230.0	0.733396
2235.0	0.705085
2240.0	0.727864
2245.0	0.673793
2250.0	0.712280
2255.0	0.716169
2260.0	0.690594
2265.0	0.716653
2270.0	0.741698
2275.0	0.728737
2280.0	0.754769
2285.0	0.738050
2290.0	0.760701
2295.0	0.765453
2300.0	0.751307
2305.0	0.741022
2310.0	0.763875
2315.0	0.748198
2320.0	0.677025
2325.0	0.688250
2330.0	0.745198
2335.0	0.692884
2340.0	0.659359
2345.0	0.659250
2350.0	0.637556
2355.0	0.656535
2360.0	0.661012
2365.0	0.619454
2370.0	0.636822
2375.0	0.686468
2380.0	0.691743
2385.0	0.609688
2390.0	0.570636
2395.0	0.623625
2400.0	0.659276
2405.0	0.620767
2410.0	0.579455
2415.0	0.593557
2420.0	0.654564
2425.0	0.772185
2430.0	0.788376
2435.0	0.720614
2440.0	0.714904
2445.0	0.756274
2450.0	0.736599
2455.0	0.766139
2460.0	0.785951
2465.0	0.763648
2470.0	0.717838
2475.0	0.716485
2480.0	0.734030
2485.0	0.734686
2490.0	0.723533
2495.0	0.712069
2500.0	0.788493
2505.0	0.773021
2510.0	0.748999
2515.0	0.759301
2520.0	0.738479
2525.0	0.704268
2530.0	0.664091
2535.0	0.694552
2540.0	0.651929
2545.0	0.663343
2550.0	0.711964
2555.0	0.739542
2560.0	0.761840
2565.0	0.773341
2570.0	0.842671
2575.0	0.803415
2580.0	0.635071
2585.0	0.636797
2590.0	0.748339
2595.0	0.790075
2600.0	0.739125
2605.0	0.752882
2610.0	0.776477
2615.0	0.731861
2620.0	0.782590
2625.0	0.776780
2630.0	0.750440
2635.0	0.794892
2640.0	0.829723
2645.0	0.887244
2650.0	0.932165
2655.0	0.899366
2660.0	0.843955
2665.0	0.792704
2670.0	0.795197
2675.0	0.823150
2680.0	0.840732
2685.0	0.823902
2690.0	0.801476
2695.0	0.770924
2700.0	0.779702
2705.0	0.830657
2710.0	0.792607
2715.0	0.764665
2720.0	0.781997
2725.0	0.795588
2730.0	0.836708
2735.0	0.846288
2740.0	0.813151
2745.0	0.783818
2750.0	0.745126
2755.0	0.724200
2760.0	0.758751
2765.0	0.794624
2770.0	0.819149
2775.0	0.814987
2780.0	0.803459
2785.0	0.779873
2790.0	0.800028
2795.0	0.688237
2800.0	0.560928
2805.0	0.634847
2810.0	0.779432
2815.0	0.847296
2820.0	0.847432
2825.0	0.835958
2830.0	0.820808
2835.0	0.834334
2840.0	0.862731
2845.0	0.830902
2850.0	0.825667
2855.0	0.822967
2860.0	0.819314
2865.0	0.817555
2870.0	0.809185
2875.0	0.813366
2880.0	0.823311
2885.0	0.829470
2890.0	0.813682
2895.0	0.824097
2900.0	0.856594
2905.0	0.869074
2910.0	0.888518
2915.0	0.894086
2920.0	0.902356
2925.0	0.857250
2930.0	0.865761
2935.0	0.871996
2940.0	0.873998
2945.0	0.914849
2950.0	0.877851
2955.0	0.907070
2960.0	0.916915
2965.0	0.876673
2970.0	0.872402
2975.0	0.913540
2980.0	0.942143
2985.0	0.900569
2990.0	0.890384
2995.0	0.895330
3000.0	0.889381
3005.0	0.867013
3010.0	0.902474
3015.0	0.908181
3020.0	0.870989
3025.0	0.853450
3030.0	0.901873
3035.0	0.894244
3040.0	0.894807
3045.0	0.903744
3050.0	0.906209
3055.0	0.882601
3060.0	0.867015
3065.0	0.864492
3070.0	0.856776
3075.0	0.899451
3080.0	0.924536
3085.0	0.933755
3090.0	0.933245
3095.0	0.915498
3100.0	0.877399
3105.0	0.868357
3110.0	0.855515
3115.0	0.858062
3120.0	0.826583
3125.0	0.849798
3130.0	0.842076
3135.0	0.877046
3140.0	0.927064
3145.0	0.934686
3150.0	0.933432
3155.0	0.950706
3160.0	0.935276
3165.0	0.927976
3170.0	0.968695
3175.0	0.966431
3180.0	0.919748
3185.0	0.901822
3190.0	0.893604
3195.0	0.889418
3200.0	0.910571
3205.0	0.917982
3210.0	0.914699
3215.0	0.887743
3220.0	0.854320
3225.0	0.835685
3230.0	0.839100
3235.0	0.862876
3240.0	0.883493
3245.0	0.881547
3250.0	0.875913
3255.0	0.886768
3260.0	0.901226
3265.0	0.903160
3270.0	0.896541
3275.0	0.889036
3280.0	0.882980
3285.0	0.879937
3290.0	0.883689
3295.0	0.895861
3300.0	0.907212
3305.0	0.908782
3310.0	0.903602
3315.0	0.897230
3320.0	0.893336
3325.0	0.893330
3330.0	0.891465
3335.0	0.883465
3340.0	0.878087
3345.0	0.883363
3350.0	0.891375
3355.0	0.892436
3360.0	0.885742
3365.0	0.873919
3370.0	0.864441
3375.0	0.863812
3380.0	0.869802
3385.0	0.877596
3390.0	0.880771
3395.0	0.875405
3400.0	0.869180
3405.0	0.869962
3410.0	0.874734
3415.0	0.878511
3420.0	0.879304
3425.0	0.876663
3430.0	0.873285
3435.0	0.871391
3440.0	0.868129
3445.0	0.861590
3450.0	0.858690
3455.0	0.864391
3460.0	0.867011
3465.0	0.856449
3470.0	0.845597
3475.0	0.847753
3480.0	0.854866
3485.0	0.855335
3490.0	0.844707
3495.0	0.824931
3500.0	0.816418
3505.0	0.834278
3510.0	0.842766
3515.0	0.837984
3520.0	0.842707
3525.0	0.846364
3530.0	0.847867
3535.0	0.855693
3540.0	0.852023
3545.0	0.855343
3550.0	0.856774
3555.0	0.848823
3560.0	0.833435
3565.0	0.806491
3570.0	0.799122
3575.0	0.801782
3580.0	0.811904
3585.0	0.799178
3590.0	0.797385
3595.0	0.821587
3600.0	0.835004
3605.0	0.815578
3610.0	0.765291
3615.0	0.761955
3620.0	0.785754
3625.0	0.819209
3630.0	0.818027
3635.0	0.807173
3640.0	0.826602
3645.0	0.828027
3650.0	0.824475
3655.0	0.844642
3660.0	0.851688
3665.0	0.836367
3670.0	0.828607
3675.0	0.803935
3680.0	0.792329
3685.0	0.800424
3690.0	0.824350
3695.0	0.833893
3700.0	0.858434
3705.0	0.830689
3710.0	0.840300
3715.0	0.884579
3720.0	0.884502
3725.0	0.930929
3730.0	0.975159
3735.0	0.875180
3740.0	1.055300
3745.0	1.061362
3750.0	0.866205
3755.0	1.057650
3760.0	1.245307
3765.0	1.135631
3770.0	0.910495
3775.0	1.122964
3780.0	1.506279
3785.0	1.643476
3790.0	1.443973
3795.0	1.076944
3800.0	1.051178
3805.0	1.449358
3810.0	1.814698
3815.0	1.963344
3820.0	1.902758
3825.0	1.641367
3830.0	1.238233
3835.0	0.946711
3840.0	1.183845
3845.0	1.623371
3850.0	1.936252
3855.0	2.128830
3860.0	2.211425
3865.0	2.263114
3870.0	2.178019
3875.0	1.898178
3880.0	1.539756
3885.0	1.110898
3890.0	0.950602
3895.0	1.313165
3900.0	1.705620
3905.0	2.000964
3910.0	2.228504
3915.0	2.302248
3920.0	2.352494
3925.0	2.349095
3930.0	2.077487
3935.0	1.953954
3940.0	2.268402
3945.0	2.271302
3950.0	2.153929
3955.0	1.936466
3960.0	1.600858
3965.0	1.169462
3970.0	0.870281
3975.0	1.176203
3980.0	1.617409
3985.0	1.930121
3990.0	2.121762
3995.0	2.233527
4000.0	2.281556
4005.0	2.318671
4010.0	2.362419
4015.0	2.385537
4020.0	2.398529
4025.0	2.367473
4030.0	2.353317
4035.0	2.385643
4040.0	2.404873
4045.0	2.350430
4050.0	2.351461
4055.0	2.356511
4060.0	2.318976
4065.0	2.269607
4070.0	2.194996
4075.0	2.094512
4080.0	2.004461
4085.0	1.884568
4090.0	1.640538
4095.0	1.294262
4100.0	0.950647
4105.0	1.000737
4110.0	1.377002
4115.0	1.703971
4120.0	1.904418
4125.0	1.994694
4130.0	2.033967
4135.0	2.112509
4140.0	2.171690
4145.0	2.173666
4150.0	2.194596
4155.0	2.190008
4160.0	2.200183
4165.0	2.224786
4170.0	2.188926
4175.0	2.129922
4180.0	2.123109
4185.0	2.140516
4190.0	2.155073
4195.0	2.153191
4200.0	2.115216
4205.0	2.141760
4210.0	2.161181
4215.0	2.122995
4220.0	2.117833
4225.0	2.090325
4230.0	2.065279
4235.0	2.067605
4240.0	2.105541
4245.0	2.083151
4250.0	2.053111
4255.0	2.059645
4260.0	2.038040
4265.0	2.040509
4270.0	2.009441
4275.0	1.993159
4280.0	2.052364
4285.0	2.042666
4290.0	1.994315
4295.0	1.966927
4300.0	1.909439
4305.0	1.868880
4310.0	1.859850
4315.0	1.805490
4320.0	1.721439
4325.0	1.584174
4330.0	1.387736
4335.0	1.100380
4340.0	0.828133
4345.0	0.939009
4350.0	1.238777
4355.0	1.485828
4360.0	1.650422
4365.0	1.770467
4370.0	1.826794
4375.0	1.858662
4380.0	1.897603
4385.0	1.867614
4390.0	1.890381
4395.0	1.892859
4400.0	1.901195
4405.0	1.903415
4410.0	1.917146
4415.0	1.878563
4420.0	1.879709
4425.0	1.922172
4430.0	1.909560
4435.0	1.895152
4440.0	1.895269
4445.0	1.871927
4450.0	1.907464
4455.0	1.912082
4460.0	1.885135
4465.0	1.869801
4470.0	1.837555
4475.0	1.847553
4480.0	1.786736
4485.0	1.804260
4490.0	1.816487
4495.0	1.837840
4500.0	1.845022
4505.0	1.836659
4510.0	1.821699
4515.0	1.789605
4520.0	1.762996
4525.0	1.767388
4530.0	1.765345
4535.0	1.765559
4540.0	1.785736
4545.0	1.772145
4550.0	1.693238
4555.0	1.695421
4560.0	1.725753
4565.0	1.749119
4570.0	1.738701
4575.0	1.721360
4580.0	1.708716
4585.0	1.699131
4590.0	1.698346
4595.0	1.719539
4600.0	1.724264
4605.0	1.717236
4610.0	1.714494
4615.0	1.696736
4620.0	1.697438
4625.0	1.683010
4630.0	1.651956
4635.0	1.657052
4640.0	1.690797
4645.0	1.679931
4650.0	1.668280
4655.0	1.658651
4660.0	1.662189
4665.0	1.649415
4670.0	1.641207
4675.0	1.650798
4680.0	1.661545
4685.0	1.670636
4690.0	1.665922
4695.0	1.650078
4700.0	1.621730
4705.0	1.622197
4710.0	1.595498
4715.0	1.579937
4720.0	1.580069
4725.0	1.588162
4730.0	1.573480
4735.0	1.558096
4740.0	1.570181
4745.0	1.573089
4750.0	1.552812
4755.0	1.541291
4760.0	1.533266
4765.0	1.518384
4770.0	1.517116
4775.0	1.502874
4780.0	1.514471
4785.0	1.521286
4790.0	1.530087
4795.0	1.529285
4800.0	1.510589
4805.0	1.484858
4810.0	1.455228
4815.0	1.462817
4820.0	1.458191
4825.0	1.414545
4830.0	1.376167
4835.0	1.325563
4840.0	1.270089
4845.0	1.174284
4850.0	1.024320
4855.0	0.841809
4860.0	0.668883
4865.0	0.723993
4870.0	0.906405
4875.0	1.053309
4880.0	1.171758
4885.0	1.239208
4890.0	1.287163
4895.0	1.327099
4900.0	1.344887
4905.0	1.358364
4910.0	1.384265
4915.0	1.395308
4920.0	1.368221
4925.0	1.372824
4930.0	1.400129
4935.0	1.391210
4940.0	1.399568
4945.0	1.407213
4950.0	1.407628
4955.0	1.380666
4960.0	1.370250
4965.0	1.382605
4970.0	1.377469
4975.0	1.374885
4980.0	1.356369
4985.0	1.344657
4990.0	1.361129
4995.0	1.369437
5000.0	1.344536
5005.0	1.312805
5010.0	1.310202
5015.0	1.292996
5020.0	1.280268
5025.0	1.306953
5030.0	1.317892
5035.0	1.313054
5040.0	1.308424
5045.0	1.320768
5050.0	1.306816
5055.0	1.298699
5060.0	1.294507
5065.0	1.281642
5070.0	1.272933
5075.0	1.288309
5080.0	1.288684
5085.0	1.286826
5090.0	1.292426
5095.0	1.271245
5100.0	1.263389
5105.0	1.284449
5110.0	1.282414
5115.0	1.276694
5120.0	1.257702
5125.0	1.246524
5130.0	1.246153
5135.0	1.241935
5140.0	1.242223
5145.0	1.255258
5150.0	1.251392
5155.0	1.238330
5160.0	1.228012
5165.0	1.186206
5170.0	1.160203
5175.0	1.197253
5180.0	1.203329
5185.0	1.179898
5190.0	1.182476
5195.0	1.182377
5200.0	1.187093
5205.0	1.182728
5210.0	1.186563
5215.0	1.199009
5220.0	1.192398
5225.0	1.161335
5230.0	1.149402
5235.0	1.152893
5240.0	1.167848
5245.0	1.177416
5250.0	1.167306
5255.0	1.163700
5260.0	1.161237
5265.0	1.134498
5270.0	1.119901
5275.0	1.110913
5280.0	1.125080
5285.0	1.138808
5290.0	1.153442
5295.0	1.152383
5300.0	1.147702
5305.0	1.136179
5310.0	1.123265
5315.0	1.106792
5320.0	1.106297
5325.0	1.114831
5330.0	1.106132
5335.0	1.102239
5340.0	1.100799
5345.0	1.114951
5350.0	1.127091
5355.0	1.131550
5360.0	1.110391
5365.0	1.090629
5370.0	1.088778
5375.0	1.092763
5380.0	1.091070
5385.0	1.090017
5390.0	1.096021
5395.0	1.077974
5400.0	1.064363
5405.0	1.062417
5410.0	1.068424
5415.0	1.066843
5420.0	1.062284
5425.0	1.063374
5430.0	1.065694
5435.0	1.072760
5440.0	1.080754
5445.0	1.059627
5450.0	1.057590
5455.0	1.055028
5460.0	1.057603
5465.0	1.047450
5470.0	1.047183
5475.0	1.039770
5480.0	1.024468
5485.0	1.028427
5490.0	1.022418
5495.0	1.027056
5500.0	1.030776
5505.0	1.027155
5510.0	1.026147
5515.0	1.026965
5520.0	1.015918
5525.0	1.005870
5530.0	0.996693
5535.0	1.004769
5540.0	1.009369
5545.0	1.012038
5550.0	1.017048
5555.0	1.015598
5560.0	1.007968
5565.0	0.997170
5570.0	0.983368
5575.0	0.983610
5580.0	0.988414
5585.0	0.984235
5590.0	0.975111
5595.0	0.972183
5600.0	0.975562
5605.0	0.975594
5610.0	0.980124
5615.0	0.974577
5620.0	0.973209
5625.0	0.960996
5630.0	0.957428
5635.0	0.959275
5640.0	0.958803
5645.0	0.954701
5650.0	0.950173
5655.0	0.944928
5660.0	0.933942
5665.0	0.936396
5670.0	0.939003
5675.0	0.944512
5680.0	0.938255
5685.0	0.932773
5690.0	0.929260
5695.0	0.927146
5700.0	0.924326
5705.0	0.916490
5710.0	0.920086
5715.0	0.926873
5720.0	0.922968
5725.0	0.924114
5730.0	0.918862
5735.0	0.910236
5740.0	0.907275
5745.0	0.894578
5750.0	0.895186
5755.0	0.898467
5760.0	0.899320
5765.0	0.903765
5770.0	0.900227
5775.0	0.892424
5780.0	0.882067
5785.0	0.882008
5790.0	0.880930
5795.0	0.880678
5800.0	0.878065
5805.0	0.882329
5810.0	0.885737
5815.0	0.886285
5820.0	0.879277
5825.0	0.873311
5830.0	0.863257
5835.0	0.860542
5840.0	0.866550
5845.0	0.877440
5850.0	0.873284
5855.0	0.867625
5860.0	0.876510
5865.0	0.876446
5870.0	0.877808
5875.0	0.880880
5880.0	0.863586
5885.0	0.834537
5890.0	0.802316
5895.0	0.801516
5900.0	0.826145
5905.0	0.846572
5910.0	0.841184
5915.0	0.839019
5920.0	0.835549
5925.0	0.828654
5930.0	0.831200
5935.0	0.821018
5940.0	0.817945
5945.0	0.816001
5950.0	0.819064
5955.0	0.815577
5960.0	0.812228
5965.0	0.820608
5970.0	0.811386
5975.0	0.806256
5980.0	0.802269
5985.0	0.801364
5990.0	0.803982
5995.0	0.804600
6000.0	0.796518
6005.0	0.788527
6010.0	0.791600
6015.0	0.788329
6020.0	0.783457
6025.0	0.798538
6030.0	0.786868
6035.0	0.785658
6040.0	0.780235
6045.0	0.782560
6050.0	0.779211
6055.0	0.768785
6060.0	0.770084
6065.0	0.771618
6070.0	0.767251
6075.0	0.765687
6080.0	0.765389
6085.0	0.758615
6090.0	0.754554
6095.0	0.761649
6100.0	0.761886
6105.0	0.751945
6110.0	0.761076
6115.0	0.763734
6120.0	0.753619
6125.0	0.745308
6130.0	0.736318
6135.0	0.730493
6140.0	0.727402
6145.0	0.732158
6150.0	0.739791
6155.0	0.738359
6160.0	0.730541
6165.0	0.733316
6170.0	0.731078
6175.0	0.730098
6180.0	0.737211
6185.0	0.733722
6190.0	0.733340
6195.0	0.729231
6200.0	0.726465
6205.0	0.727627
6210.0	0.726098
6215.0	0.717556
6220.0	0.711469
6225.0	0.712477
6230.0	0.707334
6235.0	0.704662
6240.0	0.705276
6245.0	0.706000
6250.0	0.702399
6255.0	0.711166
6260.0	0.708149
6265.0	0.699534
6270.0	0.695186
6275.0	0.686028
6280.0	0.671626
6285.0	0.685007
6290.0	0.683555
6295.0	0.682651
6300.0	0.684047
6305.0	0.682078
6310.0	0.686096
6315.0	0.680733
6320.0	0.679375
6325.0	0.681957
6330.0	0.681146
6335.0	0.678683
6340.0	0.674824
6345.0	0.668204
6350.0	0.665075
6355.0	0.679040
6360.0	0.674615
6365.0	0.673226
6370.0	0.665573
6375.0	0.661959
6380.0	0.664231
6385.0	0.665459
6390.0	0.668131
6395.0	0.666690
6400.0	0.665006
6405.0	0.661004
6410.0	0.653698
6415.0	0.655716
6420.0	0.654597
6425.0	0.656806
6430.0	0.656409
6435.0	0.651375
6440.0	0.652526
6445.0	0.647449
6450.0	0.642168
6455.0	0.637008
6460.0	0.638215
6465.0	0.641654
6470.0	0.642378
6475.0	0.643483
6480.0	0.642186
6485.0	0.638401
6490.0	0.636552
6495.0	0.623021
6500.0	0.625846
6505.0	0.633200
6510.0	0.629060
6515.0	0.619061
6520.0	0.617035
6525.0	0.619056
6530.0	0.612346
6535.0	0.599738
6540.0	0.583280
6545.0	0.558883
6550.0	0.524521
6555.0	0.475142
6560.0	0.401993
6565.0	0.377366
6570.0	0.452615
6575.0	0.511641
6580.0	0.545588
6585.0	0.566418
6590.0	0.577915
6595.0	0.587645
6600.0	0.595540
6605.0	0.596479
6610.0	0.598459
6615.0	0.599998
6620.0	0.598513
6625.0	0.601953
6630.0	0.606518
6635.0	0.603826
6640.0	0.600234
6645.0	0.600461
6650.0	0.601201
6655.0	0.595920
6660.0	0.594233
6665.0	0.591049
6670.0	0.589359
6675.0	0.586680
6680.0	0.586981
6685.0	0.592762
6690.0	0.592749
6695.0	0.592045
6700.0	0.587120
6705.0	0.586241
6710.0	0.583251
6715.0	0.580081
6720.0	0.579103
6725.0	0.579666
6730.0	0.579726
6735.0	0.575939
6740.0	0.572173
6745.0	0.570686
6750.0	0.570126
6755.0	0.571722
6760.0	0.576524
6765.0	0.578651
6770.0	0.571459
6775.0	0.569201
6780.0	0.568162
6785.0	0.567452
6790.0	0.568642
6795.0	0.565872
6800.0	0.564842
6805.0	0.561197
6810.0	0.557704
6815.0	0.557398
6820.0	0.556132
6825.0	0.556879
6830.0	0.557212
6835.0	0.557286
6840.0	0.565286
6845.0	0.563109
6850.0	0.559453
6855.0	0.554986
6860.0	0.550376
6865.0	0.546197
6870.0	0.542636
6875.0	0.539784
6880.0	0.537732
6885.0	0.536504
6890.0	0.535852
6895.0	0.535460
6900.0	0.535014
6905.0	0.534287
6910.0	0.533415
6915.0	0.532624
6920.0	0.532139
6925.0	0.532090
6930.0	0.532224
6935.0	0.532190
6940.0	0.531638
6945.0	0.530329
6950.0	0.528463
6955.0	0.526350
6960.0	0.524299
6965.0	0.522553
6970.0	0.521091
6975.0	0.524488
6980.0	0.520911
6985.0	0.520729
6990.0	0.517325
6995.0	0.516107
7000.0	0.511973
7005.0	0.507516
7010.0	0.509194
7015.0	0.510073
7020.0	0.511490
7025.0	0.508317
7030.0	0.507455
7035.0	0.510578
7040.0	0.509144
7045.0	0.508200
7050.0	0.506307
7055.0	0.505756
7060.0	0.505816
7065.0	0.504568
7070.0	0.503803
7075.0	0.501473
7080.0	0.501185
7085.0	0.504641
7090.0	0.505955
7095.0	0.502601
7100.0	0.498237
7105.0	0.494968
7110.0	0.491960
7115.0	0.491464
7120.0	0.492767
7125.0	0.495329
7130.0	0.497788
7135.0	0.496225
7140.0	0.490622
7145.0	0.494676
7150.0	0.496409
7155.0	0.496651
7160.0	0.494615
7165.0	0.487228
7170.0	0.478721
7175.0	0.474826
7180.0	0.471457
7185.0	0.464140
7190.0	0.465386
7195.0	0.465650
7200.0	0.462013
7205.0	0.459662
7210.0	0.472661
7215.0	0.479326
7220.0	0.477642
7225.0	0.474334
7230.0	0.472046
7235.0	0.466026
7240.0	0.464259
7245.0	0.461887
7250.0	0.462011
7255.0	0.457930
7260.0	0.459540
7265.0	0.458415
7270.0	0.458569
7275.0	0.451483
7280.0	0.452910
7285.0	0.455204
7290.0	0.447794
7295.0	0.449187
7300.0	0.448139
7305.0	0.447555
7310.0	0.447086
7315.0	0.444609
7320.0	0.447341
7325.0	0.452642
7330.0	0.449198
7335.0	0.444522
7340.0	0.448161
7345.0	0.446825
7350.0	0.444296
7355.0	0.445231
7360.0	0.446773
7365.0	0.446045
7370.0	0.441920
7375.0	0.442545
7380.0	0.443919
7385.0	0.440821
7390.0	0.442457
7395.0	0.443473
7400.0	0.444191
7405.0	0.443419
7410.0	0.438608
7415.0	0.440157
7420.0	0.442572
7425.0	0.440056
7430.0	0.439806
7435.0	0.440769
7440.0	0.438747
7445.0	0.436900
7450.0	0.438074
7455.0	0.438488
7460.0	0.437643
7465.0	0.434480
7470.0	0.433517
7475.0	0.431269
7480.0	0.429573
7485.0	0.428858
7490.0	0.427357
7495.0	0.425856
7500.0	0.426143
7505.0	0.425469
7510.0	0.423105
7515.0	0.420945
7520.0	0.421861
7525.0	0.420047
7530.0	0.419348
7535.0	0.417649
7540.0	0.415088
7545.0	0.412794
7550.0	0.410009
7555.0	0.408920
7560.0	0.409922
7565.0	0.413427
7570.0	0.417914
7575.0	0.421380
7580.0	0.421824
7585.0	0.417876
7590.0	0.410703
7595.0	0.402106
7600.0	0.393887
7605.0	0.387540
7610.0	0.383338
7615.0	0.381247
7620.0	0.381236
7625.0	0.383147
7630.0	0.386335
7635.0	0.390028
7640.0	0.393458
7645.0	0.395956
7650.0	0.397264
7655.0	0.397225
7660.0	0.395680
7665.0	0.392678
7670.0	0.389080
7675.0	0.385955
7680.0	0.384370
7685.0	0.385031
7690.0	0.387210
7695.0	0.389816
7700.0	0.391760
7705.0	0.392234
7710.0	0.391559
7715.0	0.390339
7720.0	0.389175
7725.0	0.388524
7730.0	0.388262
7735.0	0.388920
7740.0	0.388545
7745.0	0.386608
7750.0	0.386180
7755.0	0.385583
7760.0	0.384669
7765.0	0.383087
7770.0	0.377850
7775.0	0.370136
7780.0	0.375355
7785.0	0.380213
7790.0	0.379940
7795.0	0.380397
7800.0	0.380121
7805.0	0.381261
7810.0	0.380532
7815.0	0.380784
7820.0	0.380216
7825.0	0.379250
7830.0	0.377150
7835.0	0.374943
7840.0	0.374064
7845.0	0.373224
7850.0	0.371863
7855.0	0.372743
7860.0	0.372844
7865.0	0.371648
7870.0	0.371071
7875.0	0.369612
7880.0	0.367924
7885.0	0.369082
7890.0	0.368397
7895.0	0.365189
7900.0	0.364032
7905.0	0.363976
7910.0	0.361808
7915.0	0.359146
7920.0	0.358258
7925.0	0.358565
7930.0	0.358530
7935.0	0.359294
7940.0	0.359517
7945.0	0.357787
7950.0	0.358447
7955.0	0.358571
7960.0	0.356687
7965.0	0.356897
7970.0	0.355242
7975.0	0.354533
7980.0	0.353634
7985.0	0.352538
7990.0	0.351244
7995.0	0.349922
8000.0	0.348358
8005.0	0.348563
8010.0	0.348984
8015.0	0.350220
8020.0	0.350770
8025.0	0.349522
8030.0	0.348024
8035.0	0.347419
8040.0	0.346604
8045.0	0.345202
8050.0	0.345397
8055.0	0.345014
8060.0	0.343733
8065.0	0.342505
8070.0	0.342179
8075.0	0.340024
8080.0	0.338580
8085.0	0.336162
8090.0	0.336757
8095.0	0.337020
8100.0	0.335536
8105.0	0.337022
8110.0	0.336947
8115.0	0.337472
8120.0	0.338035
8125.0	0.338174
8130.0	0.337896
8135.0	0.336011
8140.0	0.335370
8145.0	0.333989
8150.0	0.330983
8155.0	0.328122
8160.0	0.324131
8165.0	0.321727
8170.0	0.320666
8175.0	0.320830
8180.0	0.316598
8185.0	0.317527
8190.0	0.318301
8195.0	0.317545
8200.0	0.318371
8205.0	0.321151
8210.0	0.321533
8215.0	0.318316
8220.0	0.316071
8225.0	0.312672
8230.0	0.308028
8235.0	0.314156
8240.0	0.320014
8245.0	0.319494
8250.0	0.320804
8255.0	0.319580
8260.0	0.320373
8265.0	0.320660
8270.0	0.319090
8275.0	0.315480
8280.0	0.313282
8285.0	0.311817
8290.0	0.309653
8295.0	0.308856
8300.0	0.309073
8305.0	0.308893
8310.0	0.310038
8315.0	0.311116
8320.0	0.308988
8325.0	0.308171
8330.0	0.306930
8335.0	0.304051
8340.0	0.304605
8345.0	0.307467
8350.0	0.309018
8355.0	0.309772
8360.0	0.310964
8365.0	0.310209
8370.0	0.309776
8375.0	0.307272
8380.0	0.305267
8385.0	0.304236
8390.0	0.302078
8395.0	0.302282
8400.0	0.303347
8405.0	0.304982
8410.0	0.305588
8415.0	0.306587
8420.0	0.307695
8425.0	0.308701
8430.0	0.307273
8435.0	0.304233
8440.0	0.301513
8445.0	0.298223
8450.0	0.296814
8455.0	0.299631
8460.0	0.299003
8465.0	0.297359
8470.0	0.299293
8475.0	0.302911
8480.0	0.305626
8485.0	0.303997
8490.0	0.301268
8495.0	0.294632
8500.0	0.287593
8505.0	0.289990
8510.0	0.295255
8515.0	0.299155
8520.0	0.299416
8525.0	0.297259
8530.0	0.293493
8535.0	0.287277
8540.0	0.275292
8545.0	0.269381
8550.0	0.279064
8555.0	0.286296
8560.0	0.293131
8565.0	0.296428
8570.0	0.296317
8575.0	0.296345
8580.0	0.293009
8585.0	0.288007
8590.0	0.283527
8595.0	0.277375
8600.0	0.275051
8605.0	0.281405
8610.0	0.289966
8615.0	0.296527
8620.0	0.301689
8625.0	0.303742
8630.0	0.302371
8635.0	0.300920
8640.0	0.297590
8645.0	0.290705
8650.0	0.282994
8655.0	0.274113
8660.0	0.260309
8665.0	0.250990
8670.0	0.256870
8675.0	0.265860
8680.0	0.272203
8685.0	0.279268
8690.0	0.286264
8695.0	0.291777
8700.0	0.296948
8705.0	0.297952
8710.0	0.298996
8715.0	0.296851
8720.0	0.293244
8725.0	0.287666
8730.0	0.281313
8735.0	0.273928
8740.0	0.264992
8745.0	0.256095
8750.0	0.249138
8755.0	0.250820
8760.0	0.261296
8765.0	0.269685
8770.0	0.276516
8775.0	0.284291
8780.0	0.288916
8785.0	0.294053
8790.0	0.296558
8795.0	0.298560
8800.0	0.299733
8805.0	0.297169
8810.0	0.292659
8815.0	0.291733
8820.0	0.289115
8825.0	0.285817
8830.0	0.284049
8835.0	0.280352
8840.0	0.275836
8845.0	0.269398
8850.0	0.259709
8855.0	0.247529
8860.0	0.235692
8865.0	0.228469
8870.0	0.236294
8875.0	0.245613
8880.0	0.253558
8885.0	0.261610
8890.0	0.268869
8895.0	0.274927
8900.0	0.277191
8905.0	0.280093
8910.0	0.279331
8915.0	0.278569
8920.0	0.279659
8925.0	0.278251
8930.0	0.278519
8935.0	0.282255
8940.0	0.280582
8945.0	0.282075
8950.0	0.277386
8955.0	0.277280
8960.0	0.277868
8965.0	0.275418
8970.0	0.275074
8975.0	0.273241
8980.0	0.270096
8985.0	0.260273
8990.0	0.247017
8995.0	0.242287
9000.0	0.233039
9005.0	0.225389
9010.0	0.217162
9015.0	0.212319
9020.0	0.218545
9025.0	0.230059
9030.0	0.241438
9035.0	0.252015
9040.0	0.258410
9045.0	0.263606
9050.0	0.265932
9055.0	0.266370
9060.0	0.263329
9065.0	0.260478
9070.0	0.259459
9075.0	0.258820
9080.0	0.257227
9085.0	0.258179
9090.0	0.257253
9095.0	0.260921
9100.0	0.262483
9105.0	0.263552
9110.0	0.261777
9115.0	0.261008
9120.0	0.259622
9125.0	0.261181
9130.0	0.259028
9135.0	0.257685
9140.0	0.261384
9145.0	0.264399
9150.0	0.260856
9155.0	0.257629
9160.0	0.260097
9165.0	0.260397
9170.0	0.258108
9175.0	0.251188
9180.0	0.251365
9185.0	0.252491
9190.0	0.252041
9195.0	0.250441
9200.0	0.246507
9205.0	0.241606
9210.0	0.232758
9215.0	0.223182
9220.0	0.214587
9225.0	0.207476
9230.0	0.199898
9235.0	0.205144
9240.0	0.215702
9245.0	0.220112
9250.0	0.228434
9255.0	0.233204
9260.0	0.235196
9265.0	0.237176
9270.0	0.241031
9275.0	0.243887
9280.0	0.244945
9285.0	0.247661
9290.0	0.248347
9295.0	0.247662
9300.0	0.243777
9305.0	0.242105
9310.0	0.237791
9315.0	0.232936
9320.0	0.227144
9325.0	0.227660
9330.0	0.230554
9335.0	0.228717
9340.0	0.223593
9345.0	0.215854
9350.0	0.225635
9355.0	0.219910
9360.0	0.217041
9365.0	0.225382
9370.0	0.220424
9375.0	0.228246
9380.0	0.228368
9385.0	0.232123
9390.0	0.238634
9395.0	0.240326
9400.0	0.236961
9405.0	0.232033
9410.0	0.227852
9415.0	0.227403
9420.0	0.226859
9425.0	0.223447
9430.0	0.213257
9435.0	0.218936
9440.0	0.212050
9445.0	0.215221
9450.0	0.226488
9455.0	0.224131
9460.0	0.221419
9465.0	0.222250
9470.0	0.225099
9475.0	0.221626
9480.0	0.214275
9485.0	0.216916
9490.0	0.219944
9495.0	0.212966
9500.0	0.205801
9505.0	0.212663
9510.0	0.220410
9515.0	0.213031
9520.0	0.203276
9525.0	0.196397
9530.0	0.195799
9535.0	0.192779
9540.0	0.182866
9545.0	0.173395
9550.0	0.173125
9555.0	0.177094
9560.0	0.184732
9565.0	0.185835
9570.0	0.194175
9575.0	0.204347
9580.0	0.207115
9585.0	0.208477
9590.0	0.207020
9595.0	0.210207
9600.0	0.212880
9605.0	0.211880
9610.0	0.213653
9615.0	0.216268
9620.0	0.211593
9625.0	0.214525
9630.0	0.216501
9635.0	0.216441
9640.0	0.219032
9645.0	0.216702
9650.0	0.220433
9655.0	0.219676
9660.0	0.218719
9665.0	0.219064
9670.0	0.220341
9675.0	0.224965
9680.0	0.224257
9685.0	0.223564
9690.0	0.222683
9695.0	0.222222
9700.0	0.220911
9705.0	0.217282
9710.0	0.219722
9715.0	0.218118
9720.0	0.223053
9725.0	0.222834
9730.0	0.219733
9735.0	0.220700
9740.0	0.222272
9745.0	0.221419
9750.0	0.221547
9755.0	0.216362
9760.0	0.219063
9765.0	0.217024
9770.0	0.218631
9775.0	0.217259
9780.0	0.217642
9785.0	0.215866
9790.0	0.216717
9795.0	0.211435
9800.0	0.210549
9805.0	0.204163
9810.0	0.213694
9815.0	0.212695
9820.0	0.211184
9825.0	0.213394
9830.0	0.212887
9835.0	0.212950
9840.0	0.212530
9845.0	0.214193
9850.0	0.213638
9855.0	0.213426
9860.0	0.212964
9865.0	0.213452
9870.0	0.208556
9875.0	0.214428
9880.0	0.216248
9885.0	0.218465
9890.0	0.215080
9895.0	0.210873
9900.0	0.207168
9905.0	0.212492
9910.0	0.206399
9915.0	0.207758
9920.0	0.212929
9925.0	0.208376
9930.0	0.210928
9935.0	0.211714
9940.0	0.212459
9945.0	0.210168
9950.0	0.207974
9955.0	0.209151
9960.0	0.200101
9965.0	0.204665
9970.0	0.207624
9975.0	0.203638
9980.0	0.203584
9985.0	0.204590
9990.0	0.202702
9995.0	0.202051
10000.0	0.201354
10005.0	0.202054
10010.0	0.200288
10015.0	0.195880
10020.0	0.195883
10025.0	0.191770
10030.0	0.186419
10035.0	0.182098
10040.0	0.172153
10045.0	0.169861
10050.0	0.163784
10055.0	0.164556
10060.0	0.171586
10065.0	0.174467
10070.0	0.183896
10075.0	0.183251
10080.0	0.186879
10085.0	0.189167
10090.0	0.186306
10095.0	0.182511
10100.0	0.184701
10105.0	0.187505
10110.0	0.192297
10115.0	0.197308
10120.0	0.195559
10125.0	0.188139
10130.0	0.187930
10135.0	0.190760
10140.0	0.189075
10145.0	0.184670
10150.0	0.189390
10155.0	0.192035
10160.0	0.187443
10165.0	0.195987
10170.0	0.179920
10175.0	0.175923
10180.0	0.173138
10185.0	0.172538
10190.0	0.173812
10195.0	0.176326
10200.0	0.179450
10205.0	0.182593
10210.0	0.185347
10215.0	0.187343
10220.0	0.188215
10225.0	0.187752
10230.0	0.186357
10235.0	0.184591
10240.0	0.183012
10245.0	0.182021
10250.0	0.181376
10255.0	0.180677
10260.0	0.179525
10265.0	0.177705
10270.0	0.175756
10275.0	0.174401
10280.0	0.174364
10285.0	0.176089
10290.0	0.178897
10295.0	0.181829
10300.0	0.183926
10305.0	0.184466
10310.0	0.183666
10315.0	0.181983
10320.0	0.179872
10325.0	0.177752
10330.0	0.175904
10335.0	0.174571
10340.0	0.173997
10345.0	0.174311
10350.0	0.175177
10355.0	0.176143
10360.0	0.176756
10365.0	0.176681
10370.0	0.176043
10375.0	0.175083
10380.0	0.174042
10385.0	0.173145
10390.0	0.172542
10395.0	0.172367
10400.0	0.172755
10405.0	0.173719
10410.0	0.174805
10415.0	0.175435
10420.0	0.175035
10425.0	0.173271
10430.0	0.170781
10435.0	0.168442
10440.0	0.167134
10445.0	0.167408
10450.0	0.168506
10455.0	0.169343
10460.0	0.168832
10465.0	0.166350
10470.0	0.163123
10475.0	0.160837
10480.0	0.161179
10485.0	0.165125
10490.0	0.170810
10495.0	0.175659
10500.0	0.177097
10505.0	0.173464
10510.0	0.166763
10515.0	0.159913
10520.0	0.155832
10525.0	0.156546
10530.0	0.160508
10535.0	0.165278
10540.0	0.168415
10545.0	0.168184
10550.0	0.165662
10555.0	0.162631
10560.0	0.160874
10565.0	0.161632
10570.0	0.163979
10575.0	0.166450
10580.0	0.167579
10585.0	0.166363
10590.0	0.163652
10595.0	0.160756
10600.0	0.158986
10605.0	0.159333
10610.0	0.161509
10615.0	0.164904
10620.0	0.168909
