#-- a3v
#\*l[Angstrom]	F(\*l)/F(555.6Angstrom]
1150.0	0.000000
1155.0	0.031472
1160.0	0.041861
1165.0	0.000000
1170.0	0.000000
1175.0	0.000000
1180.0	0.000000
1185.0	0.000000
1190.0	0.000000
1195.0	0.000000
1200.0	0.000000
1205.0	0.007763
1210.0	0.032597
1215.0	0.049138
1220.0	0.035107
1225.0	0.012297
1230.0	0.008853
1235.0	0.009024
1240.0	0.015564
1245.0	0.005788
1250.0	0.008141
1255.0	0.010380
1260.0	0.009908
1265.0	0.015776
1270.0	0.022560
1275.0	0.028252
1280.0	0.044197
1285.0	0.056652
1290.0	0.049619
1295.0	0.068418
1300.0	0.064254
1305.0	0.048627
1310.0	0.054869
1315.0	0.098457
1320.0	0.123269
1325.0	0.117805
1330.0	0.110760
1335.0	0.118982
1340.0	0.156111
1345.0	0.176466
1350.0	0.156372
1355.0	0.135375
1360.0	0.147126
1365.0	0.152137
1370.0	0.143659
1375.0	0.162518
1380.0	0.163347
1385.0	0.167811
1390.0	0.166477
1395.0	0.160943
1400.0	0.156764
1405.0	0.169611
1410.0	0.172429
1415.0	0.190395
1420.0	0.210136
1425.0	0.208977
1430.0	0.204553
1435.0	0.189658
1440.0	0.214908
1445.0	0.234664
1450.0	0.254696
1455.0	0.263577
1460.0	0.255723
1465.0	0.243311
1470.0	0.229754
1475.0	0.239523
1480.0	0.250504
1485.0	0.269883
1490.0	0.302688
1495.0	0.308387
1500.0	0.348699
1505.0	0.320290
1510.0	0.277526
1515.0	0.284740
1520.0	0.315430
1525.0	0.285902
1530.0	0.278463
1535.0	0.308885
1540.0	0.360926
1545.0	0.388254
1550.0	0.392958
1555.0	0.390193
1560.0	0.389230
1565.0	0.460690
1570.0	0.467526
1575.0	0.504887
1580.0	0.591349
1585.0	0.592767
1590.0	0.557535
1595.0	0.548230
1600.0	0.598859
1605.0	0.610749
1610.0	0.607378
1615.0	0.603066
1620.0	0.603360
1625.0	0.627023
1630.0	0.610169
1635.0	0.601846
1640.0	0.641903
1645.0	0.695675
1650.0	0.676760
1655.0	0.579837
1660.0	0.590097
1665.0	0.707265
1670.0	0.631649
1675.0	0.632344
1680.0	0.712219
1685.0	0.723268
1690.0	0.726292
1695.0	0.707626
1700.0	0.719414
1705.0	0.746126
1710.0	0.767696
1715.0	0.789036
1720.0	0.787056
1725.0	0.760873
1730.0	0.820652
1735.0	0.830157
1740.0	0.848679
1745.0	0.859384
1750.0	0.900829
1755.0	0.960421
1760.0	0.913352
1765.0	0.844615
1770.0	0.888232
1775.0	0.952519
1780.0	0.987326
1785.0	0.937554
1790.0	0.885167
1795.0	0.989087
1800.0	1.077985
1805.0	1.014981
1810.0	0.973626
1815.0	1.002433
1820.0	1.021064
1825.0	1.014267
1830.0	0.973733
1835.0	0.944397
1840.0	0.898711
1845.0	0.857289
1850.0	0.873393
1855.0	0.883804
1860.0	0.905337
1865.0	0.919287
1870.0	0.948111
1875.0	0.952265
1880.0	0.959722
1885.0	0.984240
1890.0	0.967093
1895.0	0.939858
1900.0	0.902296
1905.0	0.896680
1910.0	0.899496
1915.0	0.920315
1920.0	0.939878
1925.0	0.920474
1930.0	0.885326
1935.0	0.891460
1940.0	0.951299
1945.0	0.986250
1950.0	0.983661
1955.0	0.962449
1960.0	0.935132
1965.0	0.956161
1970.0	0.963449
1975.0	0.995171
1980.0	0.974115
1985.0	0.960774
1990.0	0.938083
1995.0	0.891940
2000.0	0.906586
2005.0	0.931401
2010.0	0.883368
2015.0	0.911852
2020.0	0.900239
2025.0	0.902125
2030.0	0.915106
2035.0	0.938406
2040.0	0.913104
2045.0	0.880299
2050.0	0.951679
2055.0	0.991395
2060.0	0.897929
2065.0	0.874686
2070.0	0.919249
2075.0	0.956698
2080.0	0.998548
2085.0	1.014821
2090.0	1.000340
2095.0	0.964088
2100.0	0.923543
2105.0	0.911347
2110.0	0.927912
2115.0	0.909672
2120.0	0.905545
2125.0	0.931691
2130.0	0.931987
2135.0	0.821748
2140.0	0.734855
2145.0	0.813165
2150.0	0.866613
2155.0	0.869463
2160.0	0.869573
2165.0	0.821737
2170.0	0.800069
2175.0	0.771982
2180.0	0.756810
2185.0	0.807072
2190.0	0.853384
2195.0	0.853090
2200.0	0.840772
2205.0	0.830116
2210.0	0.794878
2215.0	0.745113
2220.0	0.717050
2225.0	0.726328
2230.0	0.743144
2235.0	0.750740
2240.0	0.781806
2245.0	0.744625
2250.0	0.703536
2255.0	0.707747
2260.0	0.686971
2265.0	0.685037
2270.0	0.717806
2275.0	0.725609
2280.0	0.758137
2285.0	0.763654
2290.0	0.783798
2295.0	0.752984
2300.0	0.699532
2305.0	0.675568
2310.0	0.708516
2315.0	0.728642
2320.0	0.689717
2325.0	0.694214
2330.0	0.693517
2335.0	0.692790
2340.0	0.642624
2345.0	0.604273
2350.0	0.581407
2355.0	0.620933
2360.0	0.657986
2365.0	0.641200
2370.0	0.621508
2375.0	0.649716
2380.0	0.651033
2385.0	0.600068
2390.0	0.549994
2395.0	0.573416
2400.0	0.596802
2405.0	0.582153
2410.0	0.544306
2415.0	0.547222
2420.0	0.612505
2425.0	0.677521
2430.0	0.692488
2435.0	0.657627
2440.0	0.627139
2445.0	0.660394
2450.0	0.674038
2455.0	0.678716
2460.0	0.697739
2465.0	0.697330
2470.0	0.643590
2475.0	0.622886
2480.0	0.635535
2485.0	0.628828
2490.0	0.623372
2495.0	0.631040
2500.0	0.695555
2505.0	0.701033
2510.0	0.684577
2515.0	0.674473
2520.0	0.654566
2525.0	0.611149
2530.0	0.571473
2535.0	0.573292
2540.0	0.580326
2545.0	0.578060
2550.0	0.589949
2555.0	0.612680
2560.0	0.655936
2565.0	0.661054
2570.0	0.712949
2575.0	0.734788
2580.0	0.626161
2585.0	0.594806
2590.0	0.669941
2595.0	0.726037
2600.0	0.705974
2605.0	0.667520
2610.0	0.651613
2615.0	0.633780
2620.0	0.672468
2625.0	0.701797
2630.0	0.674764
2635.0	0.679337
2640.0	0.754484
2645.0	0.826649
2650.0	0.865225
2655.0	0.864785
2660.0	0.833859
2665.0	0.766190
2670.0	0.730603
2675.0	0.734791
2680.0	0.768082
2685.0	0.770655
2690.0	0.750917
2695.0	0.710296
2700.0	0.696371
2705.0	0.730903
2710.0	0.723487
2715.0	0.693514
2720.0	0.703630
2725.0	0.697509
2730.0	0.727741
2735.0	0.755193
2740.0	0.724671
2745.0	0.654234
2750.0	0.618530
2755.0	0.608333
2760.0	0.645140
2765.0	0.690645
2770.0	0.703078
2775.0	0.697383
2780.0	0.715559
2785.0	0.673098
2790.0	0.652657
2795.0	0.586834
2800.0	0.447880
2805.0	0.461069
2810.0	0.598645
2815.0	0.721918
2820.0	0.780668
2825.0	0.785518
2830.0	0.760652
2835.0	0.746353
2840.0	0.746970
2845.0	0.726763
2850.0	0.724001
2855.0	0.703783
2860.0	0.708963
2865.0	0.742947
2870.0	0.736801
2875.0	0.729170
2880.0	0.719359
2885.0	0.747995
2890.0	0.747739
2895.0	0.741196
2900.0	0.753384
2905.0	0.784272
2910.0	0.815969
2915.0	0.832476
2920.0	0.838894
2925.0	0.795901
2930.0	0.780415
2935.0	0.787630
2940.0	0.777172
2945.0	0.798871
2950.0	0.778604
2955.0	0.791762
2960.0	0.820901
2965.0	0.823829
2970.0	0.803839
2975.0	0.798581
2980.0	0.829048
2985.0	0.809438
2990.0	0.815796
2995.0	0.836693
3000.0	0.826645
3005.0	0.794143
3010.0	0.835852
3015.0	0.835393
3020.0	0.798415
3025.0	0.793957
3030.0	0.792117
3035.0	0.809455
3040.0	0.818849
3045.0	0.804329
3050.0	0.789985
3055.0	0.807367
3060.0	0.782458
3065.0	0.767501
3070.0	0.784333
3075.0	0.804126
3080.0	0.831064
3085.0	0.832743
3090.0	0.830733
3095.0	0.809201
3100.0	0.775977
3105.0	0.794708
3110.0	0.830839
3115.0	0.825617
3120.0	0.797305
3125.0	0.796812
3130.0	0.805727
3135.0	0.819487
3140.0	0.867560
3145.0	0.859897
3150.0	0.852049
3155.0	0.870719
3160.0	0.821461
3165.0	0.814684
3170.0	0.848516
3175.0	0.879850
3180.0	0.855968
3185.0	0.838113
3190.0	0.860774
3195.0	0.856167
3200.0	0.876807
3205.0	0.876997
3210.0	0.873128
3215.0	0.864385
3220.0	0.855409
3225.0	0.852046
3230.0	0.859508
3235.0	0.878275
3240.0	0.890532
3245.0	0.882512
3250.0	0.874941
3255.0	0.887280
3260.0	0.899454
3265.0	0.889104
3270.0	0.864267
3275.0	0.839981
3280.0	0.828876
3285.0	0.838436
3290.0	0.857970
3295.0	0.873718
3300.0	0.877824
3305.0	0.867519
3310.0	0.854457
3315.0	0.850192
3320.0	0.851442
3325.0	0.851640
3330.0	0.845900
3335.0	0.833364
3340.0	0.827572
3345.0	0.839199
3350.0	0.853045
3355.0	0.853001
3360.0	0.845202
3365.0	0.839006
3370.0	0.834428
3375.0	0.830420
3380.0	0.831012
3385.0	0.838994
3390.0	0.847116
3395.0	0.848565
3400.0	0.848327
3405.0	0.852450
3410.0	0.859438
3415.0	0.866063
3420.0	0.869718
3425.0	0.868628
3430.0	0.863738
3435.0	0.856412
3440.0	0.846998
3445.0	0.836579
3450.0	0.830196
3455.0	0.831407
3460.0	0.833865
3465.0	0.831363
3470.0	0.828144
3475.0	0.828679
3480.0	0.827904
3485.0	0.821022
3490.0	0.813834
3495.0	0.812771
3500.0	0.816180
3505.0	0.820852
3510.0	0.823904
3515.0	0.807517
3520.0	0.809341
3525.0	0.808258
3530.0	0.814745
3535.0	0.811617
3540.0	0.800713
3545.0	0.810908
3550.0	0.814938
3555.0	0.814761
3560.0	0.816630
3565.0	0.801318
3570.0	0.783382
3575.0	0.771784
3580.0	0.765851
3585.0	0.767994
3590.0	0.772593
3595.0	0.781289
3600.0	0.784247
3605.0	0.791597
3610.0	0.779237
3615.0	0.781573
3620.0	0.780098
3625.0	0.790291
3630.0	0.782748
3635.0	0.783447
3640.0	0.784719
3645.0	0.778428
3650.0	0.780389
3655.0	0.788142
3660.0	0.804102
3665.0	0.799540
3670.0	0.782884
3675.0	0.783038
3680.0	0.779111
3685.0	0.767642
3690.0	0.773424
3695.0	0.795562
3700.0	0.795463
3705.0	0.771574
3710.0	0.833982
3715.0	0.878834
3720.0	0.868714
3725.0	0.905853
3730.0	0.917093
3735.0	0.889750
3740.0	0.999053
3745.0	0.961444
3750.0	0.900343
3755.0	1.067010
3760.0	1.151274
3765.0	1.070042
3770.0	0.962722
3775.0	1.165335
3780.0	1.433434
3785.0	1.485155
3790.0	1.303058
3795.0	1.036171
3800.0	1.055854
3805.0	1.369198
3810.0	1.607129
3815.0	1.700500
3820.0	1.689239
3825.0	1.455490
3830.0	1.137518
3835.0	0.961174
3840.0	1.196093
3845.0	1.554736
3850.0	1.817418
3855.0	1.962554
3860.0	2.026053
3865.0	2.077668
3870.0	1.999287
3875.0	1.780175
3880.0	1.483611
3885.0	1.148365
3890.0	1.062189
3895.0	1.324905
3900.0	1.633009
3905.0	1.875839
3910.0	2.054314
3915.0	2.130157
3920.0	2.110272
3925.0	2.073843
3930.0	1.731571
3935.0	1.679722
3940.0	1.940196
3945.0	2.000699
3950.0	1.952223
3955.0	1.742299
3960.0	1.398793
3965.0	1.049805
3970.0	0.917796
3975.0	1.217155
3980.0	1.566812
3985.0	1.789913
3990.0	1.975971
3995.0	2.107779
4000.0	2.150726
4005.0	2.178254
4010.0	2.204294
4015.0	2.228800
4020.0	2.241989
4025.0	2.222133
4030.0	2.209704
4035.0	2.222958
4040.0	2.219635
4045.0	2.206004
4050.0	2.193592
4055.0	2.161935
4060.0	2.121491
4065.0	2.070059
4070.0	2.026020
4075.0	1.940941
4080.0	1.844878
4085.0	1.695484
4090.0	1.481755
4095.0	1.192498
4100.0	0.962537
4105.0	1.086450
4110.0	1.385843
4115.0	1.625731
4120.0	1.786811
4125.0	1.868513
4130.0	1.925321
4135.0	2.005296
4140.0	2.036113
4145.0	2.072924
4150.0	2.067378
4155.0	2.048235
4160.0	2.056211
4165.0	2.065502
4170.0	2.003869
4175.0	1.977400
4180.0	1.992810
4185.0	2.007920
4190.0	2.032908
4195.0	2.033768
4200.0	2.011110
4205.0	1.984106
4210.0	2.004058
4215.0	1.997361
4220.0	1.965173
4225.0	1.942423
4230.0	1.947577
4235.0	1.950138
4240.0	1.950071
4245.0	1.898411
4250.0	1.892576
4255.0	1.912675
4260.0	1.907999
4265.0	1.944465
4270.0	1.916386
4275.0	1.910413
4280.0	1.913732
4285.0	1.877266
4290.0	1.836078
4295.0	1.811160
4300.0	1.763486
4305.0	1.747649
4310.0	1.718626
4315.0	1.638936
4320.0	1.572482
4325.0	1.447026
4330.0	1.284130
4335.0	1.029660
4340.0	0.866950
4345.0	0.999144
4350.0	1.211004
4355.0	1.427093
4360.0	1.596056
4365.0	1.680200
4370.0	1.718956
4375.0	1.747316
4380.0	1.747298
4385.0	1.747666
4390.0	1.745734
4395.0	1.759506
4400.0	1.757351
4405.0	1.755130
4410.0	1.749709
4415.0	1.735605
4420.0	1.744238
4425.0	1.779311
4430.0	1.780816
4435.0	1.755517
4440.0	1.739853
4445.0	1.729688
4450.0	1.735467
4455.0	1.753612
4460.0	1.746646
4465.0	1.733662
4470.0	1.713036
4475.0	1.699998
4480.0	1.659120
4485.0	1.684115
4490.0	1.695319
4495.0	1.707584
4500.0	1.741309
4505.0	1.729274
4510.0	1.719125
4515.0	1.692978
4520.0	1.680895
4525.0	1.672508
4530.0	1.656939
4535.0	1.650510
4540.0	1.681875
4545.0	1.623021
4550.0	1.608256
4555.0	1.612818
4560.0	1.628229
4565.0	1.640859
4570.0	1.643155
4575.0	1.618727
4580.0	1.591730
4585.0	1.586063
4590.0	1.597830
4595.0	1.618860
4600.0	1.618382
4605.0	1.622546
4610.0	1.620857
4615.0	1.599559
4620.0	1.577905
4625.0	1.607436
4630.0	1.566189
4635.0	1.581225
4640.0	1.586752
4645.0	1.578565
4650.0	1.573241
4655.0	1.581182
4660.0	1.583099
4665.0	1.551314
4670.0	1.542487
4675.0	1.571982
4680.0	1.568931
4685.0	1.566686
4690.0	1.558487
4695.0	1.551594
4700.0	1.514979
4705.0	1.505634
4710.0	1.512652
4715.0	1.507412
4720.0	1.505862
4725.0	1.504305
4730.0	1.479247
4735.0	1.470812
4740.0	1.482942
4745.0	1.493977
4750.0	1.482133
4755.0	1.469887
4760.0	1.450533
4765.0	1.439854
4770.0	1.445316
4775.0	1.441393
4780.0	1.435974
4785.0	1.430755
4790.0	1.429353
4795.0	1.423725
4800.0	1.400051
4805.0	1.396119
4810.0	1.399069
4815.0	1.384185
4820.0	1.357366
4825.0	1.333590
4830.0	1.313216
4835.0	1.276366
4840.0	1.210964
4845.0	1.117995
4850.0	0.991662
4855.0	0.803120
4860.0	0.675596
4865.0	0.763575
4870.0	0.916890
4875.0	1.068485
4880.0	1.155220
4885.0	1.208567
4890.0	1.250382
4895.0	1.294282
4900.0	1.321496
4905.0	1.350362
4910.0	1.341130
4915.0	1.337983
4920.0	1.296569
4925.0	1.310098
4930.0	1.352908
4935.0	1.348401
4940.0	1.353239
4945.0	1.364887
4950.0	1.359601
4955.0	1.333151
4960.0	1.333148
4965.0	1.345992
4970.0	1.342445
4975.0	1.331579
4980.0	1.297250
4985.0	1.304159
4990.0	1.325833
4995.0	1.320738
5000.0	1.314877
5005.0	1.291420
5010.0	1.282075
5015.0	1.257889
5020.0	1.245882
5025.0	1.277605
5030.0	1.280784
5035.0	1.266238
5040.0	1.265678
5045.0	1.277787
5050.0	1.275157
5055.0	1.261395
5060.0	1.272289
5065.0	1.273519
5070.0	1.267770
5075.0	1.254615
5080.0	1.254345
5085.0	1.261924
5090.0	1.267360
5095.0	1.253285
5100.0	1.246670
5105.0	1.255950
5110.0	1.251811
5115.0	1.244183
5120.0	1.246151
5125.0	1.228732
5130.0	1.221265
5135.0	1.224696
5140.0	1.217186
5145.0	1.222857
5150.0	1.230227
5155.0	1.217005
5160.0	1.197622
5165.0	1.146335
5170.0	1.135291
5175.0	1.179649
5180.0	1.182136
5185.0	1.159261
5190.0	1.159262
5195.0	1.161842
5200.0	1.169829
5205.0	1.165390
5210.0	1.164745
5215.0	1.169717
5220.0	1.176307
5225.0	1.148112
5230.0	1.135890
5235.0	1.140577
5240.0	1.160112
5245.0	1.166042
5250.0	1.154256
5255.0	1.145429
5260.0	1.122590
5265.0	1.086746
5270.0	1.080381
5275.0	1.096710
5280.0	1.107653
5285.0	1.119535
5290.0	1.145080
5295.0	1.146402
5300.0	1.123427
5305.0	1.118343
5310.0	1.112939
5315.0	1.098021
5320.0	1.102417
5325.0	1.091555
5330.0	1.090644
5335.0	1.080001
5340.0	1.076255
5345.0	1.093123
5350.0	1.092588
5355.0	1.106341
5360.0	1.094428
5365.0	1.064195
5370.0	1.063048
5375.0	1.079755
5380.0	1.077138
5385.0	1.074673
5390.0	1.074124
5395.0	1.061375
5400.0	1.047881
5405.0	1.046845
5410.0	1.052648
5415.0	1.060693
5420.0	1.064301
5425.0	1.051041
5430.0	1.053520
5435.0	1.063238
5440.0	1.069718
5445.0	1.062622
5450.0	1.059383
5455.0	1.053775
5460.0	1.052551
5465.0	1.046415
5470.0	1.042282
5475.0	1.034138
5480.0	1.032239
5485.0	1.034982
5490.0	1.036765
5495.0	1.038644
5500.0	1.040503
5505.0	1.023395
5510.0	1.017495
5515.0	1.030066
5520.0	1.026663
5525.0	1.005417
5530.0	1.004170
5535.0	1.010756
5540.0	1.004763
5545.0	1.002463
5550.0	1.013167
5555.0	1.006590
5560.0	0.995430
5565.0	0.998650
5570.0	0.994369
5575.0	1.000479
5580.0	1.000760
5585.0	0.981703
5590.0	0.970234
5595.0	0.976518
5600.0	0.976698
5605.0	0.977057
5610.0	0.982112
5615.0	0.974374
5620.0	0.969137
5625.0	0.970444
5630.0	0.969616
5635.0	0.968472
5640.0	0.968958
5645.0	0.968758
5650.0	0.966210
5655.0	0.953169
5660.0	0.947240
5665.0	0.951082
5670.0	0.950007
5675.0	0.946071
5680.0	0.941873
5685.0	0.932247
5690.0	0.930288
5695.0	0.930613
5700.0	0.937220
5705.0	0.927812
5710.0	0.920582
5715.0	0.916694
5720.0	0.917083
5725.0	0.918799
5730.0	0.925168
5735.0	0.929383
5740.0	0.921376
5745.0	0.913643
5750.0	0.911950
5755.0	0.909897
5760.0	0.902384
5765.0	0.896754
5770.0	0.894403
5775.0	0.898141
5780.0	0.890772
5785.0	0.888100
5790.0	0.892429
5795.0	0.892513
5800.0	0.889786
5805.0	0.889991
5810.0	0.891367
5815.0	0.892118
5820.0	0.896324
5825.0	0.888817
5830.0	0.891279
5835.0	0.886817
5840.0	0.886942
5845.0	0.883055
5850.0	0.879879
5855.0	0.874315
5860.0	0.871487
5865.0	0.875394
5870.0	0.882080
5875.0	0.879754
5880.0	0.870492
5885.0	0.840382
5890.0	0.806979
5895.0	0.813136
5900.0	0.836872
5905.0	0.857398
5910.0	0.860701
5915.0	0.854257
5920.0	0.850916
5925.0	0.843739
5930.0	0.840917
5935.0	0.840258
5940.0	0.835483
5945.0	0.826961
5950.0	0.823756
5955.0	0.825235
5960.0	0.823643
5965.0	0.820050
5970.0	0.817163
5975.0	0.817751
5980.0	0.814592
5985.0	0.805955
5990.0	0.808758
5995.0	0.822520
6000.0	0.816725
6005.0	0.802876
6010.0	0.802427
6015.0	0.802368
6020.0	0.797680
6025.0	0.797389
6030.0	0.801041
6035.0	0.796292
6040.0	0.792911
6045.0	0.789720
6050.0	0.786111
6055.0	0.790319
6060.0	0.792703
6065.0	0.788747
6070.0	0.789452
6075.0	0.786411
6080.0	0.782614
6085.0	0.782292
6090.0	0.783543
6095.0	0.776367
6100.0	0.770069
6105.0	0.768203
6110.0	0.776321
6115.0	0.775744
6120.0	0.774961
6125.0	0.768445
6130.0	0.768193
6135.0	0.758633
6140.0	0.748698
6145.0	0.743202
6150.0	0.740239
6155.0	0.740071
6160.0	0.744194
6165.0	0.743319
6170.0	0.741588
6175.0	0.750634
6180.0	0.744948
6185.0	0.745673
6190.0	0.747573
6195.0	0.748721
6200.0	0.749317
6205.0	0.749683
6210.0	0.746502
6215.0	0.740547
6220.0	0.741090
6225.0	0.735343
6230.0	0.726734
6235.0	0.722945
6240.0	0.723031
6245.0	0.721956
6250.0	0.720790
6255.0	0.724869
6260.0	0.721286
6265.0	0.715986
6270.0	0.712621
6275.0	0.696687
6280.0	0.686605
6285.0	0.698825
6290.0	0.702796
6295.0	0.703532
6300.0	0.699042
6305.0	0.701490
6310.0	0.701856
6315.0	0.693802
6320.0	0.692214
6325.0	0.697624
6330.0	0.698720
6335.0	0.701550
6340.0	0.696759
6345.0	0.684816
6350.0	0.688593
6355.0	0.693605
6360.0	0.691600
6365.0	0.680171
6370.0	0.673071
6375.0	0.680378
6380.0	0.676680
6385.0	0.678874
6390.0	0.681304
6395.0	0.678803
6400.0	0.676026
6405.0	0.670525
6410.0	0.669275
6415.0	0.662098
6420.0	0.662332
6425.0	0.664428
6430.0	0.664139
6435.0	0.662233
6440.0	0.659265
6445.0	0.659744
6450.0	0.652956
6455.0	0.642377
6460.0	0.644330
6465.0	0.649912
6470.0	0.653359
6475.0	0.650633
6480.0	0.647936
6485.0	0.643833
6490.0	0.638866
6495.0	0.631956
6500.0	0.638145
6505.0	0.641561
6510.0	0.637244
6515.0	0.629432
6520.0	0.633505
6525.0	0.628235
6530.0	0.615201
6535.0	0.601087
6540.0	0.584222
6545.0	0.561773
6550.0	0.518567
6555.0	0.460086
6560.0	0.392355
6565.0	0.403167
6570.0	0.472718
6575.0	0.531106
6580.0	0.567227
6585.0	0.585633
6590.0	0.597577
6595.0	0.605922
6600.0	0.612190
6605.0	0.613878
6610.0	0.617210
6615.0	0.615510
6620.0	0.614487
6625.0	0.620492
6630.0	0.620637
6635.0	0.618260
6640.0	0.620385
6645.0	0.612300
6650.0	0.609583
6655.0	0.608402
6660.0	0.608244
6665.0	0.610659
6670.0	0.608603
6675.0	0.602716
6680.0	0.601768
6685.0	0.600981
6690.0	0.605932
6695.0	0.604711
6700.0	0.599619
6705.0	0.600849
6710.0	0.597102
6715.0	0.592800
6720.0	0.586278
6725.0	0.587230
6730.0	0.590073
6735.0	0.594392
6740.0	0.594522
6745.0	0.593370
6750.0	0.586871
6755.0	0.583870
6760.0	0.588121
6765.0	0.589795
6770.0	0.584305
6775.0	0.584198
6780.0	0.582157
6785.0	0.579127
6790.0	0.575825
6795.0	0.575463
6800.0	0.576670
6805.0	0.577358
6810.0	0.581520
6815.0	0.582239
6820.0	0.580441
6825.0	0.582077
6830.0	0.584143
6835.0	0.578716
6840.0	0.575162
6845.0	0.574161
6850.0	0.573160
6855.0	0.572159
6860.0	0.571158
6865.0	0.570158
6870.0	0.569157
6875.0	0.568156
6880.0	0.567155
6885.0	0.566154
6890.0	0.565154
6895.0	0.564153
6900.0	0.563152
6905.0	0.562151
6910.0	0.561150
6915.0	0.560150
6920.0	0.559149
6925.0	0.558148
6930.0	0.557147
6935.0	0.556146
6940.0	0.555146
6945.0	0.554145
6950.0	0.553144
6955.0	0.552143
6960.0	0.551142
6965.0	0.550142
6970.0	0.549141
6975.0	0.541400
6980.0	0.542352
6985.0	0.537550
6990.0	0.533709
6995.0	0.532900
7000.0	0.525985
7005.0	0.523833
7010.0	0.528134
7015.0	0.524552
7020.0	0.524903
7025.0	0.525710
7030.0	0.525335
7035.0	0.528338
7040.0	0.521257
7045.0	0.523368
7050.0	0.524924
7055.0	0.520041
7060.0	0.518653
7065.0	0.519151
7070.0	0.515072
7075.0	0.516989
7080.0	0.512886
7085.0	0.508892
7090.0	0.505161
7095.0	0.505880
7100.0	0.505242
7105.0	0.503068
7110.0	0.499812
7115.0	0.496585
7120.0	0.496995
7125.0	0.505008
7130.0	0.512842
7135.0	0.515283
7140.0	0.511972
7145.0	0.503575
7150.0	0.501636
7155.0	0.505696
7160.0	0.503881
7165.0	0.498941
7170.0	0.491667
7175.0	0.485768
7180.0	0.479477
7185.0	0.474177
7190.0	0.475375
7195.0	0.476777
7200.0	0.475512
7205.0	0.481013
7210.0	0.491667
7215.0	0.500703
7220.0	0.496688
7225.0	0.490153
7230.0	0.484639
7235.0	0.480105
7240.0	0.476417
7245.0	0.478571
7250.0	0.478276
7255.0	0.480265
7260.0	0.480300
7265.0	0.469095
7270.0	0.468938
7275.0	0.467789
7280.0	0.468733
7285.0	0.471798
7290.0	0.464805
7295.0	0.463226
7300.0	0.459375
7305.0	0.462299
7310.0	0.462965
7315.0	0.465812
7320.0	0.464088
7325.0	0.465355
7330.0	0.461357
7335.0	0.460809
7340.0	0.462599
7345.0	0.467196
7350.0	0.464877
7355.0	0.460440
7360.0	0.456791
7365.0	0.456413
7370.0	0.450888
7375.0	0.446293
7380.0	0.450662
7385.0	0.448119
7390.0	0.445712
7395.0	0.444784
7400.0	0.444661
7405.0	0.441549
7410.0	0.438446
7415.0	0.439580
7420.0	0.443291
7425.0	0.450314
7430.0	0.452973
7435.0	0.452710
7440.0	0.450303
7445.0	0.446467
7450.0	0.448485
7455.0	0.449105
7460.0	0.446709
7465.0	0.446172
7470.0	0.447612
7475.0	0.447329
7480.0	0.446204
7485.0	0.445016
7490.0	0.443051
7495.0	0.441926
7500.0	0.442315
7505.0	0.440549
7510.0	0.437438
7515.0	0.437333
7520.0	0.441253
7525.0	0.439918
7530.0	0.438268
7535.0	0.436450
7540.0	0.437417
7545.0	0.437616
7550.0	0.435546
7555.0	0.434656
7560.0	0.433766
7565.0	0.432876
7570.0	0.431986
7575.0	0.431096
7580.0	0.430206
7585.0	0.429316
7590.0	0.428426
7595.0	0.427536
7600.0	0.426646
7605.0	0.425756
7610.0	0.424867
7615.0	0.423977
7620.0	0.423087
7625.0	0.422197
7630.0	0.421307
7635.0	0.420417
7640.0	0.419527
7645.0	0.418637
7650.0	0.417747
7655.0	0.416857
7660.0	0.415967
7665.0	0.415077
7670.0	0.414187
7675.0	0.413297
7680.0	0.412407
7685.0	0.411518
7690.0	0.410628
7695.0	0.409738
7700.0	0.408848
7705.0	0.407958
7710.0	0.407068
7715.0	0.406178
7720.0	0.405288
7725.0	0.404398
7730.0	0.403508
7735.0	0.403445
7740.0	0.400565
7745.0	0.400544
7750.0	0.402899
7755.0	0.401711
7760.0	0.400313
7765.0	0.394542
7770.0	0.379984
7775.0	0.374866
7780.0	0.388992
7785.0	0.396087
7790.0	0.398295
7795.0	0.396497
7800.0	0.393102
7805.0	0.394385
7810.0	0.394111
7815.0	0.393691
7820.0	0.394647
7825.0	0.391788
7830.0	0.387227
7835.0	0.386659
7840.0	0.388141
7845.0	0.388046
7850.0	0.389413
7855.0	0.388866
7860.0	0.385492
7865.0	0.383653
7870.0	0.382991
7875.0	0.379995
7880.0	0.378576
7885.0	0.380636
7890.0	0.376863
7895.0	0.370934
7900.0	0.372185
7905.0	0.376768
7910.0	0.378198
7915.0	0.376957
7920.0	0.372637
7925.0	0.370756
7930.0	0.368990
7935.0	0.367813
7940.0	0.367960
7945.0	0.367497
7950.0	0.368685
7955.0	0.369148
7960.0	0.369600
7965.0	0.368927
7970.0	0.367560
7975.0	0.369106
7980.0	0.368401
7985.0	0.368054
7990.0	0.367939
7995.0	0.364638
8000.0	0.361674
8005.0	0.361401
8010.0	0.361916
8015.0	0.362273
8020.0	0.363041
8025.0	0.362032
8030.0	0.359509
8035.0	0.359498
8040.0	0.357491
8045.0	0.356902
8050.0	0.358552
8055.0	0.358426
8060.0	0.358584
8065.0	0.358037
8070.0	0.356671
8075.0	0.355662
8080.0	0.354726
8085.0	0.353717
8090.0	0.354117
8095.0	0.352750
8100.0	0.352205
8105.0	0.351659
8110.0	0.351113
8115.0	0.350567
8120.0	0.350022
8125.0	0.349476
8130.0	0.348930
8135.0	0.348385
8140.0	0.347839
8145.0	0.347293
8150.0	0.346747
8155.0	0.346202
8160.0	0.345656
8165.0	0.345110
8170.0	0.344564
8175.0	0.344019
8180.0	0.343473
8185.0	0.342927
8190.0	0.342382
8195.0	0.341836
8200.0	0.341290
8205.0	0.340744
8210.0	0.340199
8215.0	0.339653
8220.0	0.339107
8225.0	0.338561
8230.0	0.338016
8235.0	0.337470
8240.0	0.336924
8245.0	0.336379
8250.0	0.335833
8255.0	0.335287
8260.0	0.334741
8265.0	0.334196
8270.0	0.333650
8275.0	0.333104
8280.0	0.332558
8285.0	0.332013
8290.0	0.331467
8295.0	0.330921
8300.0	0.330376
8305.0	0.329830
8310.0	0.329284
8315.0	0.328738
8320.0	0.328193
8325.0	0.327647
8330.0	0.327101
8335.0	0.326555
8340.0	0.326010
8345.0	0.325464
8350.0	0.324918
8355.0	0.324373
8360.0	0.323827
8365.0	0.323281
8370.0	0.322735
8375.0	0.322190
8380.0	0.321644
8385.0	0.321098
8390.0	0.320552
8395.0	0.320007
8400.0	0.319461
8405.0	0.318915
8410.0	0.319241
8415.0	0.319241
8420.0	0.320072
8425.0	0.323120
8430.0	0.322416
8435.0	0.314564
8440.0	0.307574
8445.0	0.305051
8450.0	0.311242
8455.0	0.315016
8460.0	0.314900
8465.0	0.313292
8470.0	0.309960
8475.0	0.312619
8480.0	0.314543
8485.0	0.315037
8490.0	0.309214
8495.0	0.295518
8500.0	0.293027
8505.0	0.302224
8510.0	0.307059
8515.0	0.309140
8520.0	0.310832
8525.0	0.311358
8530.0	0.308036
8535.0	0.292743
8540.0	0.271826
8545.0	0.272362
8550.0	0.291776
8555.0	0.301036
8560.0	0.306828
8565.0	0.309897
8570.0	0.309382
8575.0	0.308268
8580.0	0.306155
8585.0	0.300016
8590.0	0.292659
8595.0	0.284155
8600.0	0.283167
8605.0	0.289590
8610.0	0.298030
8615.0	0.303958
8620.0	0.308057
8625.0	0.310864
8630.0	0.310223
8635.0	0.307448
8640.0	0.303748
8645.0	0.297431
8650.0	0.291608
8655.0	0.277355
8660.0	0.254588
8665.0	0.250446
8670.0	0.267338
8675.0	0.280519
8680.0	0.286394
8685.0	0.290136
8690.0	0.294656
8695.0	0.298146
8700.0	0.300384
8705.0	0.301614
8710.0	0.301425
8715.0	0.298787
8720.0	0.297736
8725.0	0.293762
8730.0	0.289411
8735.0	0.281254
8740.0	0.270449
8745.0	0.253726
8750.0	0.246547
8755.0	0.258803
8760.0	0.276461
8765.0	0.294498
8770.0	0.295728
8775.0	0.294845
8780.0	0.296727
8785.0	0.295844
8790.0	0.296558
8795.0	0.297221
8800.0	0.296674
8805.0	0.294645
8810.0	0.296117
8815.0	0.297378
8820.0	0.299922
8825.0	0.302487
8830.0	0.296674
8835.0	0.289947
8840.0	0.281654
8845.0	0.274422
8850.0	0.264552
8855.0	0.246841
8860.0	0.231642
8865.0	0.234438
8870.0	0.250268
8875.0	0.264247
8880.0	0.276524
8885.0	0.286405
8890.0	0.285364
8895.0	0.286625
8900.0	0.293090
8905.0	0.294923
8910.0	0.294099
8915.0	0.297342
8920.0	0.297406
8925.0	0.291584
8930.0	0.297094
8935.0	0.295842
8940.0	0.294110
8945.0	0.291833
8950.0	0.288765
8955.0	0.284616
8960.0	0.279098
8965.0	0.272060
8970.0	0.263914
8975.0	0.255209
8980.0	0.246497
8985.0	0.238398
8990.0	0.231813
8995.0	0.227712
9000.0	0.227066
9005.0	0.230438
9010.0	0.236765
9015.0	0.244580
9020.0	0.252413
9025.0	0.259060
9030.0	0.264370
9035.0	0.268459
9040.0	0.271440
9045.0	0.273395
9050.0	0.274275
9055.0	0.273997
9060.0	0.272481
9065.0	0.269839
9070.0	0.266972
9075.0	0.264975
9080.0	0.264942
9085.0	0.267559
9090.0	0.271873
9095.0	0.276518
9100.0	0.280131
9105.0	0.281680
9110.0	0.281465
9115.0	0.280116
9120.0	0.278265
9125.0	0.276434
9130.0	0.274705
9135.0	0.273051
9140.0	0.271444
9145.0	0.269861
9150.0	0.268293
9155.0	0.266735
9160.0	0.265183
9165.0	0.263598
9170.0	0.261806
9175.0	0.259600
9180.0	0.256771
9185.0	0.253124
9190.0	0.248505
9195.0	0.242772
9200.0	0.235782
9205.0	0.227726
9210.0	0.220120
9215.0	0.214815
9220.0	0.213660
9225.0	0.217780
9230.0	0.225399
9235.0	0.234016
9240.0	0.241129
9245.0	0.244938
9250.0	0.246445
9255.0	0.247353
9260.0	0.249365
9265.0	0.253578
9270.0	0.258656
9275.0	0.262660
9280.0	0.263647
9285.0	0.260267
9290.0	0.253524
9295.0	0.245011
9300.0	0.236324
9305.0	0.228868
9310.0	0.223301
9315.0	0.220095
9320.0	0.219719
9325.0	0.222286
9330.0	0.226471
9335.0	0.230591
9340.0	0.232961
9345.0	0.232439
9350.0	0.230032
9355.0	0.227291
9360.0	0.225763
9365.0	0.226593
9370.0	0.229301
9375.0	0.233006
9380.0	0.236823
9385.0	0.239936
9390.0	0.241787
9395.0	0.241889
9400.0	0.239750
9405.0	0.235193
9410.0	0.229284
9415.0	0.223401
9420.0	0.218923
9425.0	0.216861
9430.0	0.216753
9435.0	0.217769
9440.0	0.219081
9445.0	0.220039
9450.0	0.220707
9455.0	0.221332
9460.0	0.222157
9465.0	0.223268
9470.0	0.224116
9475.0	0.223991
9480.0	0.222185
9485.0	0.218247
9490.0	0.212755
9495.0	0.206546
9500.0	0.200458
9505.0	0.195160
9510.0	0.190656
9515.0	0.186779
9520.0	0.183367
9525.0	0.180326
9530.0	0.177848
9535.0	0.176198
9540.0	0.175641
9545.0	0.176433
9550.0	0.178809
9555.0	0.182995
9560.0	0.189219
9565.0	0.197431
9570.0	0.206477
9575.0	0.214928
9580.0	0.221353
9585.0	0.224714
9590.0	0.225535
9595.0	0.224732
9600.0	0.223220
9605.0	0.221797
9610.0	0.220781
9615.0	0.220373
9620.0	0.220771
9625.0	0.222094
9630.0	0.224127
9635.0	0.226573
9640.0	0.229135
9645.0	0.231573
9650.0	0.233876
9655.0	0.236094
9660.0	0.238271
9665.0	0.240377
9670.0	0.242058
9675.0	0.242878
9680.0	0.242405
9685.0	0.240384
9690.0	0.237279
9695.0	0.233733
9700.0	0.230389
9705.0	0.227792
9710.0	0.226083
9715.0	0.225305
9720.0	0.225502
9725.0	0.226619
9730.0	0.228220
9735.0	0.229773
9740.0	0.230745
9745.0	0.230745
9750.0	0.229940
9755.0	0.228640
9760.0	0.227152
9765.0	0.225784
9770.0	0.224835
9775.0	0.224605
9780.0	0.225390
9785.0	0.227265
9790.0	0.229409
9795.0	0.230775
9800.0	0.230318
9805.0	0.227415
9810.0	0.223129
9815.0	0.218949
9820.0	0.216361
9825.0	0.216392
9830.0	0.218226
9835.0	0.220588
9840.0	0.222203
9845.0	0.222124
9850.0	0.220710
9855.0	0.218652
9860.0	0.216637
9865.0	0.215217
9870.0	0.214390
9875.0	0.214017
9880.0	0.213959
9885.0	0.214082
9890.0	0.214267
9895.0	0.214402
9900.0	0.214375
9905.0	0.214112
9910.0	0.213704
9915.0	0.213280
9920.0	0.212971
9925.0	0.212842
9930.0	0.212709
9935.0	0.212323
9940.0	0.211437
9945.0	0.209940
9950.0	0.208274
9955.0	0.207021
9960.0	0.206760
9965.0	0.207818
9970.0	0.209501
9975.0	0.210863
9980.0	0.210954
9985.0	0.209083
9990.0	0.205573
9995.0	0.201003
10000.0	0.195952
10005.0	0.190872
10010.0	0.185701
10015.0	0.180253
10020.0	0.174339
10025.0	0.168015
10030.0	0.162309
10035.0	0.158492
10040.0	0.157834
10045.0	0.161132
10050.0	0.167285
10055.0	0.174716
10060.0	0.181851
10065.0	0.187404
10070.0	0.191253
10075.0	0.193567
10080.0	0.194515
10085.0	0.194322
10090.0	0.193437
10095.0	0.192365
10100.0	0.191610
10105.0	0.191570
10110.0	0.192206
10115.0	0.193372
10120.0	0.194919
10125.0	0.196661
10130.0	0.198244
10135.0	0.199274
10140.0	0.199358
10145.0	0.198263
10150.0	0.196412
10155.0	0.194389
10160.0	0.192779
10165.0	0.192034
10170.0	0.192075
10175.0	0.192690
10180.0	0.193666
10185.0	0.194755
10190.0	0.195556
10195.0	0.195633
10200.0	0.194548
10205.0	0.192074
10210.0	0.188819
10215.0	0.185600
10220.0	0.183233
10225.0	0.182317
10230.0	0.182567
10235.0	0.183480
10240.0	0.184553
10245.0	0.185383
10250.0	0.185960
10255.0	0.186378
10260.0	0.186727
10265.0	0.187066
10270.0	0.187321
10275.0	0.187386
10280.0	0.187155
10285.0	0.186570
10290.0	0.185783
10295.0	0.184994
10300.0	0.184405
10305.0	0.184167
10310.0	0.184238
10315.0	0.184527
10320.0	0.184943
10325.0	0.185397
10330.0	0.185814
10335.0	0.186120
10340.0	0.186241
10345.0	0.186115
10350.0	0.185729
10355.0	0.185079
10360.0	0.184165
10365.0	0.183027
10370.0	0.181888
10375.0	0.181017
10380.0	0.180678
10385.0	0.181038
10390.0	0.181845
10395.0	0.182747
10400.0	0.183391
10405.0	0.183497
10410.0	0.183082
10415.0	0.182235
10420.0	0.181046
10425.0	0.179656
10430.0	0.178418
10435.0	0.177733
10440.0	0.178005
10445.0	0.179412
10450.0	0.181224
10455.0	0.182489
10460.0	0.182251
10465.0	0.179915
10470.0	0.176310
10475.0	0.172625
10480.0	0.170047
10485.0	0.169427
10490.0	0.170266
10495.0	0.171728
10500.0	0.172975
10505.0	0.173330
10510.0	0.172737
10515.0	0.171302
10520.0	0.169128
10525.0	0.166392
10530.0	0.163572
10535.0	0.161216
10540.0	0.159876
10545.0	0.159943
10550.0	0.161175
10555.0	0.163170
10560.0	0.165528
10565.0	0.167852
10570.0	0.169763
10575.0	0.170887
10580.0	0.170847
10585.0	0.169453
10590.0	0.167244
10595.0	0.164942
10600.0	0.163269
10605.0	0.162773
10610.0	0.163290
10615.0	0.164484
10620.0	0.166015
