#-- a47iv
#\*l[Angstrom]	F(\*l)/F(555.6Angstrom]
1150.0	0.016382
1155.0	0.011100
1160.0	0.007573
1165.0	0.000000
1170.0	0.000000
1175.0	0.002963
1180.0	0.004812
1185.0	0.000000
1190.0	0.000000
1195.0	0.000000
1200.0	0.000000
1205.0	0.003479
1210.0	0.012130
1215.0	0.021089
1220.0	0.012803
1225.0	0.004961
1230.0	0.001935
1235.0	0.004621
1240.0	0.006628
1245.0	0.003106
1250.0	0.004505
1255.0	0.002873
1260.0	0.002064
1265.0	0.000741
1270.0	0.001831
1275.0	0.002796
1280.0	0.002645
1285.0	0.001010
1290.0	0.002057
1295.0	0.001795
1300.0	0.002932
1305.0	0.001859
1310.0	0.002227
1315.0	0.001077
1320.0	0.002648
1325.0	0.003148
1330.0	0.002297
1335.0	0.004517
1340.0	0.004731
1345.0	0.005058
1350.0	0.003370
1355.0	0.003829
1360.0	0.004222
1365.0	0.004849
1370.0	0.004210
1375.0	0.004876
1380.0	0.006149
1385.0	0.004759
1390.0	0.003930
1395.0	0.004567
1400.0	0.005385
1405.0	0.005748
1410.0	0.006051
1415.0	0.006528
1420.0	0.004609
1425.0	0.003372
1430.0	0.003379
1435.0	0.007166
1440.0	0.006992
1445.0	0.009250
1450.0	0.009611
1455.0	0.009496
1460.0	0.006863
1465.0	0.008684
1470.0	0.010911
1475.0	0.009583
1480.0	0.006998
1485.0	0.009806
1490.0	0.010642
1495.0	0.013559
1500.0	0.013711
1505.0	0.014259
1510.0	0.013468
1515.0	0.014177
1520.0	0.010663
1525.0	0.011690
1530.0	0.013568
1535.0	0.021825
1540.0	0.030646
1545.0	0.038750
1550.0	0.042383
1555.0	0.047347
1560.0	0.057935
1565.0	0.073745
1570.0	0.070103
1575.0	0.090470
1580.0	0.122939
1585.0	0.121194
1590.0	0.112470
1595.0	0.106320
1600.0	0.119975
1605.0	0.129450
1610.0	0.134920
1615.0	0.137452
1620.0	0.138071
1625.0	0.141383
1630.0	0.145804
1635.0	0.161444
1640.0	0.182946
1645.0	0.205567
1650.0	0.191799
1655.0	0.157693
1660.0	0.185694
1665.0	0.216082
1670.0	0.176549
1675.0	0.203912
1680.0	0.237828
1685.0	0.236163
1690.0	0.246538
1695.0	0.247526
1700.0	0.271555
1705.0	0.316251
1710.0	0.355732
1715.0	0.376832
1720.0	0.380919
1725.0	0.380016
1730.0	0.430696
1735.0	0.422711
1740.0	0.422597
1745.0	0.450348
1750.0	0.501676
1755.0	0.537023
1760.0	0.496520
1765.0	0.457194
1770.0	0.502280
1775.0	0.566550
1780.0	0.595272
1785.0	0.568423
1790.0	0.577942
1795.0	0.653380
1800.0	0.674116
1805.0	0.616599
1810.0	0.587915
1815.0	0.620148
1820.0	0.629086
1825.0	0.625034
1830.0	0.585010
1835.0	0.557814
1840.0	0.507068
1845.0	0.479302
1850.0	0.486542
1855.0	0.503049
1860.0	0.523835
1865.0	0.538898
1870.0	0.566329
1875.0	0.576139
1880.0	0.594562
1885.0	0.614176
1890.0	0.610741
1895.0	0.577491
1900.0	0.539039
1905.0	0.549594
1910.0	0.563032
1915.0	0.599681
1920.0	0.609278
1925.0	0.570285
1930.0	0.510519
1935.0	0.516215
1940.0	0.591867
1945.0	0.637304
1950.0	0.641735
1955.0	0.652557
1960.0	0.652335
1965.0	0.674956
1970.0	0.675386
1975.0	0.695299
1980.0	0.685882
1985.0	0.696605
1990.0	0.657706
1995.0	0.636015
2000.0	0.661366
2005.0	0.671639
2010.0	0.630867
2015.0	0.619520
2020.0	0.590454
2025.0	0.602243
2030.0	0.635184
2035.0	0.653488
2040.0	0.651870
2045.0	0.657735
2050.0	0.703315
2055.0	0.711501
2060.0	0.642001
2065.0	0.643708
2070.0	0.658566
2075.0	0.674572
2080.0	0.749345
2085.0	0.762347
2090.0	0.762263
2095.0	0.728748
2100.0	0.692135
2105.0	0.684651
2110.0	0.670524
2115.0	0.664218
2120.0	0.661068
2125.0	0.698594
2130.0	0.704376
2135.0	0.591538
2140.0	0.512454
2145.0	0.553709
2150.0	0.599820
2155.0	0.619639
2160.0	0.637378
2165.0	0.587188
2170.0	0.555201
2175.0	0.531257
2180.0	0.531660
2185.0	0.586407
2190.0	0.624230
2195.0	0.646017
2200.0	0.671270
2205.0	0.665746
2210.0	0.604872
2215.0	0.532949
2220.0	0.529511
2225.0	0.530988
2230.0	0.504361
2235.0	0.531269
2240.0	0.597760
2245.0	0.562575
2250.0	0.500791
2255.0	0.497488
2260.0	0.519429
2265.0	0.505740
2270.0	0.497855
2275.0	0.515324
2280.0	0.544213
2285.0	0.565133
2290.0	0.589644
2295.0	0.591845
2300.0	0.531217
2305.0	0.486424
2310.0	0.511795
2315.0	0.518541
2320.0	0.497423
2325.0	0.501377
2330.0	0.492795
2335.0	0.474905
2340.0	0.442517
2345.0	0.398605
2350.0	0.373456
2355.0	0.417445
2360.0	0.471844
2365.0	0.445641
2370.0	0.441501
2375.0	0.464739
2380.0	0.461305
2385.0	0.416578
2390.0	0.370862
2395.0	0.404889
2400.0	0.406194
2405.0	0.407708
2410.0	0.376096
2415.0	0.366305
2420.0	0.419363
2425.0	0.474721
2430.0	0.499513
2435.0	0.488697
2440.0	0.471622
2445.0	0.491040
2450.0	0.502497
2455.0	0.486109
2460.0	0.495487
2465.0	0.499760
2470.0	0.464131
2475.0	0.449812
2480.0	0.462096
2485.0	0.466203
2490.0	0.474873
2495.0	0.449270
2500.0	0.513576
2505.0	0.546905
2510.0	0.529850
2515.0	0.494456
2520.0	0.461011
2525.0	0.426592
2530.0	0.400738
2535.0	0.408144
2540.0	0.407826
2545.0	0.405126
2550.0	0.404299
2555.0	0.424048
2560.0	0.483142
2565.0	0.484678
2570.0	0.519129
2575.0	0.566191
2580.0	0.479030
2585.0	0.455142
2590.0	0.516019
2595.0	0.541934
2600.0	0.510919
2605.0	0.483738
2610.0	0.467167
2615.0	0.445285
2620.0	0.503303
2625.0	0.567676
2630.0	0.525477
2635.0	0.513575
2640.0	0.623356
2645.0	0.711776
2650.0	0.748743
2655.0	0.752497
2660.0	0.730342
2665.0	0.646397
2670.0	0.599221
2675.0	0.620744
2680.0	0.642845
2685.0	0.632015
2690.0	0.628941
2695.0	0.586541
2700.0	0.578184
2705.0	0.624539
2710.0	0.631699
2715.0	0.579139
2720.0	0.570630
2725.0	0.564592
2730.0	0.616796
2735.0	0.674879
2740.0	0.625613
2745.0	0.529316
2750.0	0.484460
2755.0	0.487808
2760.0	0.527083
2765.0	0.559248
2770.0	0.572393
2775.0	0.593362
2780.0	0.602848
2785.0	0.559252
2790.0	0.559207
2795.0	0.469136
2800.0	0.322893
2805.0	0.324502
2810.0	0.462907
2815.0	0.618013
2820.0	0.705272
2825.0	0.750932
2830.0	0.714564
2835.0	0.680412
2840.0	0.648579
2845.0	0.606810
2850.0	0.602007
2855.0	0.587734
2860.0	0.614672
2865.0	0.673776
2870.0	0.644822
2875.0	0.647040
2880.0	0.666249
2885.0	0.659092
2890.0	0.657828
2895.0	0.628293
2900.0	0.657097
2905.0	0.736851
2910.0	0.770486
2915.0	0.769654
2920.0	0.759356
2925.0	0.727337
2930.0	0.684680
2935.0	0.698377
2940.0	0.708900
2945.0	0.714218
2950.0	0.697644
2955.0	0.705223
2960.0	0.750084
2965.0	0.757906
2970.0	0.731502
2975.0	0.727376
2980.0	0.743443
2985.0	0.715645
2990.0	0.717548
2995.0	0.766089
3000.0	0.765578
3005.0	0.737537
3010.0	0.743398
3015.0	0.759601
3020.0	0.727332
3025.0	0.710387
3030.0	0.733132
3035.0	0.738586
3040.0	0.718057
3045.0	0.717215
3050.0	0.717095
3055.0	0.735924
3060.0	0.717102
3065.0	0.703975
3070.0	0.724367
3075.0	0.749578
3080.0	0.753549
3085.0	0.767716
3090.0	0.764635
3095.0	0.735291
3100.0	0.716197
3105.0	0.720831
3110.0	0.741649
3115.0	0.760519
3120.0	0.732121
3125.0	0.730060
3130.0	0.741604
3135.0	0.740655
3140.0	0.762693
3145.0	0.790123
3150.0	0.793181
3155.0	0.775653
3160.0	0.770386
3165.0	0.779878
3170.0	0.807942
3175.0	0.837328
3180.0	0.811483
3185.0	0.775028
3190.0	0.781433
3195.0	0.799417
3200.0	0.797935
3205.0	0.765024
3210.0	0.732139
3215.0	0.736421
3220.0	0.752676
3225.0	0.750702
3230.0	0.742601
3235.0	0.747286
3240.0	0.768616
3245.0	0.801686
3250.0	0.821597
3255.0	0.809158
3260.0	0.787980
3265.0	0.782766
3270.0	0.779793
3275.0	0.763700
3280.0	0.751015
3285.0	0.759366
3290.0	0.778865
3295.0	0.795158
3300.0	0.803535
3305.0	0.802609
3310.0	0.794658
3315.0	0.784108
3320.0	0.780315
3325.0	0.787955
3330.0	0.788059
3335.0	0.766254
3340.0	0.750205
3345.0	0.765362
3350.0	0.786283
3355.0	0.784682
3360.0	0.771797
3365.0	0.764077
3370.0	0.759278
3375.0	0.752770
3380.0	0.749062
3385.0	0.752666
3390.0	0.758977
3395.0	0.763204
3400.0	0.768916
3405.0	0.779321
3410.0	0.787815
3415.0	0.787935
3420.0	0.783599
3425.0	0.779110
3430.0	0.769930
3435.0	0.753522
3440.0	0.744202
3445.0	0.753377
3450.0	0.763949
3455.0	0.758478
3460.0	0.746644
3465.0	0.741655
3470.0	0.743718
3475.0	0.748771
3480.0	0.748676
3485.0	0.738377
3490.0	0.729209
3495.0	0.732526
3500.0	0.743361
3505.0	0.753585
3510.0	0.781710
3515.0	0.784512
3520.0	0.783512
3525.0	0.783372
3530.0	0.791654
3535.0	0.798493
3540.0	0.804158
3545.0	0.811355
3550.0	0.813693
3555.0	0.806216
3560.0	0.796437
3565.0	0.785492
3570.0	0.774543
3575.0	0.768548
3580.0	0.761431
3585.0	0.753990
3590.0	0.767759
3595.0	0.789487
3600.0	0.789367
3605.0	0.774385
3610.0	0.777436
3615.0	0.785498
3620.0	0.810973
3625.0	0.832639
3630.0	0.829821
3635.0	0.837842
3640.0	0.850484
3645.0	0.847529
3650.0	0.863190
3655.0	0.890639
3660.0	0.896781
3665.0	0.889172
3670.0	0.882618
3675.0	0.870197
3680.0	0.857354
3685.0	0.860288
3690.0	0.879706
3695.0	0.899303
3700.0	0.903545
3705.0	0.892443
3710.0	0.911418
3715.0	0.963476
3720.0	0.985184
3725.0	1.009118
3730.0	0.998037
3735.0	0.994534
3740.0	1.073070
3745.0	1.040978
3750.0	1.009308
3755.0	1.131175
3760.0	1.202599
3765.0	1.123809
3770.0	1.062950
3775.0	1.237761
3780.0	1.473887
3785.0	1.495046
3790.0	1.311770
3795.0	1.108518
3800.0	1.154128
3805.0	1.421522
3810.0	1.619604
3815.0	1.663600
3820.0	1.606307
3825.0	1.422113
3830.0	1.151479
3835.0	1.015123
3840.0	1.190135
3845.0	1.491089
3850.0	1.711522
3855.0	1.848522
3860.0	1.941537
3865.0	1.974505
3870.0	1.888317
3875.0	1.702931
3880.0	1.446132
3885.0	1.156703
3890.0	1.065588
3895.0	1.252937
3900.0	1.502454
3905.0	1.704556
3910.0	1.843910
3915.0	1.892106
3920.0	1.904559
3925.0	1.778903
3930.0	1.463239
3935.0	1.401883
3940.0	1.659537
3945.0	1.801666
3950.0	1.770534
3955.0	1.658345
3960.0	1.427453
3965.0	1.096350
3970.0	0.974779
3975.0	1.219832
3980.0	1.540635
3985.0	1.761891
3990.0	1.892855
3995.0	1.950454
4000.0	1.996033
4005.0	2.061325
4010.0	2.132927
4015.0	2.177936
4020.0	2.181525
4025.0	2.140315
4030.0	2.094525
4035.0	2.113626
4040.0	2.133487
4045.0	2.104898
4050.0	2.092689
4055.0	2.096287
4060.0	2.078611
4065.0	2.029898
4070.0	1.953293
4075.0	1.856521
4080.0	1.802658
4085.0	1.754367
4090.0	1.618306
4095.0	1.361296
4100.0	1.139122
4105.0	1.198008
4110.0	1.457709
4115.0	1.676696
4120.0	1.777204
4125.0	1.811385
4130.0	1.855402
4135.0	1.957947
4140.0	2.032293
4145.0	2.029982
4150.0	2.008222
4155.0	1.999420
4160.0	2.024927
4165.0	2.044978
4170.0	1.997035
4175.0	1.933200
4180.0	1.935722
4185.0	1.980034
4190.0	2.018585
4195.0	2.007726
4200.0	1.973270
4205.0	1.989479
4210.0	2.030869
4215.0	2.042488
4220.0	2.017160
4225.0	1.978726
4230.0	1.967719
4235.0	1.968837
4240.0	1.981659
4245.0	1.978462
4250.0	1.967856
4255.0	1.983506
4260.0	2.009140
4265.0	2.018796
4270.0	1.982651
4275.0	1.965176
4280.0	1.966020
4285.0	1.923459
4290.0	1.866810
4295.0	1.809739
4300.0	1.746104
4305.0	1.727182
4310.0	1.737556
4315.0	1.730538
4320.0	1.689455
4325.0	1.588789
4330.0	1.415370
4335.0	1.173651
4340.0	1.026457
4345.0	1.139850
4350.0	1.371079
4355.0	1.563409
4360.0	1.700029
4365.0	1.776444
4370.0	1.799323
4375.0	1.810457
4380.0	1.804716
4385.0	1.784834
4390.0	1.792158
4395.0	1.792865
4400.0	1.793772
4405.0	1.817453
4410.0	1.820925
4415.0	1.796812
4420.0	1.807998
4425.0	1.837958
4430.0	1.840111
4435.0	1.828619
4440.0	1.803333
4445.0	1.780718
4450.0	1.776571
4455.0	1.755697
4460.0	1.732290
4465.0	1.728575
4470.0	1.751940
4475.0	1.777331
4480.0	1.763337
4485.0	1.757005
4490.0	1.769785
4495.0	1.790079
4500.0	1.820419
4505.0	1.843319
4510.0	1.832903
4515.0	1.788823
4520.0	1.730496
4525.0	1.693771
4530.0	1.695101
4535.0	1.738178
4540.0	1.762472
4545.0	1.719373
4550.0	1.648034
4555.0	1.638452
4560.0	1.684748
4565.0	1.720006
4570.0	1.735593
4575.0	1.717600
4580.0	1.671620
4585.0	1.650947
4590.0	1.665869
4595.0	1.691196
4600.0	1.692336
4605.0	1.706097
4610.0	1.707121
4615.0	1.662365
4620.0	1.663600
4625.0	1.661700
4630.0	1.638674
4635.0	1.658081
4640.0	1.672433
4645.0	1.640858
4650.0	1.639676
4655.0	1.640826
4660.0	1.634748
4665.0	1.561340
4670.0	1.583945
4675.0	1.625683
4680.0	1.619963
4685.0	1.632521
4690.0	1.632679
4695.0	1.614823
4700.0	1.571524
4705.0	1.561055
4710.0	1.564717
4715.0	1.575978
4720.0	1.603933
4725.0	1.581866
4730.0	1.542619
4735.0	1.550830
4740.0	1.570543
4745.0	1.570458
4750.0	1.553689
4755.0	1.536752
4760.0	1.516469
4765.0	1.504945
4770.0	1.535992
4775.0	1.548719
4780.0	1.534757
4785.0	1.511498
4790.0	1.519139
4795.0	1.532594
4800.0	1.502665
4805.0	1.477296
4810.0	1.473317
4815.0	1.483142
4820.0	1.445394
4825.0	1.402537
4830.0	1.397968
4835.0	1.366784
4840.0	1.318989
4845.0	1.237192
4850.0	1.099833
4855.0	0.876835
4860.0	0.716470
4865.0	0.848184
4870.0	1.044840
4875.0	1.157357
4880.0	1.237909
4885.0	1.260113
4890.0	1.302167
4895.0	1.346669
4900.0	1.355091
4905.0	1.366414
4910.0	1.370836
4915.0	1.339747
4920.0	1.289419
4925.0	1.332127
4930.0	1.362942
4935.0	1.333774
4940.0	1.368388
4945.0	1.400374
4950.0	1.382265
4955.0	1.352590
4960.0	1.365496
4965.0	1.380904
4970.0	1.373379
4975.0	1.366910
4980.0	1.307802
4985.0	1.293302
4990.0	1.333584
4995.0	1.328254
5000.0	1.297545
5005.0	1.278950
5010.0	1.277927
5015.0	1.249096
5020.0	1.261094
5025.0	1.309966
5030.0	1.312382
5035.0	1.287825
5040.0	1.275447
5045.0	1.291002
5050.0	1.292047
5055.0	1.307591
5060.0	1.322693
5065.0	1.300869
5070.0	1.276270
5075.0	1.254108
5080.0	1.233488
5085.0	1.250615
5090.0	1.278000
5095.0	1.264144
5100.0	1.241825
5105.0	1.261284
5110.0	1.268028
5115.0	1.267321
5120.0	1.244378
5125.0	1.213701
5130.0	1.209120
5135.0	1.207759
5140.0	1.202957
5145.0	1.209057
5150.0	1.209743
5155.0	1.212107
5160.0	1.204224
5165.0	1.142594
5170.0	1.117900
5175.0	1.185323
5180.0	1.192816
5185.0	1.143755
5190.0	1.130584
5195.0	1.131661
5200.0	1.135133
5205.0	1.135713
5210.0	1.161315
5215.0	1.176955
5220.0	1.174031
5225.0	1.134331
5230.0	1.110671
5235.0	1.131661
5240.0	1.169937
5245.0	1.182769
5250.0	1.168481
5255.0	1.160270
5260.0	1.124179
5265.0	1.068026
5270.0	1.059256
5275.0	1.080436
5280.0	1.106576
5285.0	1.136146
5290.0	1.156883
5295.0	1.147775
5300.0	1.135513
5305.0	1.134489
5310.0	1.125698
5315.0	1.106059
5320.0	1.100899
5325.0	1.078230
5330.0	1.083940
5335.0	1.088520
5340.0	1.092899
5345.0	1.107821
5350.0	1.117583
5355.0	1.125730
5360.0	1.103864
5365.0	1.068226
5370.0	1.066242
5375.0	1.091485
5380.0	1.091285
5385.0	1.089839
5390.0	1.088066
5395.0	1.069397
5400.0	1.044830
5405.0	1.034319
5410.0	1.043384
5415.0	1.057388
5420.0	1.057420
5425.0	1.044714
5430.0	1.043352
5435.0	1.061651
5440.0	1.069514
5445.0	1.055309
5450.0	1.051816
5455.0	1.053093
5460.0	1.050328
5465.0	1.049737
5470.0	1.042192
5475.0	1.016052
5480.0	1.023724
5485.0	1.047700
5490.0	1.045516
5495.0	1.036060
5500.0	1.022890
5505.0	1.015651
5510.0	1.017476
5515.0	1.035469
5520.0	1.032852
5525.0	1.010701
5530.0	1.003736
5535.0	1.009889
5540.0	1.015355
5545.0	1.010891
5550.0	1.018194
5555.0	1.016358
5560.0	1.008095
5565.0	0.995357
5570.0	0.986957
5575.0	0.992349
5580.0	0.994555
5585.0	0.970462
5590.0	0.961788
5595.0	0.965977
5600.0	0.968911
5605.0	0.984625
5610.0	0.983738
5615.0	0.969597
5620.0	0.966874
5625.0	0.972204
5630.0	0.975929
5635.0	0.969734
5640.0	0.964764
5645.0	0.968426
5650.0	0.962326
5655.0	0.940534
5660.0	0.926635
5665.0	0.937779
5670.0	0.954073
5675.0	0.954042
5680.0	0.941104
5685.0	0.930223
5690.0	0.936239
5695.0	0.942212
5700.0	0.935690
5705.0	0.922562
5710.0	0.917138
5715.0	0.927838
5720.0	0.934993
5725.0	0.932735
5730.0	0.928028
5735.0	0.928334
5740.0	0.927057
5745.0	0.921929
5750.0	0.913106
5755.0	0.910289
5760.0	0.908980
5765.0	0.910753
5770.0	0.910711
5775.0	0.908516
5780.0	0.900063
5785.0	0.898997
5790.0	0.899957
5795.0	0.898448
5800.0	0.896475
5805.0	0.893984
5810.0	0.893488
5815.0	0.892507
5820.0	0.894121
5825.0	0.894638
5830.0	0.891367
5835.0	0.890174
5840.0	0.889636
5845.0	0.886555
5850.0	0.869775
5855.0	0.855011
5860.0	0.862726
5865.0	0.876339
5870.0	0.878239
5875.0	0.875474
5880.0	0.868382
5885.0	0.845123
5890.0	0.813675
5895.0	0.817706
5900.0	0.844289
5905.0	0.855391
5910.0	0.852215
5915.0	0.849239
5920.0	0.851634
5925.0	0.846273
5930.0	0.839847
5935.0	0.844078
5940.0	0.844508
5945.0	0.838412
5950.0	0.832938
5955.0	0.831262
5960.0	0.831231
5965.0	0.831218
5970.0	0.829186
5975.0	0.822143
5980.0	0.813157
5985.0	0.807819
5990.0	0.807662
5995.0	0.811696
6000.0	0.809173
6005.0	0.804132
6010.0	0.799218
6015.0	0.796296
6020.0	0.788349
6025.0	0.790283
6030.0	0.798580
6035.0	0.799199
6040.0	0.792682
6045.0	0.788988
6050.0	0.785000
6055.0	0.783791
6060.0	0.784974
6065.0	0.782187
6070.0	0.784842
6075.0	0.780465
6080.0	0.774217
6085.0	0.772549
6090.0	0.775068
6095.0	0.773711
6100.0	0.762444
6105.0	0.761382
6110.0	0.766852
6115.0	0.762567
6120.0	0.756948
6125.0	0.756220
6130.0	0.755458
6135.0	0.738799
6140.0	0.723426
6145.0	0.728523
6150.0	0.738115
6155.0	0.738518
6160.0	0.730212
6165.0	0.736510
6170.0	0.738248
6175.0	0.738975
6180.0	0.746050
6185.0	0.743846
6190.0	0.737628
6195.0	0.741310
6200.0	0.743213
6205.0	0.744794
6210.0	0.740687
6215.0	0.734189
6220.0	0.731822
6225.0	0.727497
6230.0	0.719741
6235.0	0.712574
6240.0	0.706666
6245.0	0.700773
6250.0	0.701814
6255.0	0.711211
6260.0	0.717359
6265.0	0.717878
6270.0	0.715016
6275.0	0.700527
6280.0	0.689586
6285.0	0.702372
6290.0	0.700812
6295.0	0.694960
6300.0	0.689065
6305.0	0.694912
6310.0	0.695979
6315.0	0.686132
6320.0	0.690735
6325.0	0.696567
6330.0	0.691964
6335.0	0.686651
6340.0	0.682545
6345.0	0.675846
6350.0	0.681818
6355.0	0.689402
6360.0	0.684165
6365.0	0.675906
6370.0	0.669976
6375.0	0.676157
6380.0	0.678923
6385.0	0.676052
6390.0	0.673970
6395.0	0.669070
6400.0	0.668444
6405.0	0.667160
6410.0	0.661145
6415.0	0.655368
6420.0	0.661246
6425.0	0.665537
6430.0	0.657116
6435.0	0.651825
6440.0	0.654190
6445.0	0.655735
6450.0	0.644022
6455.0	0.628672
6460.0	0.631755
6465.0	0.640381
6470.0	0.641793
6475.0	0.641026
6480.0	0.641066
6485.0	0.642897
6490.0	0.628168
6495.0	0.613156
6500.0	0.636294
6505.0	0.648349
6510.0	0.640924
6515.0	0.628077
6520.0	0.630830
6525.0	0.630039
6530.0	0.623788
6535.0	0.612186
6540.0	0.597407
6545.0	0.573734
6550.0	0.540068
6555.0	0.470378
6560.0	0.386352
6565.0	0.418395
6570.0	0.505520
6575.0	0.555034
6580.0	0.579345
6585.0	0.592277
6590.0	0.599820
6595.0	0.608878
6600.0	0.616996
6605.0	0.621295
6610.0	0.623950
6615.0	0.627092
6620.0	0.631617
6625.0	0.631898
6630.0	0.627802
6635.0	0.623838
6640.0	0.618556
6645.0	0.613945
6650.0	0.613545
6655.0	0.612352
6660.0	0.610300
6665.0	0.610174
6670.0	0.609606
6675.0	0.605305
6680.0	0.605785
6685.0	0.609014
6690.0	0.608562
6695.0	0.606360
6700.0	0.604601
6705.0	0.603490
6710.0	0.601640
6715.0	0.597678
6720.0	0.597155
6725.0	0.597984
6730.0	0.598418
6735.0	0.597249
6740.0	0.594107
6745.0	0.589811
6750.0	0.588532
6755.0	0.589809
6760.0	0.592044
6765.0	0.590775
6770.0	0.589486
6775.0	0.589924
6780.0	0.589236
6785.0	0.588027
6790.0	0.586232
6795.0	0.585032
6800.0	0.576609
6805.0	0.578048
6810.0	0.577114
6815.0	0.576865
6820.0	0.576428
6825.0	0.573708
6830.0	0.572564
6835.0	0.571384
6840.0	0.570422
6845.0	0.569461
6850.0	0.568499
6855.0	0.567537
6860.0	0.566575
6865.0	0.565614
6870.0	0.564652
6875.0	0.563690
6880.0	0.562728
6885.0	0.561767
6890.0	0.560805
6895.0	0.559843
6900.0	0.558882
6905.0	0.557920
6910.0	0.556958
6915.0	0.555996
6920.0	0.555035
6925.0	0.554073
6930.0	0.553111
6935.0	0.552149
6940.0	0.551188
6945.0	0.550226
6950.0	0.549264
6955.0	0.548303
6960.0	0.547341
6965.0	0.546379
6970.0	0.545417
6975.0	0.544456
6980.0	0.543792
6985.0	0.542533
6990.0	0.540353
6995.0	0.538302
7000.0	0.533840
7005.0	0.530650
7010.0	0.533618
7015.0	0.532460
7020.0	0.530748
7025.0	0.529802
7030.0	0.529656
7035.0	0.531468
7040.0	0.530791
7045.0	0.533911
7050.0	0.532029
7055.0	0.529530
7060.0	0.529643
7065.0	0.525645
7070.0	0.528268
7075.0	0.527828
7080.0	0.526167
7085.0	0.523186
7090.0	0.522347
7095.0	0.523047
7100.0	0.522931
7105.0	0.522543
7110.0	0.516448
7115.0	0.510298
7120.0	0.510668
7125.0	0.514545
7130.0	0.514305
7135.0	0.513263
7140.0	0.512221
7145.0	0.511179
7150.0	0.510137
7155.0	0.509095
7160.0	0.508053
7165.0	0.507011
7170.0	0.505969
7175.0	0.504927
7180.0	0.503885
7185.0	0.502843
7190.0	0.501801
7195.0	0.500759
7200.0	0.499717
7205.0	0.498675
7210.0	0.497633
7215.0	0.496591
7220.0	0.495549
7225.0	0.494507
7230.0	0.493465
7235.0	0.492423
7240.0	0.491381
7245.0	0.490339
7250.0	0.489297
7255.0	0.488255
7260.0	0.487213
7265.0	0.486171
7270.0	0.485129
7275.0	0.484087
7280.0	0.483045
7285.0	0.482003
7290.0	0.480961
7295.0	0.479919
7300.0	0.478877
7305.0	0.477835
7310.0	0.476793
7315.0	0.475751
7320.0	0.474709
7325.0	0.473667
7330.0	0.472625
7335.0	0.471583
7340.0	0.470541
7345.0	0.469499
7350.0	0.468457
7355.0	0.468177
7360.0	0.468236
7365.0	0.467417
7370.0	0.467083
7375.0	0.468118
7380.0	0.465577
7385.0	0.457980
7390.0	0.456027
7395.0	0.458465
7400.0	0.460217
7405.0	0.456492
7410.0	0.450639
7415.0	0.451327
7420.0	0.450120
7425.0	0.451767
7430.0	0.455367
7435.0	0.455397
7440.0	0.451590
7445.0	0.445585
7450.0	0.447214
7455.0	0.451439
7460.0	0.447219
7465.0	0.446919
7470.0	0.448608
7475.0	0.447518
7480.0	0.445126
7485.0	0.445081
7490.0	0.442187
7495.0	0.437733
7500.0	0.441851
7505.0	0.439235
7510.0	0.432214
7515.0	0.432760
7520.0	0.435247
7525.0	0.433932
7530.0	0.432857
7535.0	0.433549
7540.0	0.435563
7545.0	0.433595
7550.0	0.432035
7555.0	0.431186
7560.0	0.430337
7565.0	0.429489
7570.0	0.428640
7575.0	0.427792
7580.0	0.426943
7585.0	0.426094
7590.0	0.425246
7595.0	0.424397
7600.0	0.423548
7605.0	0.422700
7610.0	0.421851
7615.0	0.421002
7620.0	0.420154
7625.0	0.419305
7630.0	0.418456
7635.0	0.417608
7640.0	0.416759
7645.0	0.415910
7650.0	0.415062
7655.0	0.414213
7660.0	0.413364
7665.0	0.412516
7670.0	0.411667
7675.0	0.410818
7680.0	0.409970
7685.0	0.409121
7690.0	0.408272
7695.0	0.407424
7700.0	0.406575
7705.0	0.405726
7710.0	0.404878
7715.0	0.404029
7720.0	0.403180
7725.0	0.402332
7730.0	0.401483
7735.0	0.403387
7740.0	0.399425
7745.0	0.395284
7750.0	0.395795
7755.0	0.398610
7760.0	0.399980
7765.0	0.395324
7770.0	0.373625
7775.0	0.367599
7780.0	0.386860
7785.0	0.392482
7790.0	0.391660
7795.0	0.391044
7800.0	0.389272
7805.0	0.390671
7810.0	0.390582
7815.0	0.390686
7820.0	0.389103
7825.0	0.388637
7830.0	0.383921
7835.0	0.382548
7840.0	0.385682
7845.0	0.384831
7850.0	0.383083
7855.0	0.381891
7860.0	0.380820
7865.0	0.381065
7870.0	0.379433
7875.0	0.374636
7880.0	0.374221
7885.0	0.375874
7890.0	0.374873
7895.0	0.368078
7900.0	0.371503
7905.0	0.374613
7910.0	0.372929
7915.0	0.371226
7920.0	0.369680
7925.0	0.367155
7930.0	0.362936
7935.0	0.363830
7940.0	0.364443
7945.0	0.363165
7950.0	0.365817
7955.0	0.366689
7960.0	0.364679
7965.0	0.363938
7970.0	0.365383
7975.0	0.365047
7980.0	0.363908
7985.0	0.364119
7990.0	0.361796
7995.0	0.359054
8000.0	0.356186
8005.0	0.358019
8010.0	0.358480
8015.0	0.357013
8020.0	0.355497
8025.0	0.353520
8030.0	0.353552
8035.0	0.355156
8040.0	0.352672
8045.0	0.350702
8050.0	0.352757
8055.0	0.352803
8060.0	0.352365
8065.0	0.352665
8070.0	0.351073
8075.0	0.350439
8080.0	0.348080
8085.0	0.346542
8090.0	0.347137
8095.0	0.346618
8100.0	0.346082
8105.0	0.345546
8110.0	0.345010
8115.0	0.344474
8120.0	0.343937
8125.0	0.343401
8130.0	0.342865
8135.0	0.342329
8140.0	0.341793
8145.0	0.341257
8150.0	0.340721
8155.0	0.340184
8160.0	0.339648
8165.0	0.339112
8170.0	0.338576
8175.0	0.338040
8180.0	0.337504
8185.0	0.336968
8190.0	0.336431
8195.0	0.335895
8200.0	0.335359
8205.0	0.334823
8210.0	0.334287
8215.0	0.333751
8220.0	0.333215
8225.0	0.332678
8230.0	0.332142
8235.0	0.331606
8240.0	0.331070
8245.0	0.330534
8250.0	0.329998
8255.0	0.329462
8260.0	0.328925
8265.0	0.328389
8270.0	0.327853
8275.0	0.327317
8280.0	0.326781
8285.0	0.326245
8290.0	0.325709
8295.0	0.325173
8300.0	0.324636
8305.0	0.324100
8310.0	0.323564
8315.0	0.323028
8320.0	0.322492
8325.0	0.321956
8330.0	0.321420
8335.0	0.320883
8340.0	0.320347
8345.0	0.319811
8350.0	0.319275
8355.0	0.318739
8360.0	0.318203
8365.0	0.317667
8370.0	0.317130
8375.0	0.316594
8380.0	0.316058
8385.0	0.315522
8390.0	0.314986
8395.0	0.314450
8400.0	0.313914
8405.0	0.313377
8410.0	0.310303
8415.0	0.311211
8420.0	0.313471
8425.0	0.315526
8430.0	0.315762
8435.0	0.307387
8440.0	0.302213
8445.0	0.299882
8450.0	0.309337
8455.0	0.313500
8460.0	0.309117
8465.0	0.301800
8470.0	0.304355
8475.0	0.315491
8480.0	0.318129
8485.0	0.317743
8490.0	0.311309
8495.0	0.287488
8500.0	0.277317
8505.0	0.293326
8510.0	0.305287
8515.0	0.312188
8520.0	0.317122
8525.0	0.316992
8530.0	0.313711
8535.0	0.293239
8540.0	0.255474
8545.0	0.256563
8550.0	0.285792
8555.0	0.300841
8560.0	0.307958
8565.0	0.311612
8570.0	0.311693
8575.0	0.309541
8580.0	0.303983
8585.0	0.297269
8590.0	0.285951
8595.0	0.268553
8600.0	0.270506
8605.0	0.287456
8610.0	0.299355
8615.0	0.307503
8620.0	0.309949
8625.0	0.310005
8630.0	0.309291
8635.0	0.308181
8640.0	0.306403
8645.0	0.298809
8650.0	0.290574
8655.0	0.273296
8660.0	0.236479
8665.0	0.232013
8670.0	0.259587
8675.0	0.279513
8680.0	0.288648
8685.0	0.294698
8690.0	0.298004
8695.0	0.304625
8700.0	0.308268
8705.0	0.309505
8710.0	0.310441
8715.0	0.310300
8720.0	0.310450
8725.0	0.305257
8730.0	0.301149
8735.0	0.291395
8740.0	0.276273
8745.0	0.252005
8750.0	0.236080
8755.0	0.251548
8760.0	0.273827
8765.0	0.286278
8770.0	0.293589
8775.0	0.298799
8780.0	0.305529
8785.0	0.308379
8790.0	0.309255
8795.0	0.312987
8800.0	0.314487
8805.0	0.307629
8810.0	0.310549
8815.0	0.315037
8820.0	0.310768
8825.0	0.307134
8830.0	0.304156
8835.0	0.298505
8840.0	0.294394
8845.0	0.287167
8850.0	0.275687
8855.0	0.255597
8860.0	0.229052
8865.0	0.232316
8870.0	0.257536
8875.0	0.275699
8880.0	0.285529
8885.0	0.294955
8890.0	0.299949
8895.0	0.302760
8900.0	0.305484
8905.0	0.305631
8910.0	0.299606
8915.0	0.303864
8920.0	0.305902
8925.0	0.291137
8930.0	0.288821
8935.0	0.292448
8940.0	0.296531
8945.0	0.300032
8950.0	0.302402
8955.0	0.303209
8960.0	0.302021
8965.0	0.298561
8970.0	0.293166
8975.0	0.286324
8980.0	0.278525
8985.0	0.270276
8990.0	0.262158
8995.0	0.254770
9000.0	0.248712
9005.0	0.244556
9010.0	0.242772
9015.0	0.243805
9020.0	0.248098
9025.0	0.255666
9030.0	0.264807
9035.0	0.273389
9040.0	0.279280
9045.0	0.281002
9050.0	0.279698
9055.0	0.277162
9060.0	0.275192
9065.0	0.275147
9070.0	0.276650
9075.0	0.278888
9080.0	0.281048
9085.0	0.282452
9090.0	0.282961
9095.0	0.282572
9100.0	0.281280
9105.0	0.279224
9110.0	0.277112
9115.0	0.275791
9120.0	0.276113
9125.0	0.278563
9130.0	0.282183
9135.0	0.285652
9140.0	0.287649
9145.0	0.287231
9150.0	0.284972
9155.0	0.281823
9160.0	0.278738
9165.0	0.276423
9170.0	0.274615
9175.0	0.272803
9180.0	0.270481
9185.0	0.267221
9190.0	0.262931
9195.0	0.257600
9200.0	0.251219
9205.0	0.243949
9210.0	0.236644
9215.0	0.230330
9220.0	0.226032
9225.0	0.224499
9230.0	0.225371
9235.0	0.228009
9240.0	0.231775
9245.0	0.236083
9250.0	0.240557
9255.0	0.244870
9260.0	0.248696
9265.0	0.251850
9270.0	0.254704
9275.0	0.257772
9280.0	0.261566
9285.0	0.266297
9290.0	0.270970
9295.0	0.274287
9300.0	0.274950
9305.0	0.272227
9310.0	0.267642
9315.0	0.263287
9320.0	0.261250
9325.0	0.262939
9330.0	0.267024
9335.0	0.271493
9340.0	0.274333
9345.0	0.274106
9350.0	0.271661
9355.0	0.268422
9360.0	0.265811
9365.0	0.264954
9370.0	0.265790
9375.0	0.267959
9380.0	0.271103
9385.0	0.274706
9390.0	0.277630
9395.0	0.278579
9400.0	0.276257
9405.0	0.269971
9410.0	0.261430
9415.0	0.252944
9420.0	0.246823
9425.0	0.244788
9430.0	0.246206
9435.0	0.249850
9440.0	0.254499
9445.0	0.259001
9450.0	0.262498
9455.0	0.264203
9460.0	0.263333
9465.0	0.259495
9470.0	0.253879
9475.0	0.248068
9480.0	0.243645
9485.0	0.241759
9490.0	0.241820
9495.0	0.242803
9500.0	0.243683
9505.0	0.243553
9510.0	0.241977
9515.0	0.238635
9520.0	0.233208
9525.0	0.225708
9530.0	0.217473
9535.0	0.210175
9540.0	0.205482
9545.0	0.204606
9550.0	0.206927
9555.0	0.211363
9560.0	0.216833
9565.0	0.222374
9570.0	0.227492
9575.0	0.231808
9580.0	0.234944
9585.0	0.236686
9590.0	0.237468
9595.0	0.237890
9600.0	0.238550
9605.0	0.239842
9610.0	0.241341
9615.0	0.242418
9620.0	0.242442
9625.0	0.241035
9630.0	0.238815
9635.0	0.236652
9640.0	0.235415
9645.0	0.235695
9650.0	0.236965
9655.0	0.238420
9660.0	0.239256
9665.0	0.238906
9670.0	0.237760
9675.0	0.236444
9680.0	0.235586
9685.0	0.235614
9690.0	0.236164
9695.0	0.236671
9700.0	0.236570
9705.0	0.235507
9710.0	0.233967
9715.0	0.232645
9720.0	0.232236
9725.0	0.233210
9730.0	0.235139
9735.0	0.237374
9740.0	0.239261
9745.0	0.240307
9750.0	0.240654
9755.0	0.240601
9760.0	0.240448
9765.0	0.240348
9770.0	0.239879
9775.0	0.238469
9780.0	0.235549
9785.0	0.230903
9790.0	0.225728
9795.0	0.221573
9800.0	0.219988
9805.0	0.221950
9810.0	0.226145
9815.0	0.230686
9820.0	0.233686
9825.0	0.233782
9830.0	0.231700
9835.0	0.228692
9840.0	0.226009
9845.0	0.224606
9850.0	0.224264
9855.0	0.224470
9860.0	0.224708
9865.0	0.224543
9870.0	0.223847
9875.0	0.222571
9880.0	0.220663
9885.0	0.218179
9890.0	0.215587
9895.0	0.213458
9900.0	0.212364
9905.0	0.212686
9910.0	0.214035
9915.0	0.215834
9920.0	0.217500
9925.0	0.218565
9930.0	0.218988
9935.0	0.218839
9940.0	0.218188
9945.0	0.217126
9950.0	0.215834
9955.0	0.214512
9960.0	0.213364
9965.0	0.212556
9970.0	0.212114
9975.0	0.212028
9980.0	0.212287
9985.0	0.212824
9990.0	0.213340
9995.0	0.213476
10000.0	0.212874
10005.0	0.211224
10010.0	0.208398
10015.0	0.204319
10020.0	0.198905
10025.0	0.192294
10030.0	0.185481
10035.0	0.179681
10040.0	0.176105
10045.0	0.175592
10050.0	0.177490
10055.0	0.180771
10060.0	0.184411
10065.0	0.187607
10070.0	0.190463
10075.0	0.193305
10080.0	0.196461
10085.0	0.200100
10090.0	0.203757
10095.0	0.206811
10100.0	0.208639
10105.0	0.208824
10110.0	0.207770
10115.0	0.206089
10120.0	0.204392
10125.0	0.203186
10130.0	0.202570
10135.0	0.202541
10140.0	0.203094
10145.0	0.204161
10150.0	0.205412
10155.0	0.206450
10160.0	0.206880
10165.0	0.206446
10170.0	0.205451
10175.0	0.204340
10180.0	0.203557
10185.0	0.203415
10190.0	0.203716
10195.0	0.204131
10200.0	0.204331
10205.0	0.204066
10210.0	0.203401
10215.0	0.202477
10220.0	0.201436
10225.0	0.200398
10230.0	0.199398
10235.0	0.198448
10240.0	0.197560
10245.0	0.196742
10250.0	0.195974
10255.0	0.195231
10260.0	0.194488
10265.0	0.193738
10270.0	0.193045
10275.0	0.192492
10280.0	0.192160
10285.0	0.192108
10290.0	0.192291
10295.0	0.192641
10300.0	0.193087
10305.0	0.193537
10310.0	0.193795
10315.0	0.193639
10320.0	0.192850
10325.0	0.191339
10330.0	0.189552
10335.0	0.188065
10340.0	0.187458
10345.0	0.188072
10350.0	0.189317
10355.0	0.190365
10360.0	0.190391
10365.0	0.188861
10370.0	0.186422
10375.0	0.184016
10380.0	0.182582
10385.0	0.182787
10390.0	0.184200
10395.0	0.186111
10400.0	0.187816
10405.0	0.188763
10410.0	0.189034
10415.0	0.188868
10420.0	0.188504
10425.0	0.188052
10430.0	0.187114
10435.0	0.185166
10440.0	0.181682
10445.0	0.176542
10450.0	0.171253
10455.0	0.167728
10460.0	0.167878
10465.0	0.172811
10470.0	0.180410
10475.0	0.187755
10480.0	0.191925
10485.0	0.190872
10490.0	0.186051
10495.0	0.179792
10500.0	0.174424
10505.0	0.171731
10510.0	0.171314
10515.0	0.172228
10520.0	0.173529
10525.0	0.174443
10530.0	0.174880
10535.0	0.174918
10540.0	0.174637
10545.0	0.174173
10550.0	0.173893
10555.0	0.174221
10560.0	0.175583
10565.0	0.178127
10570.0	0.180903
10575.0	0.182687
10580.0	0.182252
10585.0	0.178846
10590.0	0.173597
10595.0	0.168105
10600.0	0.163973
10605.0	0.162409
10610.0	0.163064
10615.0	0.165198
10620.0	0.168072
