#-- a7v
#\*l[Angstrom]	F(\*l)/F(555.6Angstrom]
1150.0	0.000000
1155.0	0.005190
1160.0	0.002815
1165.0	0.000000
1170.0	0.000000
1175.0	0.000000
1180.0	0.007617
1185.0	0.000000
1190.0	0.000000
1195.0	0.000000
1200.0	0.000000
1205.0	0.002985
1210.0	0.008355
1215.0	0.018679
1220.0	0.009686
1225.0	0.000870
1230.0	0.000000
1235.0	0.004617
1240.0	0.006843
1245.0	0.001940
1250.0	0.004591
1255.0	0.001872
1260.0	0.002015
1265.0	0.000816
1270.0	0.000644
1275.0	0.000594
1280.0	0.000947
1285.0	0.000000
1290.0	0.000000
1295.0	0.000000
1300.0	0.000000
1305.0	0.000000
1310.0	0.000000
1315.0	0.000000
1320.0	0.000000
1325.0	0.000000
1330.0	0.001126
1335.0	0.002608
1340.0	0.001526
1345.0	0.001818
1350.0	0.001039
1355.0	0.001771
1360.0	0.001592
1365.0	0.000564
1370.0	0.002774
1375.0	0.001074
1380.0	0.001471
1385.0	0.000000
1390.0	0.002302
1395.0	0.000000
1400.0	0.000000
1405.0	0.000582
1410.0	0.001786
1415.0	0.004654
1420.0	0.001037
1425.0	0.000000
1430.0	0.000000
1435.0	0.001085
1440.0	0.001012
1445.0	0.005565
1450.0	0.006606
1455.0	0.004980
1460.0	0.001203
1465.0	0.002313
1470.0	0.003441
1475.0	0.003870
1480.0	0.004129
1485.0	0.006567
1490.0	0.004651
1495.0	0.006570
1500.0	0.006174
1505.0	0.006681
1510.0	0.008359
1515.0	0.007667
1520.0	0.002158
1525.0	0.004127
1530.0	0.005487
1535.0	0.007970
1540.0	0.010707
1545.0	0.013285
1550.0	0.009977
1555.0	0.012577
1560.0	0.017704
1565.0	0.016765
1570.0	0.014197
1575.0	0.019541
1580.0	0.027366
1585.0	0.019127
1590.0	0.018888
1595.0	0.023833
1600.0	0.026059
1605.0	0.025932
1610.0	0.030201
1615.0	0.036672
1620.0	0.037913
1625.0	0.037657
1630.0	0.042306
1635.0	0.053894
1640.0	0.065972
1645.0	0.078440
1650.0	0.073191
1655.0	0.059211
1660.0	0.082721
1665.0	0.094588
1670.0	0.082605
1675.0	0.104324
1680.0	0.116982
1685.0	0.115362
1690.0	0.129904
1695.0	0.143221
1700.0	0.178704
1705.0	0.228402
1710.0	0.263224
1715.0	0.291685
1720.0	0.281368
1725.0	0.301496
1730.0	0.340128
1735.0	0.331323
1740.0	0.337996
1745.0	0.372188
1750.0	0.424176
1755.0	0.443993
1760.0	0.400938
1765.0	0.377460
1770.0	0.432317
1775.0	0.505379
1780.0	0.516375
1785.0	0.464451
1790.0	0.481849
1795.0	0.566009
1800.0	0.564104
1805.0	0.503609
1810.0	0.494022
1815.0	0.522347
1820.0	0.535655
1825.0	0.520469
1830.0	0.488669
1835.0	0.454973
1840.0	0.418679
1845.0	0.402509
1850.0	0.407150
1855.0	0.428968
1860.0	0.449607
1865.0	0.475903
1870.0	0.492435
1875.0	0.493097
1880.0	0.513848
1885.0	0.526429
1890.0	0.520165
1895.0	0.486895
1900.0	0.460964
1905.0	0.482099
1910.0	0.502564
1915.0	0.527066
1920.0	0.531994
1925.0	0.469431
1930.0	0.407910
1935.0	0.443429
1940.0	0.537424
1945.0	0.579312
1950.0	0.572168
1955.0	0.566978
1960.0	0.550661
1965.0	0.554076
1970.0	0.588337
1975.0	0.572147
1980.0	0.576917
1985.0	0.562561
1990.0	0.475641
1995.0	0.473226
2000.0	0.519683
2005.0	0.514764
2010.0	0.508528
2015.0	0.488803
2020.0	0.479219
2025.0	0.483462
2030.0	0.519271
2035.0	0.543250
2040.0	0.525250
2045.0	0.567170
2050.0	0.578377
2055.0	0.588989
2060.0	0.558841
2065.0	0.558141
2070.0	0.593507
2075.0	0.606965
2080.0	0.656632
2085.0	0.647474
2090.0	0.612886
2095.0	0.594022
2100.0	0.575267
2105.0	0.570334
2110.0	0.563742
2115.0	0.541747
2120.0	0.603906
2125.0	0.630235
2130.0	0.555554
2135.0	0.453207
2140.0	0.420122
2145.0	0.481196
2150.0	0.496356
2155.0	0.498891
2160.0	0.492215
2165.0	0.471837
2170.0	0.476957
2175.0	0.445164
2180.0	0.475924
2185.0	0.532743
2190.0	0.560262
2195.0	0.584142
2200.0	0.592063
2205.0	0.578241
2210.0	0.494896
2215.0	0.416204
2220.0	0.431928
2225.0	0.451642
2230.0	0.463665
2235.0	0.500183
2240.0	0.514548
2245.0	0.485555
2250.0	0.454262
2255.0	0.438030
2260.0	0.432409
2265.0	0.450351
2270.0	0.439862
2275.0	0.451782
2280.0	0.463342
2285.0	0.508240
2290.0	0.490542
2295.0	0.491219
2300.0	0.450556
2305.0	0.431209
2310.0	0.469920
2315.0	0.454556
2320.0	0.423225
2325.0	0.453614
2330.0	0.413440
2335.0	0.400171
2340.0	0.385114
2345.0	0.348570
2350.0	0.346496
2355.0	0.394017
2360.0	0.397086
2365.0	0.395557
2370.0	0.433318
2375.0	0.419202
2380.0	0.372241
2385.0	0.318668
2390.0	0.336863
2395.0	0.375992
2400.0	0.359264
2405.0	0.346829
2410.0	0.306624
2415.0	0.314710
2420.0	0.384734
2425.0	0.424044
2430.0	0.419951
2435.0	0.413023
2440.0	0.435136
2445.0	0.461312
2450.0	0.422459
2455.0	0.419975
2460.0	0.448110
2465.0	0.431314
2470.0	0.403732
2475.0	0.400591
2480.0	0.408213
2485.0	0.399039
2490.0	0.386275
2495.0	0.404622
2500.0	0.469734
2505.0	0.464438
2510.0	0.452231
2515.0	0.418091
2520.0	0.372541
2525.0	0.363297
2530.0	0.342554
2535.0	0.366924
2540.0	0.373146
2545.0	0.354832
2550.0	0.372962
2555.0	0.397915
2560.0	0.434050
2565.0	0.459479
2570.0	0.500443
2575.0	0.516914
2580.0	0.467719
2585.0	0.430654
2590.0	0.476917
2595.0	0.480881
2600.0	0.435664
2605.0	0.412775
2610.0	0.389641
2615.0	0.421465
2620.0	0.481554
2625.0	0.503243
2630.0	0.459182
2635.0	0.524763
2640.0	0.658589
2645.0	0.722879
2650.0	0.701665
2655.0	0.706563
2660.0	0.664411
2665.0	0.587200
2670.0	0.568115
2675.0	0.607232
2680.0	0.631691
2685.0	0.617821
2690.0	0.599591
2695.0	0.595821
2700.0	0.586793
2705.0	0.586281
2710.0	0.579222
2715.0	0.616067
2720.0	0.594983
2725.0	0.646304
2730.0	0.623571
2735.0	0.603594
2740.0	0.537981
2745.0	0.465599
2750.0	0.439196
2755.0	0.450089
2760.0	0.490023
2765.0	0.512783
2770.0	0.546506
2775.0	0.573327
2780.0	0.538182
2785.0	0.505975
2790.0	0.447733
2795.0	0.307306
2800.0	0.234021
2805.0	0.307691
2810.0	0.498788
2815.0	0.700889
2820.0	0.814174
2825.0	0.787567
2830.0	0.748519
2835.0	0.640784
2840.0	0.635324
2845.0	0.633306
2850.0	0.570684
2855.0	0.560975
2860.0	0.608887
2865.0	0.606146
2870.0	0.598168
2875.0	0.635290
2880.0	0.628296
2885.0	0.644972
2890.0	0.620053
2895.0	0.596235
2900.0	0.637103
2905.0	0.723978
2910.0	0.779217
2915.0	0.761766
2920.0	0.711807
2925.0	0.673724
2930.0	0.668693
2935.0	0.672501
2940.0	0.679734
2945.0	0.673932
2950.0	0.645389
2955.0	0.711704
2960.0	0.738024
2965.0	0.759274
2970.0	0.739340
2975.0	0.710228
2980.0	0.685927
2985.0	0.694756
2990.0	0.726688
2995.0	0.717074
3000.0	0.704922
3005.0	0.710490
3010.0	0.730701
3015.0	0.721306
3020.0	0.694783
3025.0	0.691646
3030.0	0.680834
3035.0	0.685669
3040.0	0.672189
3045.0	0.675454
3050.0	0.662725
3055.0	0.681785
3060.0	0.671157
3065.0	0.664201
3070.0	0.667946
3075.0	0.689995
3080.0	0.699192
3085.0	0.699441
3090.0	0.691000
3095.0	0.649487
3100.0	0.672552
3105.0	0.671262
3110.0	0.693115
3115.0	0.671473
3120.0	0.660377
3125.0	0.677744
3130.0	0.690986
3135.0	0.705279
3140.0	0.727749
3145.0	0.719030
3150.0	0.735092
3155.0	0.710794
3160.0	0.713408
3165.0	0.717529
3170.0	0.722334
3175.0	0.723621
3180.0	0.718068
3185.0	0.705345
3190.0	0.729098
3195.0	0.721978
3200.0	0.751995
3205.0	0.755249
3210.0	0.744259
3215.0	0.718227
3220.0	0.693225
3225.0	0.684077
3230.0	0.683725
3235.0	0.682725
3240.0	0.683967
3245.0	0.692211
3250.0	0.707371
3255.0	0.727452
3260.0	0.747671
3265.0	0.761479
3270.0	0.758034
3275.0	0.733296
3280.0	0.714724
3285.0	0.727253
3290.0	0.754242
3295.0	0.772982
3300.0	0.778059
3305.0	0.770564
3310.0	0.760281
3315.0	0.756466
3320.0	0.757540
3325.0	0.758864
3330.0	0.754371
3335.0	0.741716
3340.0	0.734859
3345.0	0.745369
3350.0	0.758943
3355.0	0.759871
3360.0	0.752692
3365.0	0.745058
3370.0	0.736835
3375.0	0.727756
3380.0	0.724826
3385.0	0.732806
3390.0	0.740201
3395.0	0.736710
3400.0	0.733036
3405.0	0.739842
3410.0	0.746623
3415.0	0.743044
3420.0	0.740604
3425.0	0.749875
3430.0	0.755886
3435.0	0.744436
3440.0	0.729952
3445.0	0.728580
3450.0	0.734719
3455.0	0.738966
3460.0	0.738452
3465.0	0.733207
3470.0	0.728311
3475.0	0.727975
3480.0	0.727868
3485.0	0.723372
3490.0	0.717260
3495.0	0.714204
3500.0	0.719083
3505.0	0.733284
3510.0	0.727418
3515.0	0.733068
3520.0	0.732848
3525.0	0.733531
3530.0	0.745927
3535.0	0.757765
3540.0	0.763967
3545.0	0.770712
3550.0	0.775493
3555.0	0.772050
3560.0	0.760094
3565.0	0.741118
3570.0	0.718555
3575.0	0.706940
3580.0	0.700895
3585.0	0.695931
3590.0	0.712803
3595.0	0.732606
3600.0	0.736195
3605.0	0.724114
3610.0	0.716233
3615.0	0.729326
3620.0	0.740600
3625.0	0.753751
3630.0	0.750443
3635.0	0.737450
3640.0	0.737099
3645.0	0.734065
3650.0	0.755313
3655.0	0.786441
3660.0	0.783113
3665.0	0.773028
3670.0	0.770969
3675.0	0.755993
3680.0	0.733968
3685.0	0.731975
3690.0	0.749054
3695.0	0.764696
3700.0	0.763659
3705.0	0.749861
3710.0	0.772141
3715.0	0.813730
3720.0	0.808818
3725.0	0.821906
3730.0	0.829699
3735.0	0.795047
3740.0	0.895528
3745.0	0.875880
3750.0	0.805991
3755.0	0.931825
3760.0	1.002520
3765.0	0.932100
3770.0	0.843510
3775.0	0.995311
3780.0	1.220988
3785.0	1.260774
3790.0	1.109055
3795.0	0.905881
3800.0	0.938401
3805.0	1.191003
3810.0	1.390840
3815.0	1.438296
3820.0	1.387806
3825.0	1.205505
3830.0	0.966611
3835.0	0.829509
3840.0	1.014086
3845.0	1.290330
3850.0	1.474017
3855.0	1.566254
3860.0	1.623472
3865.0	1.654444
3870.0	1.584583
3875.0	1.423069
3880.0	1.194373
3885.0	0.926967
3890.0	0.862509
3895.0	1.076116
3900.0	1.309249
3905.0	1.501400
3910.0	1.651564
3915.0	1.692025
3920.0	1.692722
3925.0	1.580245
3930.0	1.259881
3935.0	1.223503
3940.0	1.515599
3945.0	1.607089
3950.0	1.554520
3955.0	1.428986
3960.0	1.204426
3965.0	0.896606
3970.0	0.785735
3975.0	1.038812
3980.0	1.310580
3985.0	1.500104
3990.0	1.644965
3995.0	1.718796
4000.0	1.763716
4005.0	1.807291
4010.0	1.845352
4015.0	1.871881
4020.0	1.880991
4025.0	1.862087
4030.0	1.842823
4035.0	1.873542
4040.0	1.887295
4045.0	1.856774
4050.0	1.848270
4055.0	1.813592
4060.0	1.784304
4065.0	1.741890
4070.0	1.691697
4075.0	1.622116
4080.0	1.557920
4085.0	1.469275
4090.0	1.313342
4095.0	1.072128
4100.0	0.859904
4105.0	0.951502
4110.0	1.209810
4115.0	1.415073
4120.0	1.533329
4125.0	1.595592
4130.0	1.637041
4135.0	1.712687
4140.0	1.768770
4145.0	1.774064
4150.0	1.775611
4155.0	1.752822
4160.0	1.757465
4165.0	1.774790
4170.0	1.735154
4175.0	1.699624
4180.0	1.709781
4185.0	1.734030
4190.0	1.770255
4195.0	1.766266
4200.0	1.732780
4205.0	1.747830
4210.0	1.773421
4215.0	1.759669
4220.0	1.736847
4225.0	1.696185
4230.0	1.704235
4235.0	1.710073
4240.0	1.721301
4245.0	1.706227
4250.0	1.685867
4255.0	1.702778
4260.0	1.703642
4265.0	1.718594
4270.0	1.689321
4275.0	1.668256
4280.0	1.678685
4285.0	1.645452
4290.0	1.601279
4295.0	1.576575
4300.0	1.529251
4305.0	1.512436
4310.0	1.497652
4315.0	1.462875
4320.0	1.412809
4325.0	1.318162
4330.0	1.179362
4335.0	0.971247
4340.0	0.812495
4345.0	0.920203
4350.0	1.127314
4355.0	1.316098
4360.0	1.449854
4365.0	1.532989
4370.0	1.561745
4375.0	1.579995
4380.0	1.598788
4385.0	1.583916
4390.0	1.609281
4395.0	1.612218
4400.0	1.611134
4405.0	1.623727
4410.0	1.628853
4415.0	1.599175
4420.0	1.612244
4425.0	1.635966
4430.0	1.631807
4435.0	1.631678
4440.0	1.623012
4445.0	1.603984
4450.0	1.619808
4455.0	1.601959
4460.0	1.596923
4465.0	1.585827
4470.0	1.584724
4475.0	1.593671
4480.0	1.557505
4485.0	1.575861
4490.0	1.588042
4495.0	1.596718
4500.0	1.604331
4505.0	1.617584
4510.0	1.615056
4515.0	1.585675
4520.0	1.571505
4525.0	1.547778
4530.0	1.522447
4535.0	1.546477
4540.0	1.566148
4545.0	1.540911
4550.0	1.496238
4555.0	1.502651
4560.0	1.532164
4565.0	1.555706
4570.0	1.544548
4575.0	1.533931
4580.0	1.502930
4585.0	1.489908
4590.0	1.502483
4595.0	1.524136
4600.0	1.530076
4605.0	1.530016
4610.0	1.529079
4615.0	1.522942
4620.0	1.516678
4625.0	1.507823
4630.0	1.483049
4635.0	1.486585
4640.0	1.510054
4645.0	1.496063
4650.0	1.497955
4655.0	1.495827
4660.0	1.487062
4665.0	1.466691
4670.0	1.458872
4675.0	1.479048
4680.0	1.479799
4685.0	1.489488
4690.0	1.484332
4695.0	1.467816
4700.0	1.441945
4705.0	1.442358
4710.0	1.438841
4715.0	1.440817
4720.0	1.447330
4725.0	1.438328
4730.0	1.414327
4735.0	1.412565
4740.0	1.416868
4745.0	1.418744
4750.0	1.416939
4755.0	1.402030
4760.0	1.383238
4765.0	1.361755
4770.0	1.376467
4775.0	1.385388
4780.0	1.370457
4785.0	1.372712
4790.0	1.374349
4795.0	1.385144
4800.0	1.367292
4805.0	1.340926
4810.0	1.332916
4815.0	1.336217
4820.0	1.310266
4825.0	1.279460
4830.0	1.267895
4835.0	1.242022
4840.0	1.185734
4845.0	1.116555
4850.0	1.008322
4855.0	0.841245
4860.0	0.675744
4865.0	0.736886
4870.0	0.907741
4875.0	1.018092
4880.0	1.102300
4885.0	1.142862
4890.0	1.180483
4895.0	1.229114
4900.0	1.252460
4905.0	1.252643
4910.0	1.265742
4915.0	1.274096
4920.0	1.241778
4925.0	1.249491
4930.0	1.281340
4935.0	1.273950
4940.0	1.289674
4945.0	1.303425
4950.0	1.301126
4955.0	1.281212
4960.0	1.268732
4965.0	1.280921
4970.0	1.282173
4975.0	1.275551
4980.0	1.251746
4985.0	1.242067
4990.0	1.256729
4995.0	1.260139
5000.0	1.244927
5005.0	1.223047
5010.0	1.223561
5015.0	1.201622
5020.0	1.186188
5025.0	1.219161
5030.0	1.231973
5035.0	1.233895
5040.0	1.216132
5045.0	1.221168
5050.0	1.218071
5055.0	1.218194
5060.0	1.231200
5065.0	1.225964
5070.0	1.214367
5075.0	1.204701
5080.0	1.200419
5085.0	1.210780
5090.0	1.225511
5095.0	1.214871
5100.0	1.205954
5105.0	1.214035
5110.0	1.218426
5115.0	1.224437
5120.0	1.207833
5125.0	1.187786
5130.0	1.176711
5135.0	1.172350
5140.0	1.167771
5145.0	1.177401
5150.0	1.173500
5155.0	1.170722
5160.0	1.166673
5165.0	1.117994
5170.0	1.084322
5175.0	1.133774
5180.0	1.147477
5185.0	1.114436
5190.0	1.111306
5195.0	1.122861
5200.0	1.122030
5205.0	1.116093
5210.0	1.124048
5215.0	1.137897
5220.0	1.141544
5225.0	1.112681
5230.0	1.093672
5235.0	1.100197
5240.0	1.120376
5245.0	1.136118
5250.0	1.134926
5255.0	1.129885
5260.0	1.097721
5265.0	1.060392
5270.0	1.054530
5275.0	1.068600
5280.0	1.086874
5285.0	1.098394
5290.0	1.122889
5295.0	1.127191
5300.0	1.116441
5305.0	1.111755
5310.0	1.103887
5315.0	1.088322
5320.0	1.086597
5325.0	1.076584
5330.0	1.066196
5335.0	1.073331
5340.0	1.074001
5345.0	1.088525
5350.0	1.095787
5355.0	1.104722
5360.0	1.089702
5365.0	1.063852
5370.0	1.056177
5375.0	1.072395
5380.0	1.071843
5385.0	1.066231
5390.0	1.074251
5395.0	1.065315
5400.0	1.049664
5405.0	1.039522
5410.0	1.044646
5415.0	1.053004
5420.0	1.054703
5425.0	1.046403
5430.0	1.044111
5435.0	1.050662
5440.0	1.060160
5445.0	1.047333
5450.0	1.040280
5455.0	1.040264
5460.0	1.040443
5465.0	1.037571
5470.0	1.043913
5475.0	1.030476
5480.0	1.024701
5485.0	1.035333
5490.0	1.036147
5495.0	1.040520
5500.0	1.032854
5505.0	1.019334
5510.0	1.017868
5515.0	1.031046
5520.0	1.027767
5525.0	1.004932
5530.0	0.996162
5535.0	1.000752
5540.0	1.009270
5545.0	1.014044
5550.0	1.015802
5555.0	1.011319
5560.0	1.006842
5565.0	0.999663
5570.0	0.992571
5575.0	0.997604
5580.0	0.998667
5585.0	0.979824
5590.0	0.971761
5595.0	0.970136
5600.0	0.967118
5605.0	0.980395
5610.0	0.988642
5615.0	0.973109
5620.0	0.973761
5625.0	0.979032
5630.0	0.979232
5635.0	0.973393
5640.0	0.971229
5645.0	0.974341
5650.0	0.972051
5655.0	0.956519
5660.0	0.946565
5665.0	0.952692
5670.0	0.959800
5675.0	0.967411
5680.0	0.955656
5685.0	0.946874
5690.0	0.954245
5695.0	0.957928
5700.0	0.952440
5705.0	0.945652
5710.0	0.941152
5715.0	0.942479
5720.0	0.946568
5725.0	0.946802
5730.0	0.942699
5735.0	0.941936
5740.0	0.941319
5745.0	0.940981
5750.0	0.934136
5755.0	0.925620
5760.0	0.925460
5765.0	0.928551
5770.0	0.926648
5775.0	0.922740
5780.0	0.916890
5785.0	0.914641
5790.0	0.920356
5795.0	0.918636
5800.0	0.918103
5805.0	0.920481
5810.0	0.920640
5815.0	0.921303
5820.0	0.920352
5825.0	0.913190
5830.0	0.909322
5835.0	0.911003
5840.0	0.909167
5845.0	0.907643
5850.0	0.904829
5855.0	0.897468
5860.0	0.901887
5865.0	0.907297
5870.0	0.911598
5875.0	0.904980
5880.0	0.897974
5885.0	0.880619
5890.0	0.851465
5895.0	0.845398
5900.0	0.865061
5905.0	0.888275
5910.0	0.889075
5915.0	0.883578
5920.0	0.877924
5925.0	0.878624
5930.0	0.872814
5935.0	0.871549
5940.0	0.869077
5945.0	0.868245
5950.0	0.865323
5955.0	0.863008
5960.0	0.867192
5965.0	0.866288
5970.0	0.864396
5975.0	0.856644
5980.0	0.853701
5985.0	0.850078
5990.0	0.849779
5995.0	0.853214
6000.0	0.853051
6005.0	0.835549
6010.0	0.836991
6015.0	0.833615
6020.0	0.831205
6025.0	0.834126
6030.0	0.831088
6035.0	0.835543
6040.0	0.827569
6045.0	0.831312
6050.0	0.828439
6055.0	0.824417
6060.0	0.820411
6065.0	0.820552
6070.0	0.823299
6075.0	0.819053
6080.0	0.818285
6085.0	0.811718
6090.0	0.810247
6095.0	0.809775
6100.0	0.807158
6105.0	0.802746
6110.0	0.810095
6115.0	0.812036
6120.0	0.802521
6125.0	0.796339
6130.0	0.796890
6135.0	0.791191
6140.0	0.783328
6145.0	0.782450
6150.0	0.786267
6155.0	0.782642
6160.0	0.776465
6165.0	0.776146
6170.0	0.777231
6175.0	0.782831
6180.0	0.788561
6185.0	0.787769
6190.0	0.785749
6195.0	0.783322
6200.0	0.781731
6205.0	0.783291
6210.0	0.787335
6215.0	0.778454
6220.0	0.773615
6225.0	0.774897
6230.0	0.767762
6235.0	0.760421
6240.0	0.758272
6245.0	0.755429
6250.0	0.754162
6255.0	0.759388
6260.0	0.760082
6265.0	0.761860
6270.0	0.759590
6275.0	0.747628
6280.0	0.725276
6285.0	0.736856
6290.0	0.744953
6295.0	0.741039
6300.0	0.739956
6305.0	0.740644
6310.0	0.741285
6315.0	0.735977
6320.0	0.734958
6325.0	0.741858
6330.0	0.743947
6335.0	0.739165
6340.0	0.736598
6345.0	0.728242
6350.0	0.730436
6355.0	0.738530
6360.0	0.736531
6365.0	0.730189
6370.0	0.726827
6375.0	0.727688
6380.0	0.730883
6385.0	0.730504
6390.0	0.729125
6395.0	0.725971
6400.0	0.722000
6405.0	0.721823
6410.0	0.717601
6415.0	0.714185
6420.0	0.715291
6425.0	0.718827
6430.0	0.714674
6435.0	0.711000
6440.0	0.709427
6445.0	0.711764
6450.0	0.707667
6455.0	0.696247
6460.0	0.693443
6465.0	0.698871
6470.0	0.701468
6475.0	0.696994
6480.0	0.696551
6485.0	0.689044
6490.0	0.682870
6495.0	0.671079
6500.0	0.677966
6505.0	0.691642
6510.0	0.692787
6515.0	0.683812
6520.0	0.678038
6525.0	0.676407
6530.0	0.669616
6535.0	0.661112
6540.0	0.646213
6545.0	0.624887
6550.0	0.593036
6555.0	0.545240
6560.0	0.466561
6565.0	0.434767
6570.0	0.506464
6575.0	0.573147
6580.0	0.613164
6585.0	0.631516
6590.0	0.641148
6595.0	0.650100
6600.0	0.659616
6605.0	0.667287
6610.0	0.669930
6615.0	0.669485
6620.0	0.670854
6625.0	0.671226
6630.0	0.665425
6635.0	0.660103
6640.0	0.660422
6645.0	0.660640
6650.0	0.660072
6655.0	0.661016
6660.0	0.658938
6665.0	0.654088
6670.0	0.652766
6675.0	0.651542
6680.0	0.648830
6685.0	0.650353
6690.0	0.650531
6695.0	0.649969
6700.0	0.646841
6705.0	0.644721
6710.0	0.645180
6715.0	0.640307
6720.0	0.638876
6725.0	0.639826
6730.0	0.638028
6735.0	0.636142
6740.0	0.636947
6745.0	0.631075
6750.0	0.628206
6755.0	0.627715
6760.0	0.628398
6765.0	0.630830
6770.0	0.629701
6775.0	0.629250
6780.0	0.628021
6785.0	0.626210
6790.0	0.624048
6795.0	0.626405
6800.0	0.622423
6805.0	0.621310
6810.0	0.623121
6815.0	0.620959
6820.0	0.617600
6825.0	0.616244
6830.0	0.615824
6835.0	0.614063
6840.0	0.615492
6845.0	0.614561
6850.0	0.613559
6855.0	0.612513
6860.0	0.611573
6865.0	0.610462
6870.0	0.609333
6875.0	0.608310
6880.0	0.607304
6885.0	0.606303
6890.0	0.605276
6895.0	0.604242
6900.0	0.603202
6905.0	0.602165
6910.0	0.601127
6915.0	0.600111
6920.0	0.599161
6925.0	0.598200
6930.0	0.597269
6935.0	0.596392
6940.0	0.595565
6945.0	0.594787
6950.0	0.593921
6955.0	0.592980
6960.0	0.592046
6965.0	0.591140
6970.0	0.590275
6975.0	0.594735
6980.0	0.588688
6985.0	0.586693
6990.0	0.581903
6995.0	0.581063
7000.0	0.578849
7005.0	0.577580
7010.0	0.580266
7015.0	0.580037
7020.0	0.578748
7025.0	0.575466
7030.0	0.577194
7035.0	0.576919
7040.0	0.574437
7045.0	0.577468
7050.0	0.575758
7055.0	0.571854
7060.0	0.572711
7065.0	0.572046
7070.0	0.569639
7075.0	0.568785
7080.0	0.567853
7085.0	0.567070
7090.0	0.563569
7095.0	0.563610
7100.0	0.563433
7105.0	0.562686
7110.0	0.560862
7115.0	0.553282
7120.0	0.556762
7125.0	0.559863
7130.0	0.560117
7135.0	0.561927
7140.0	0.561530
7145.0	0.560786
7150.0	0.556076
7155.0	0.559220
7160.0	0.558825
7165.0	0.552570
7170.0	0.548303
7175.0	0.541038
7180.0	0.537532
7185.0	0.526026
7190.0	0.528375
7195.0	0.530496
7200.0	0.528217
7205.0	0.527050
7210.0	0.537017
7215.0	0.544245
7220.0	0.546609
7225.0	0.543661
7230.0	0.539912
7235.0	0.531256
7240.0	0.530306
7245.0	0.528830
7250.0	0.529797
7255.0	0.526523
7260.0	0.530020
7265.0	0.527583
7270.0	0.527710
7275.0	0.522396
7280.0	0.520334
7285.0	0.525647
7290.0	0.519352
7295.0	0.520096
7300.0	0.524304
7305.0	0.517113
7310.0	0.515776
7315.0	0.516124
7320.0	0.516006
7325.0	0.520227
7330.0	0.516153
7335.0	0.516919
7340.0	0.521124
7345.0	0.517067
7350.0	0.510759
7355.0	0.511197
7360.0	0.511595
7365.0	0.510695
7370.0	0.509052
7375.0	0.510741
7380.0	0.509013
7385.0	0.505936
7390.0	0.504058
7395.0	0.506185
7400.0	0.506722
7405.0	0.504168
7410.0	0.500190
7415.0	0.500936
7420.0	0.500820
7425.0	0.500114
7430.0	0.502952
7435.0	0.503677
7440.0	0.502583
7445.0	0.497980
7450.0	0.498103
7455.0	0.500003
7460.0	0.497363
7465.0	0.495649
7470.0	0.497499
7475.0	0.496074
7480.0	0.495365
7485.0	0.493763
7490.0	0.492348
7495.0	0.489475
7500.0	0.489834
7505.0	0.489298
7510.0	0.486286
7515.0	0.485253
7520.0	0.488616
7525.0	0.488901
7530.0	0.486065
7535.0	0.484064
7540.0	0.485128
7545.0	0.484255
7550.0	0.483081
7555.0	0.482284
7560.0	0.481363
7565.0	0.480485
7570.0	0.479639
7575.0	0.478735
7580.0	0.477802
7585.0	0.476980
7590.0	0.476193
7595.0	0.475383
7600.0	0.474515
7605.0	0.473731
7610.0	0.472932
7615.0	0.472118
7620.0	0.471305
7625.0	0.470490
7630.0	0.469671
7635.0	0.468848
7640.0	0.468019
7645.0	0.467182
7650.0	0.466337
7655.0	0.465484
7660.0	0.464621
7665.0	0.463750
7670.0	0.462865
7675.0	0.461977
7680.0	0.461073
7685.0	0.460222
7690.0	0.459384
7695.0	0.458475
7700.0	0.457566
7705.0	0.456686
7710.0	0.456073
7715.0	0.455843
7720.0	0.455407
7725.0	0.454598
7730.0	0.453940
7735.0	0.453160
7740.0	0.451974
7745.0	0.450260
7750.0	0.451250
7755.0	0.450679
7760.0	0.449028
7765.0	0.445324
7770.0	0.431410
7775.0	0.421034
7780.0	0.433692
7785.0	0.443461
7790.0	0.445939
7795.0	0.443809
7800.0	0.444573
7805.0	0.443648
7810.0	0.443030
7815.0	0.443555
7820.0	0.443835
7825.0	0.441981
7830.0	0.437839
7835.0	0.435699
7840.0	0.437943
7845.0	0.438472
7850.0	0.436919
7855.0	0.436209
7860.0	0.434713
7865.0	0.433197
7870.0	0.434931
7875.0	0.431380
7880.0	0.430606
7885.0	0.433042
7890.0	0.431681
7895.0	0.426752
7900.0	0.426031
7905.0	0.429131
7910.0	0.430419
7915.0	0.429627
7920.0	0.424701
7925.0	0.423794
7930.0	0.421910
7935.0	0.420026
7940.0	0.419048
7945.0	0.418691
7950.0	0.418406
7955.0	0.421612
7960.0	0.421661
7965.0	0.421561
7970.0	0.420403
7975.0	0.420909
7980.0	0.418833
7985.0	0.420112
7990.0	0.419015
7995.0	0.416691
8000.0	0.412373
8005.0	0.413623
8010.0	0.412922
8015.0	0.413458
8020.0	0.412876
8025.0	0.412471
8030.0	0.411623
8035.0	0.411803
8040.0	0.409551
8045.0	0.408650
8050.0	0.407594
8055.0	0.408567
8060.0	0.408481
8065.0	0.405050
8070.0	0.407321
8075.0	0.406618
8080.0	0.405905
8085.0	0.403896
8090.0	0.404247
8095.0	0.404654
8100.0	0.402769
8105.0	0.404491
8110.0	0.402928
8115.0	0.401551
8120.0	0.402378
8125.0	0.401617
8130.0	0.400680
8135.0	0.396741
8140.0	0.397838
8145.0	0.396562
8150.0	0.395184
8155.0	0.392895
8160.0	0.391062
8165.0	0.386994
8170.0	0.389328
8175.0	0.390795
8180.0	0.386886
8185.0	0.386908
8190.0	0.387574
8195.0	0.386157
8200.0	0.385461
8205.0	0.390025
8210.0	0.393616
8215.0	0.390819
8220.0	0.387416
8225.0	0.382109
8230.0	0.372674
8235.0	0.377727
8240.0	0.386095
8245.0	0.385711
8250.0	0.385784
8255.0	0.383302
8260.0	0.384173
8265.0	0.385525
8270.0	0.384819
8275.0	0.380582
8280.0	0.380006
8285.0	0.379458
8290.0	0.377625
8295.0	0.376963
8300.0	0.378159
8305.0	0.377677
8310.0	0.377353
8315.0	0.376618
8320.0	0.373545
8325.0	0.373147
8330.0	0.372576
8335.0	0.369567
8340.0	0.369365
8345.0	0.372623
8350.0	0.373845
8355.0	0.373471
8360.0	0.372510
8365.0	0.372001
8370.0	0.372412
8375.0	0.372085
8380.0	0.370824
8385.0	0.370183
8390.0	0.369106
8395.0	0.369164
8400.0	0.369584
8405.0	0.369266
8410.0	0.367999
8415.0	0.367791
8420.0	0.368555
8425.0	0.370301
8430.0	0.367925
8435.0	0.362478
8440.0	0.357590
8445.0	0.355066
8450.0	0.360607
8455.0	0.365253
8460.0	0.363987
8465.0	0.358016
8470.0	0.357900
8475.0	0.360086
8480.0	0.363526
8485.0	0.365012
8490.0	0.361550
8495.0	0.346484
8500.0	0.335055
8505.0	0.341316
8510.0	0.351917
8515.0	0.355340
8520.0	0.359868
8525.0	0.358468
8530.0	0.353645
8535.0	0.339741
8540.0	0.314202
8545.0	0.306429
8550.0	0.327174
8555.0	0.345456
8560.0	0.352940
8565.0	0.357248
8570.0	0.358874
8575.0	0.356238
8580.0	0.353726
8585.0	0.347914
8590.0	0.338107
8595.0	0.327326
8600.0	0.323752
8605.0	0.333604
8610.0	0.345261
8615.0	0.352261
8620.0	0.357253
8625.0	0.359826
8630.0	0.359603
8635.0	0.359348
8640.0	0.356580
8645.0	0.353480
8650.0	0.343252
8655.0	0.327302
8660.0	0.304337
8665.0	0.290427
8670.0	0.307693
8675.0	0.325935
8680.0	0.337845
8685.0	0.343391
8690.0	0.348817
8695.0	0.355615
8700.0	0.360120
8705.0	0.364172
8710.0	0.363620
8715.0	0.362174
8720.0	0.360067
8725.0	0.354321
8730.0	0.349225
8735.0	0.339113
8740.0	0.324951
8745.0	0.310231
8750.0	0.297560
8755.0	0.303674
8760.0	0.321578
8765.0	0.334724
8770.0	0.340914
8775.0	0.346022
8780.0	0.346896
8785.0	0.347828
8790.0	0.347797
8795.0	0.348219
8800.0	0.347879
8805.0	0.345299
8810.0	0.343996
8815.0	0.344264
8820.0	0.348188
8825.0	0.348265
8830.0	0.340993
8835.0	0.335212
8840.0	0.327537
8845.0	0.321960
8850.0	0.310392
8855.0	0.298043
8860.0	0.278721
8865.0	0.274479
8870.0	0.288986
8875.0	0.304693
8880.0	0.315601
8885.0	0.325977
8890.0	0.329362
8895.0	0.332698
8900.0	0.337558
8905.0	0.337240
8910.0	0.334158
8915.0	0.338220
8920.0	0.338893
8925.0	0.332121
8930.0	0.323484
8935.0	0.326997
8940.0	0.330603
8945.0	0.330598
8950.0	0.327709
8955.0	0.328228
8960.0	0.332936
8965.0	0.326667
8970.0	0.325269
8975.0	0.324312
8980.0	0.320845
8985.0	0.313863
8990.0	0.299786
8995.0	0.298450
9000.0	0.297331
9005.0	0.288665
9010.0	0.281743
9015.0	0.272042
9020.0	0.277228
9025.0	0.291692
9030.0	0.306853
9035.0	0.321397
9040.0	0.328448
9045.0	0.333015
9050.0	0.336789
9055.0	0.331614
9060.0	0.327079
9065.0	0.321319
9070.0	0.319062
9075.0	0.317653
9080.0	0.316108
9085.0	0.313247
9090.0	0.311861
9095.0	0.313279
9100.0	0.315526
9105.0	0.318722
9110.0	0.318819
9115.0	0.319399
9120.0	0.319278
9125.0	0.320819
9130.0	0.318992
9135.0	0.316074
9140.0	0.319138
9145.0	0.322998
9150.0	0.317730
9155.0	0.310712
9160.0	0.312889
9165.0	0.316620
9170.0	0.316964
9175.0	0.313702
9180.0	0.314912
9185.0	0.318605
9190.0	0.318027
9195.0	0.316164
9200.0	0.313185
9205.0	0.309352
9210.0	0.299120
9215.0	0.285421
9220.0	0.275331
9225.0	0.264756
9230.0	0.256721
9235.0	0.261508
9240.0	0.274202
9245.0	0.283411
9250.0	0.290941
9255.0	0.297684
9260.0	0.302608
9265.0	0.306524
9270.0	0.314532
9275.0	0.319437
9280.0	0.319844
9285.0	0.324156
9290.0	0.324530
9295.0	0.321482
9300.0	0.316701
9305.0	0.311944
9310.0	0.305375
9315.0	0.299233
9320.0	0.290838
9325.0	0.295920
9330.0	0.297865
9335.0	0.295845
9340.0	0.289696
9345.0	0.280185
9350.0	0.294653
9355.0	0.287692
9360.0	0.284717
9365.0	0.293416
9370.0	0.286296
9375.0	0.290978
9380.0	0.292413
9385.0	0.302971
9390.0	0.316287
9395.0	0.328795
9400.0	0.324742
9405.0	0.318409
9410.0	0.309220
9415.0	0.303474
9420.0	0.302500
9425.0	0.295615
9430.0	0.281806
9435.0	0.293236
9440.0	0.275540
9445.0	0.279989
9450.0	0.294762
9455.0	0.292637
9460.0	0.284323
9465.0	0.287871
9470.0	0.296458
9475.0	0.291105
9480.0	0.286745
9485.0	0.286257
9490.0	0.300204
9495.0	0.289624
9500.0	0.279000
9505.0	0.290779
9510.0	0.302024
9515.0	0.293892
9520.0	0.275332
9525.0	0.267237
9530.0	0.264527
9535.0	0.262648
9540.0	0.250081
9545.0	0.234859
9550.0	0.236973
9555.0	0.240023
9560.0	0.256030
9565.0	0.260923
9570.0	0.267200
9575.0	0.282866
9580.0	0.280697
9585.0	0.278269
9590.0	0.276732
9595.0	0.274779
9600.0	0.279848
9605.0	0.282259
9610.0	0.285079
9615.0	0.285018
9620.0	0.274199
9625.0	0.275360
9630.0	0.276440
9635.0	0.277340
9640.0	0.274716
9645.0	0.274841
9650.0	0.274648
9655.0	0.276122
9660.0	0.273099
9665.0	0.274226
9670.0	0.280768
9675.0	0.282617
9680.0	0.279416
9685.0	0.277263
9690.0	0.279457
9695.0	0.281649
9700.0	0.277847
9705.0	0.276613
9710.0	0.279934
9715.0	0.275620
9720.0	0.273752
9725.0	0.272602
9730.0	0.271604
9735.0	0.270941
9740.0	0.266864
9745.0	0.265944
9750.0	0.265810
9755.0	0.265081
9760.0	0.268436
9765.0	0.268117
9770.0	0.267397
9775.0	0.269813
9780.0	0.271281
9785.0	0.267792
9790.0	0.266092
9795.0	0.266244
9800.0	0.266964
9805.0	0.265521
9810.0	0.265962
9815.0	0.260663
9820.0	0.268191
9825.0	0.267169
9830.0	0.264201
9835.0	0.263184
9840.0	0.263074
9845.0	0.264955
9850.0	0.268731
9855.0	0.262605
9860.0	0.259839
9865.0	0.265254
9870.0	0.261865
9875.0	0.260360
9880.0	0.258028
9885.0	0.259331
9890.0	0.261666
9895.0	0.255549
9900.0	0.264150
9905.0	0.260488
9910.0	0.266589
9915.0	0.261220
9920.0	0.260278
9925.0	0.257764
9930.0	0.254711
9935.0	0.257057
9940.0	0.247941
9945.0	0.258852
9950.0	0.255804
9955.0	0.260446
9960.0	0.257871
9965.0	0.257342
9970.0	0.260452
9975.0	0.257034
9980.0	0.252739
9985.0	0.252817
9990.0	0.253092
9995.0	0.254817
10000.0	0.247163
10005.0	0.248830
10010.0	0.246153
10015.0	0.248527
10020.0	0.246636
10025.0	0.238293
10030.0	0.235988
10035.0	0.228026
10040.0	0.224689
10045.0	0.216476
10050.0	0.205127
10055.0	0.211425
10060.0	0.215855
10065.0	0.213501
10070.0	0.227686
10075.0	0.233914
10080.0	0.245823
10085.0	0.240777
10090.0	0.237114
10095.0	0.241980
10100.0	0.241863
10105.0	0.240520
10110.0	0.247799
10115.0	0.251882
10120.0	0.247441
10125.0	0.238811
10130.0	0.238501
10135.0	0.238739
10140.0	0.248995
10145.0	0.248527
10150.0	0.247555
10155.0	0.246480
10160.0	0.245701
10165.0	0.245532
10170.0	0.245932
10175.0	0.246777
10180.0	0.247939
10185.0	0.249247
10190.0	0.250347
10195.0	0.250840
10200.0	0.250327
10205.0	0.248613
10210.0	0.246308
10215.0	0.244226
10220.0	0.243180
10225.0	0.243717
10230.0	0.245307
10235.0	0.247153
10240.0	0.248457
10245.0	0.248637
10250.0	0.247958
10255.0	0.246901
10260.0	0.245947
10265.0	0.245437
10270.0	0.245156
10275.0	0.244748
10280.0	0.243860
10285.0	0.242268
10290.0	0.240274
10295.0	0.238312
10300.0	0.236815
10305.0	0.236103
10310.0	0.236036
10315.0	0.236365
10320.0	0.236837
10325.0	0.237241
10330.0	0.237534
10335.0	0.237716
10340.0	0.237783
10345.0	0.237758
10350.0	0.237749
10355.0	0.237887
10360.0	0.238306
10365.0	0.239064
10370.0	0.239939
10375.0	0.240637
10380.0	0.240862
10385.0	0.240395
10390.0	0.239312
10395.0	0.237762
10400.0	0.235896
10405.0	0.233879
10410.0	0.231935
10415.0	0.230303
10420.0	0.229221
10425.0	0.228821
10430.0	0.228806
10435.0	0.228772
10440.0	0.228313
10445.0	0.227158
10450.0	0.225566
10455.0	0.223928
10460.0	0.222635
10465.0	0.221971
10470.0	0.221791
10475.0	0.221843
10480.0	0.221875
10485.0	0.221690
10490.0	0.221311
10495.0	0.220818
10500.0	0.220289
10505.0	0.219783
10510.0	0.219275
10515.0	0.218720
10520.0	0.218073
10525.0	0.217356
10530.0	0.216867
10535.0	0.216971
10540.0	0.218033
10545.0	0.220216
10550.0	0.222870
10555.0	0.225143
10560.0	0.226182
10565.0	0.225399
10570.0	0.223261
10575.0	0.220501
10580.0	0.217849
10585.0	0.215908
10590.0	0.214757
10595.0	0.214346
10600.0	0.214624
10605.0	0.215523
10610.0	0.216901
10615.0	0.218598
10620.0	0.220455
