#-- b12iii
#\*l[Angstrom]	F(\*l)/F(555.6Angstrom]
1150.0	80.717331
1155.0	58.822697
1160.0	46.084198
1165.0	43.013996
1170.0	35.115273
1175.0	27.668774
1180.0	32.747818
1185.0	34.962406
1190.0	27.112854
1195.0	24.834612
1200.0	24.910772
1205.0	20.042112
1210.0	12.891719
1215.0	9.822898
1220.0	18.641714
1225.0	29.074123
1230.0	33.424278
1235.0	36.043472
1240.0	37.187851
1245.0	36.164307
1250.0	35.131752
1255.0	35.547283
1260.0	36.050880
1265.0	38.114735
1270.0	40.016357
1275.0	40.059788
1280.0	39.881683
1285.0	39.547867
1290.0	37.829453
1295.0	33.898540
1300.0	32.102943
1305.0	34.797359
1310.0	38.057842
1315.0	39.087440
1320.0	38.809902
1325.0	36.536625
1330.0	34.586662
1335.0	32.473209
1340.0	33.958599
1345.0	34.813446
1350.0	35.428848
1355.0	35.498512
1360.0	34.323513
1365.0	33.512302
1370.0	33.319435
1375.0	32.093548
1380.0	30.678148
1385.0	28.514946
1390.0	24.248201
1395.0	22.666229
1400.0	23.572512
1405.0	25.771519
1410.0	27.755444
1415.0	27.260014
1420.0	26.929907
1425.0	26.052290
1430.0	26.712805
1435.0	27.740740
1440.0	28.041786
1445.0	27.773335
1450.0	27.969456
1455.0	27.160017
1460.0	26.948801
1465.0	27.089550
1470.0	27.623365
1475.0	27.542501
1480.0	27.390110
1485.0	28.052855
1490.0	28.241182
1495.0	26.874910
1500.0	25.082266
1505.0	24.744677
1510.0	24.673874
1515.0	23.699249
1520.0	23.926367
1525.0	21.895563
1530.0	19.742727
1535.0	18.741011
1540.0	16.918783
1545.0	14.698949
1550.0	16.165497
1555.0	19.253212
1560.0	19.380663
1565.0	19.505070
1570.0	20.150513
1575.0	20.539524
1580.0	20.746939
1585.0	21.407219
1590.0	21.091061
1595.0	19.972979
1600.0	19.016699
1605.0	17.977081
1610.0	17.268639
1615.0	17.784643
1620.0	17.931824
1625.0	17.916063
1630.0	18.084490
1635.0	18.447086
1640.0	18.788988
1645.0	19.650757
1650.0	19.437553
1655.0	18.264404
1660.0	17.963568
1665.0	18.425690
1670.0	18.162043
1675.0	18.947903
1680.0	20.172016
1685.0	19.725855
1690.0	18.965555
1695.0	18.605291
1700.0	18.273268
1705.0	18.035425
1710.0	17.620743
1715.0	16.938257
1720.0	16.045950
1725.0	16.533163
1730.0	17.643862
1735.0	18.541063
1740.0	18.265173
1745.0	17.875513
1750.0	17.777700
1755.0	18.274220
1760.0	18.694607
1765.0	18.602907
1770.0	17.915865
1775.0	17.552011
1780.0	17.482634
1785.0	16.004702
1790.0	13.397943
1795.0	15.812195
1800.0	17.246275
1805.0	16.967152
1810.0	16.551691
1815.0	16.652954
1820.0	17.005144
1825.0	17.016474
1830.0	16.890469
1835.0	16.586256
1840.0	15.751781
1845.0	15.039984
1850.0	14.796963
1855.0	14.739436
1860.0	14.957563
1865.0	14.987175
1870.0	15.011134
1875.0	15.040326
1880.0	14.635312
1885.0	13.677851
1890.0	13.154941
1895.0	13.322406
1900.0	13.496264
1905.0	13.297423
1910.0	13.150349
1915.0	12.657618
1920.0	12.261560
1925.0	12.086190
1930.0	12.681643
1935.0	13.211442
1940.0	13.299747
1945.0	13.289064
1950.0	12.959528
1955.0	12.289224
1960.0	11.508400
1965.0	11.429792
1970.0	12.287663
1975.0	13.260214
1980.0	12.863069
1985.0	12.801370
1990.0	12.067332
1995.0	11.345984
2000.0	11.282357
2005.0	11.695316
2010.0	11.569563
2015.0	12.280392
2020.0	12.181655
2025.0	12.526383
2030.0	12.545506
2035.0	12.103759
2040.0	11.817290
2045.0	11.556646
2050.0	11.638780
2055.0	11.894423
2060.0	11.129672
2065.0	11.160922
2070.0	11.515783
2075.0	11.607277
2080.0	11.635771
2085.0	11.486930
2090.0	11.163400
2095.0	10.261996
2100.0	10.205277
2105.0	10.326957
2110.0	10.627976
2115.0	11.102920
2120.0	11.063919
2125.0	11.181467
2130.0	11.247544
2135.0	10.619627
2140.0	10.322792
2145.0	10.276087
2150.0	9.990604
2155.0	10.101192
2160.0	10.403266
2165.0	9.953468
2170.0	9.897470
2175.0	9.609347
2180.0	9.344927
2185.0	9.521371
2190.0	9.788008
2195.0	10.162237
2200.0	10.110148
2205.0	9.631575
2210.0	9.274659
2215.0	9.051321
2220.0	9.256481
2225.0	9.539359
2230.0	9.430471
2235.0	9.247479
2240.0	9.364753
2245.0	9.309875
2250.0	9.388724
2255.0	9.287314
2260.0	9.362546
2265.0	9.230436
2270.0	8.999113
2275.0	8.946658
2280.0	9.071369
2285.0	9.002579
2290.0	9.169501
2295.0	8.815235
2300.0	8.668582
2305.0	8.626733
2310.0	8.980558
2315.0	9.237049
2320.0	9.124409
2325.0	9.026744
2330.0	9.133413
2335.0	9.141330
2340.0	9.053886
2345.0	9.045562
2350.0	9.291764
2355.0	9.262098
2360.0	9.113672
2365.0	8.917361
2370.0	8.971763
2375.0	9.091454
2380.0	8.933378
2385.0	8.563183
2390.0	8.276361
2395.0	8.589521
2400.0	8.801236
2405.0	8.549692
2410.0	8.421992
2415.0	8.269428
2420.0	8.322881
2425.0	8.603613
2430.0	8.644798
2435.0	8.688939
2440.0	8.768690
2445.0	8.863748
2450.0	8.815141
2455.0	9.091658
2460.0	9.411484
2465.0	9.330894
2470.0	9.008390
2475.0	8.662229
2480.0	8.707833
2485.0	8.812909
2490.0	8.494123
2495.0	8.505847
2500.0	8.818014
2505.0	8.623822
2510.0	8.512320
2515.0	8.397819
2520.0	8.233256
2525.0	8.258522
2530.0	8.583609
2535.0	8.623123
2540.0	8.462879
2545.0	8.462756
2550.0	8.694212
2555.0	8.292758
2560.0	8.230354
2565.0	8.479631
2570.0	8.664526
2575.0	8.242883
2580.0	7.244700
2585.0	7.066213
2590.0	7.843910
2595.0	8.265570
2600.0	8.053348
2605.0	7.923511
2610.0	8.074516
2615.0	8.318711
2620.0	8.104652
2625.0	8.027171
2630.0	8.163589
2635.0	8.191960
2640.0	7.877193
2645.0	8.090027
2650.0	8.030375
2655.0	7.940987
2660.0	7.849125
2665.0	7.885294
2670.0	7.972133
2675.0	7.896170
2680.0	7.941397
2685.0	7.794964
2690.0	7.463846
2695.0	7.280376
2700.0	7.346497
2705.0	7.496123
2710.0	7.397977
2715.0	7.321217
2720.0	7.277266
2725.0	7.185751
2730.0	7.269631
2735.0	7.306519
2740.0	7.399523
2745.0	7.343837
2750.0	7.287463
2755.0	7.053884
2760.0	7.109258
2765.0	7.190351
2770.0	6.965270
2775.0	7.246474
2780.0	7.425817
2785.0	7.336812
2790.0	7.816154
2795.0	7.039585
2800.0	6.550538
2805.0	6.537097
2810.0	6.583429
2815.0	7.069006
2820.0	7.403570
2825.0	6.960972
2830.0	6.614836
2835.0	6.552101
2840.0	6.777225
2845.0	6.777612
2850.0	6.910142
2855.0	6.716792
2860.0	6.694270
2865.0	6.737988
2870.0	6.767127
2875.0	6.711542
2880.0	6.703153
2885.0	6.743594
2890.0	6.674086
2895.0	6.925110
2900.0	6.625654
2905.0	6.560663
2910.0	6.702202
2915.0	6.717231
2920.0	6.582953
2925.0	6.539078
2930.0	6.546461
2935.0	6.579565
2940.0	6.504998
2945.0	6.396259
2950.0	6.256368
2955.0	6.558966
2960.0	6.764090
2965.0	6.417897
2970.0	6.361255
2975.0	6.491911
2980.0	6.363913
2985.0	6.312532
2990.0	6.222660
2995.0	6.177102
3000.0	6.198606
3005.0	6.174957
3010.0	6.131411
3015.0	5.889791
3020.0	5.792145
3025.0	5.833067
3030.0	5.545245
3035.0	5.586946
3040.0	5.647696
3045.0	5.661539
3050.0	5.626898
3055.0	5.606952
3060.0	5.520898
3065.0	5.538794
3070.0	5.487102
3075.0	5.506607
3080.0	5.657759
3085.0	5.508247
3090.0	5.446122
3095.0	5.728920
3100.0	5.325674
3105.0	5.119058
3110.0	5.076274
3115.0	5.293655
3120.0	5.401051
3125.0	5.631491
3130.0	5.602252
3135.0	5.405685
3140.0	5.506554
3145.0	5.274365
3150.0	5.304151
3155.0	5.270780
3160.0	5.186633
3165.0	5.200308
3170.0	5.346776
3175.0	5.293934
3180.0	5.084993
3185.0	5.253097
3190.0	5.296554
3195.0	5.108899
3200.0	5.109699
3205.0	5.156979
3210.0	5.170796
3215.0	5.151854
3220.0	5.119935
3225.0	5.099976
3230.0	5.118451
3235.0	5.178782
3240.0	5.190630
3245.0	5.083509
3250.0	4.960099
3255.0	4.925388
3260.0	4.920444
3265.0	4.870564
3270.0	4.801900
3275.0	4.752789
3280.0	4.709456
3285.0	4.653862
3290.0	4.603030
3295.0	4.576106
3300.0	4.565669
3305.0	4.561255
3310.0	4.566787
3315.0	4.583570
3320.0	4.588030
3325.0	4.561928
3330.0	4.533214
3335.0	4.527832
3340.0	4.517502
3345.0	4.477210
3350.0	4.449195
3355.0	4.473619
3360.0	4.515040
3365.0	4.526700
3370.0	4.492154
3375.0	4.415471
3380.0	4.352459
3385.0	4.349619
3390.0	4.364477
3395.0	4.349758
3400.0	4.327958
3405.0	4.327488
3410.0	4.330650
3415.0	4.314034
3420.0	4.277474
3425.0	4.229123
3430.0	4.187150
3435.0	4.163023
3440.0	4.131366
3445.0	4.071646
3450.0	4.019532
3455.0	4.009736
3460.0	4.016934
3465.0	4.010863
3470.0	4.001532
3475.0	4.001128
3480.0	3.990273
3485.0	3.952218
3490.0	3.912287
3495.0	3.894985
3500.0	3.879466
3505.0	3.845800
3510.0	3.823066
3515.0	3.838865
3520.0	3.865883
3525.0	3.871364
3530.0	3.855712
3535.0	3.829300
3540.0	3.809222
3545.0	3.806373
3550.0	3.800141
3555.0	3.772863
3560.0	3.750175
3565.0	3.754959
3570.0	3.755771
3575.0	3.720403
3580.0	3.667922
3585.0	3.609337
3590.0	3.609001
3595.0	3.618664
3600.0	3.599601
3605.0	3.632007
3610.0	3.663081
3615.0	3.638850
3620.0	3.613470
3625.0	3.641897
3630.0	3.643732
3635.0	3.492352
3640.0	3.528893
3645.0	3.618019
3650.0	3.613870
3655.0	3.629000
3660.0	3.622665
3665.0	3.579438
3670.0	3.573886
3675.0	3.510961
3680.0	3.517251
3685.0	3.572621
3690.0	3.567730
3695.0	3.487131
3700.0	3.431707
3705.0	3.342700
3710.0	3.359972
3715.0	3.440808
3720.0	3.360285
3725.0	3.378251
3730.0	3.377135
3735.0	3.308112
3740.0	3.548400
3745.0	3.373318
3750.0	3.072766
3755.0	3.431441
3760.0	3.691063
3765.0	3.391567
3770.0	3.070776
3775.0	3.509697
3780.0	3.937530
3785.0	3.936599
3790.0	3.641204
3795.0	3.107900
3800.0	3.257521
3805.0	3.739247
3810.0	3.957413
3815.0	3.798244
3820.0	3.696342
3825.0	3.784786
3830.0	3.322133
3835.0	3.023141
3840.0	3.495896
3845.0	3.793458
3850.0	3.860965
3855.0	3.903942
3860.0	3.858090
3865.0	3.752664
3870.0	3.702843
3875.0	3.608919
3880.0	3.347849
3885.0	2.849648
3890.0	2.842709
3895.0	3.374485
3900.0	3.622931
3905.0	3.665153
3910.0	3.634172
3915.0	3.596667
3920.0	3.445179
3925.0	3.416101
3930.0	3.366363
3935.0	3.420547
3940.0	3.532216
3945.0	3.512469
3950.0	3.468697
3955.0	3.346590
3960.0	3.133338
3965.0	2.644351
3970.0	2.446476
3975.0	2.946186
3980.0	3.259169
3985.0	3.313883
3990.0	3.319410
3995.0	3.328106
4000.0	3.345814
4005.0	3.212095
4010.0	3.179786
4015.0	3.215247
4020.0	3.112437
4025.0	2.923556
4030.0	3.066586
4035.0	3.166837
4040.0	3.171858
4045.0	3.168583
4050.0	3.197768
4055.0	3.168848
4060.0	3.168514
4065.0	3.127086
4070.0	3.005328
4075.0	2.979412
4080.0	2.992459
4085.0	2.942513
4090.0	2.865037
4095.0	2.584837
4100.0	2.224554
4105.0	2.432005
4110.0	2.722791
4115.0	2.783260
4120.0	2.761328
4125.0	2.842372
4130.0	2.846406
4135.0	2.848161
4140.0	2.730622
4145.0	2.722098
4150.0	2.825834
4155.0	2.841228
4160.0	2.826144
4165.0	2.800233
4170.0	2.781928
4175.0	2.773800
4180.0	2.772033
4185.0	2.734405
4190.0	2.732409
4195.0	2.722674
4200.0	2.716158
4205.0	2.714379
4210.0	2.723886
4215.0	2.703516
4220.0	2.718630
4225.0	2.707158
4230.0	2.652894
4235.0	2.621943
4240.0	2.604724
4245.0	2.630009
4250.0	2.605189
4255.0	2.564882
4260.0	2.543894
4265.0	2.523640
4270.0	2.535739
4275.0	2.534209
4280.0	2.549386
4285.0	2.546556
4290.0	2.543786
4295.0	2.539161
4300.0	2.518583
4305.0	2.471407
4310.0	2.448052
4315.0	2.419128
4320.0	2.402364
4325.0	2.371353
4330.0	2.236620
4335.0	1.981221
4340.0	1.794681
4345.0	1.995554
4350.0	2.212918
4355.0	2.329541
4360.0	2.340870
4365.0	2.304791
4370.0	2.336390
4375.0	2.367734
4380.0	2.345288
4385.0	2.221406
4390.0	2.239070
4395.0	2.305035
4400.0	2.325277
4405.0	2.302329
4410.0	2.267075
4415.0	2.189944
4420.0	2.188370
4425.0	2.185552
4430.0	2.146926
4435.0	2.136626
4440.0	2.168542
4445.0	2.193014
4450.0	2.192934
4455.0	2.192255
4460.0	2.185032
4465.0	2.078629
4470.0	1.927901
4475.0	2.033468
4480.0	2.097465
4485.0	2.134480
4490.0	2.140350
4495.0	2.137836
4500.0	2.135895
4505.0	2.125159
4510.0	2.110197
4515.0	2.130009
4520.0	2.131881
4525.0	2.091933
4530.0	2.078682
4535.0	2.090290
4540.0	2.092989
4545.0	2.081481
4550.0	2.027819
4555.0	2.053822
4560.0	2.064079
4565.0	2.031204
4570.0	2.017469
4575.0	2.018156
4580.0	2.039036
4585.0	1.981384
4590.0	1.952694
4595.0	1.966765
4600.0	1.951049
4605.0	1.939144
4610.0	1.951574
4615.0	1.963492
4620.0	1.944509
4625.0	1.905595
4630.0	1.899379
4635.0	1.897712
4640.0	1.863462
4645.0	1.830574
4650.0	1.837804
4655.0	1.880728
4660.0	1.881229
4665.0	1.895188
4670.0	1.873561
4675.0	1.852216
4680.0	1.870126
4685.0	1.861425
4690.0	1.857270
4695.0	1.844253
4700.0	1.801931
4705.0	1.808085
4710.0	1.768440
4715.0	1.774164
4720.0	1.817153
4725.0	1.799680
4730.0	1.807338
4735.0	1.790780
4740.0	1.792675
4745.0	1.766821
4750.0	1.722810
4755.0	1.721395
4760.0	1.724244
4765.0	1.731492
4770.0	1.729817
4775.0	1.741251
4780.0	1.712364
4785.0	1.717053
4790.0	1.735109
4795.0	1.742568
4800.0	1.709978
4805.0	1.704925
4810.0	1.693032
4815.0	1.689259
4820.0	1.673214
4825.0	1.666047
4830.0	1.669461
4835.0	1.660262
4840.0	1.635810
4845.0	1.600677
4850.0	1.531045
4855.0	1.362847
4860.0	1.203292
4865.0	1.329042
4870.0	1.486345
4875.0	1.525846
4880.0	1.537230
4885.0	1.536544
4890.0	1.538663
4895.0	1.570242
4900.0	1.569033
4905.0	1.559014
4910.0	1.553552
4915.0	1.519045
4920.0	1.435303
4925.0	1.475158
4930.0	1.557540
4935.0	1.534515
4940.0	1.544068
4945.0	1.579218
4950.0	1.562248
4955.0	1.551928
4960.0	1.553569
4965.0	1.531516
4970.0	1.514235
4975.0	1.509005
4980.0	1.502592
4985.0	1.499846
4990.0	1.498925
4995.0	1.495968
5000.0	1.466089
5005.0	1.451174
5010.0	1.438176
5015.0	1.425152
5020.0	1.449233
5025.0	1.430374
5030.0	1.423655
5035.0	1.417231
5040.0	1.415872
5045.0	1.413727
5050.0	1.414742
5055.0	1.413131
5060.0	1.402434
5065.0	1.371370
5070.0	1.383697
5075.0	1.410481
5080.0	1.392980
5085.0	1.392305
5090.0	1.403249
5095.0	1.368831
5100.0	1.355961
5105.0	1.373517
5110.0	1.370747
5115.0	1.359171
5120.0	1.351696
5125.0	1.355353
5130.0	1.353371
5135.0	1.343274
5140.0	1.316987
5145.0	1.321502
5150.0	1.309002
5155.0	1.307743
5160.0	1.329047
5165.0	1.308109
5170.0	1.299335
5175.0	1.301044
5180.0	1.289563
5185.0	1.299241
5190.0	1.282870
5195.0	1.273298
5200.0	1.292347
5205.0	1.272494
5210.0	1.263794
5215.0	1.272724
5220.0	1.258233
5225.0	1.257154
5230.0	1.254644
5235.0	1.237113
5240.0	1.223862
5245.0	1.226413
5250.0	1.230827
5255.0	1.233697
5260.0	1.233327
5265.0	1.216515
5270.0	1.193407
5275.0	1.190371
5280.0	1.197758
5285.0	1.192354
5290.0	1.183432
5295.0	1.155991
5300.0	1.149392
5305.0	1.157733
5310.0	1.174996
5315.0	1.193421
5320.0	1.185574
5325.0	1.175383
5330.0	1.170542
5335.0	1.156287
5340.0	1.149257
5345.0	1.164168
5350.0	1.171112
5355.0	1.158666
5360.0	1.137109
5365.0	1.124855
5370.0	1.116024
5375.0	1.123975
5380.0	1.125875
5385.0	1.119029
5390.0	1.125744
5395.0	1.115476
5400.0	1.104082
5405.0	1.094415
5410.0	1.105482
5415.0	1.108322
5420.0	1.094783
5425.0	1.088759
5430.0	1.084008
5435.0	1.084941
5440.0	1.081957
5445.0	1.070365
5450.0	1.055596
5455.0	1.048221
5460.0	1.040455
5465.0	1.052056
5470.0	1.054781
5475.0	1.035808
5480.0	1.026268
5485.0	1.033779
5490.0	1.035385
5495.0	1.032934
5500.0	1.037061
5505.0	1.038073
5510.0	1.033926
5515.0	1.028265
5520.0	1.034922
5525.0	1.030187
5530.0	1.017019
5535.0	1.019108
5540.0	1.009881
5545.0	1.006881
5550.0	1.009491
5555.0	1.002835
5560.0	0.987492
5565.0	0.987338
5570.0	0.984189
5575.0	0.981290
5580.0	0.989709
5585.0	0.975996
5590.0	0.966850
5595.0	0.965001
5600.0	0.966187
5605.0	0.950861
5610.0	0.946654
5615.0	0.960010
5620.0	0.968377
5625.0	0.945670
5630.0	0.946548
5635.0	0.942923
5640.0	0.934994
5645.0	0.937044
5650.0	0.925369
5655.0	0.918532
5660.0	0.911016
5665.0	0.912596
5670.0	0.916354
5675.0	0.899031
5680.0	0.893546
5685.0	0.907963
5690.0	0.911662
5695.0	0.899524
5700.0	0.890376
5705.0	0.882021
5710.0	0.890845
5715.0	0.887511
5720.0	0.867887
5725.0	0.856073
5730.0	0.860485
5735.0	0.849918
5740.0	0.853212
5745.0	0.848961
5750.0	0.844695
5755.0	0.855569
5760.0	0.856272
5765.0	0.859928
5770.0	0.851946
5775.0	0.831183
5780.0	0.798557
5785.0	0.835665
5790.0	0.839752
5795.0	0.822389
5800.0	0.834770
5805.0	0.843936
5810.0	0.833645
5815.0	0.826570
5820.0	0.832059
5825.0	0.840701
5830.0	0.826601
5835.0	0.811441
5840.0	0.816854
5845.0	0.833637
5850.0	0.822987
5855.0	0.808471
5860.0	0.828422
5865.0	0.820902
5870.0	0.765083
5875.0	0.743647
5880.0	0.780244
5885.0	0.756427
5890.0	0.686822
5895.0	0.697404
5900.0	0.745640
5905.0	0.785536
5910.0	0.782332
5915.0	0.778331
5920.0	0.777377
5925.0	0.779747
5930.0	0.770667
5935.0	0.769879
5940.0	0.764955
5945.0	0.759705
5950.0	0.761484
5955.0	0.766376
5960.0	0.759842
5965.0	0.754896
5970.0	0.750496
5975.0	0.754706
5980.0	0.759177
5985.0	0.745799
5990.0	0.740237
5995.0	0.738762
6000.0	0.730741
6005.0	0.732782
6010.0	0.733887
6015.0	0.730139
6020.0	0.729572
6025.0	0.728327
6030.0	0.727225
6035.0	0.726175
6040.0	0.717504
6045.0	0.722644
6050.0	0.714038
6055.0	0.718046
6060.0	0.715732
6065.0	0.712740
6070.0	0.708200
6075.0	0.705296
6080.0	0.708491
6085.0	0.702571
6090.0	0.704470
6095.0	0.700920
6100.0	0.700932
6105.0	0.700679
6110.0	0.700532
6115.0	0.702889
6120.0	0.691004
6125.0	0.691524
6130.0	0.689138
6135.0	0.680975
6140.0	0.679647
6145.0	0.677679
6150.0	0.678226
6155.0	0.679122
6160.0	0.670995
6165.0	0.671250
6170.0	0.664001
6175.0	0.664213
6180.0	0.660482
6185.0	0.658522
6190.0	0.659580
6195.0	0.662177
6200.0	0.653668
6205.0	0.653394
6210.0	0.654946
6215.0	0.648432
6220.0	0.649781
6225.0	0.653062
6230.0	0.657428
6235.0	0.655184
6240.0	0.654445
6245.0	0.656725
6250.0	0.649453
6255.0	0.645178
6260.0	0.650082
6265.0	0.643202
6270.0	0.632086
6275.0	0.620583
6280.0	0.592489
6285.0	0.596509
6290.0	0.616943
6295.0	0.626873
6300.0	0.622099
6305.0	0.619311
6310.0	0.623696
6315.0	0.619024
6320.0	0.620343
6325.0	0.620862
6330.0	0.622198
6335.0	0.618677
6340.0	0.613639
6345.0	0.602667
6350.0	0.600997
6355.0	0.601901
6360.0	0.601970
6365.0	0.596683
6370.0	0.594163
6375.0	0.588831
6380.0	0.587206
6385.0	0.590750
6390.0	0.589583
6395.0	0.586096
6400.0	0.583159
6405.0	0.584688
6410.0	0.590563
6415.0	0.581574
6420.0	0.580763
6425.0	0.581440
6430.0	0.580139
6435.0	0.580991
6440.0	0.580302
6445.0	0.570930
6450.0	0.569800
6455.0	0.569590
6460.0	0.566400
6465.0	0.566898
6470.0	0.564989
6475.0	0.559582
6480.0	0.557471
6485.0	0.552617
6490.0	0.553975
6495.0	0.555696
6500.0	0.558854
6505.0	0.559367
6510.0	0.556384
6515.0	0.550888
6520.0	0.554651
6525.0	0.559659
6530.0	0.552056
6535.0	0.548521
6540.0	0.548097
6545.0	0.540912
6550.0	0.525994
6555.0	0.500518
6560.0	0.446760
6565.0	0.445827
6570.0	0.500266
6575.0	0.518442
6580.0	0.522699
6585.0	0.527841
6590.0	0.538819
6595.0	0.538181
6600.0	0.535933
6605.0	0.538003
6610.0	0.530122
6615.0	0.532124
6620.0	0.535821
6625.0	0.533471
6630.0	0.526122
6635.0	0.525864
6640.0	0.521171
6645.0	0.515130
6650.0	0.515302
6655.0	0.515038
6660.0	0.512506
6665.0	0.506196
6670.0	0.498430
6675.0	0.479656
6680.0	0.476798
6685.0	0.498697
6690.0	0.501755
6695.0	0.501822
6700.0	0.501100
6705.0	0.502934
6710.0	0.502828
6715.0	0.495424
6720.0	0.493366
6725.0	0.494469
6730.0	0.492250
6735.0	0.493654
6740.0	0.495556
6745.0	0.492567
6750.0	0.489382
6755.0	0.487069
6760.0	0.483735
6765.0	0.483247
6770.0	0.480255
6775.0	0.477874
6780.0	0.479389
6785.0	0.477724
6790.0	0.475057
6795.0	0.476514
6800.0	0.476685
6805.0	0.474583
6810.0	0.470294
6815.0	0.471740
6820.0	0.469819
6825.0	0.467223
6830.0	0.467612
6835.0	0.464650
6840.0	0.470830
6845.0	0.469471
6850.0	0.468113
6855.0	0.466833
6860.0	0.465688
6865.0	0.464384
6870.0	0.462977
6875.0	0.461756
6880.0	0.460569
6885.0	0.459343
6890.0	0.458072
6895.0	0.456888
6900.0	0.455745
6905.0	0.454589
6910.0	0.453421
6915.0	0.452258
6920.0	0.451158
6925.0	0.450099
6930.0	0.449104
6935.0	0.448069
6940.0	0.446999
6945.0	0.445942
6950.0	0.444792
6955.0	0.443645
6960.0	0.442441
6965.0	0.441322
6970.0	0.440212
6975.0	0.447727
6980.0	0.442243
6985.0	0.433359
6990.0	0.428296
6995.0	0.429911
7000.0	0.429934
7005.0	0.426847
7010.0	0.424500
7015.0	0.420627
7020.0	0.420851
7025.0	0.414876
7030.0	0.419989
7035.0	0.419487
7040.0	0.419783
7045.0	0.421319
7050.0	0.417556
7055.0	0.418290
7060.0	0.412667
7065.0	0.395087
7070.0	0.409419
7075.0	0.413324
7080.0	0.410950
7085.0	0.412192
7090.0	0.411230
7095.0	0.407948
7100.0	0.400791
7105.0	0.398163
7110.0	0.403812
7115.0	0.406062
7120.0	0.406685
7125.0	0.409861
7130.0	0.413114
7135.0	0.418098
7140.0	0.411996
7145.0	0.407799
7150.0	0.408873
7155.0	0.406704
7160.0	0.398264
7165.0	0.390864
7170.0	0.378983
7175.0	0.374837
7180.0	0.371181
7185.0	0.361570
7190.0	0.363501
7195.0	0.365089
7200.0	0.361974
7205.0	0.375053
7210.0	0.397593
7215.0	0.399174
7220.0	0.395208
7225.0	0.389822
7230.0	0.381752
7235.0	0.368060
7240.0	0.368938
7245.0	0.372689
7250.0	0.375627
7255.0	0.367053
7260.0	0.368704
7265.0	0.375484
7270.0	0.372603
7275.0	0.362775
7280.0	0.368667
7285.0	0.376532
7290.0	0.362357
7295.0	0.366671
7300.0	0.367849
7305.0	0.365432
7310.0	0.365814
7315.0	0.364653
7320.0	0.367451
7325.0	0.369245
7330.0	0.366347
7335.0	0.365355
7340.0	0.368743
7345.0	0.364207
7350.0	0.360740
7355.0	0.366840
7360.0	0.364091
7365.0	0.361081
7370.0	0.360092
7375.0	0.356882
7380.0	0.350272
7385.0	0.350369
7390.0	0.348522
7395.0	0.348493
7400.0	0.347108
7405.0	0.342431
7410.0	0.338370
7415.0	0.344724
7420.0	0.353160
7425.0	0.350992
7430.0	0.350843
7435.0	0.348608
7440.0	0.348487
7445.0	0.347933
7450.0	0.348855
7455.0	0.346497
7460.0	0.344851
7465.0	0.346362
7470.0	0.343601
7475.0	0.343012
7480.0	0.343354
7485.0	0.339498
7490.0	0.340923
7495.0	0.340397
7500.0	0.337137
7505.0	0.336853
7510.0	0.337543
7515.0	0.337879
7520.0	0.336277
7525.0	0.335754
7530.0	0.334073
7535.0	0.333854
7540.0	0.331228
7545.0	0.332515
7550.0	0.331103
7555.0	0.330487
7560.0	0.329732
7565.0	0.328897
7570.0	0.328085
7575.0	0.327325
7580.0	0.326597
7585.0	0.325836
7590.0	0.325086
7595.0	0.324291
7600.0	0.323521
7605.0	0.322692
7610.0	0.321930
7615.0	0.321153
7620.0	0.320380
7625.0	0.319609
7630.0	0.318839
7635.0	0.318072
7640.0	0.317306
7645.0	0.316544
7650.0	0.315785
7655.0	0.315031
7660.0	0.314282
7665.0	0.313539
7670.0	0.312798
7675.0	0.312073
7680.0	0.311352
7685.0	0.310641
7690.0	0.309880
7695.0	0.309108
7700.0	0.308367
7705.0	0.307680
7710.0	0.307049
7715.0	0.306605
7720.0	0.306009
7725.0	0.305261
7730.0	0.304747
7735.0	0.303701
7740.0	0.303143
7745.0	0.302093
7750.0	0.303018
7755.0	0.302189
7760.0	0.301014
7765.0	0.298951
7770.0	0.296418
7775.0	0.291476
7780.0	0.295078
7785.0	0.296853
7790.0	0.295421
7795.0	0.294780
7800.0	0.296144
7805.0	0.297270
7810.0	0.293736
7815.0	0.292071
7820.0	0.292290
7825.0	0.292592
7830.0	0.290757
7835.0	0.289876
7840.0	0.290432
7845.0	0.288889
7850.0	0.289232
7855.0	0.288102
7860.0	0.287772
7865.0	0.284241
7870.0	0.286928
7875.0	0.285436
7880.0	0.282072
7885.0	0.284413
7890.0	0.283116
7895.0	0.281421
7900.0	0.279263
7905.0	0.280045
7910.0	0.281978
7915.0	0.280692
7920.0	0.276959
7925.0	0.277173
7930.0	0.276757
7935.0	0.277009
7940.0	0.278404
7945.0	0.276892
7950.0	0.273020
7955.0	0.276324
7960.0	0.276260
7965.0	0.272073
7970.0	0.270714
7975.0	0.272091
7980.0	0.271502
7985.0	0.270929
7990.0	0.269827
7995.0	0.269225
8000.0	0.269714
8005.0	0.268795
8010.0	0.267199
8015.0	0.266467
8020.0	0.267139
8025.0	0.265353
8030.0	0.265360
8035.0	0.265546
8040.0	0.264150
8045.0	0.263921
8050.0	0.263234
8055.0	0.262586
8060.0	0.263121
8065.0	0.261432
8070.0	0.262184
8075.0	0.260958
8080.0	0.260707
8085.0	0.260208
8090.0	0.260631
8095.0	0.258779
8100.0	0.259457
8105.0	0.260672
8110.0	0.258830
8115.0	0.257096
8120.0	0.259026
8125.0	0.257412
8130.0	0.258261
8135.0	0.252885
8140.0	0.253642
8145.0	0.252271
8150.0	0.249980
8155.0	0.247376
8160.0	0.242552
8165.0	0.240884
8170.0	0.245411
8175.0	0.246150
8180.0	0.243355
8185.0	0.248225
8190.0	0.247440
8195.0	0.246517
8200.0	0.245846
8205.0	0.252205
8210.0	0.250700
8215.0	0.251161
8220.0	0.245837
8225.0	0.238064
8230.0	0.227634
8235.0	0.236888
8240.0	0.244589
8245.0	0.243638
8250.0	0.247778
8255.0	0.242825
8260.0	0.242256
8265.0	0.242189
8270.0	0.240836
8275.0	0.237860
8280.0	0.237037
8285.0	0.237531
8290.0	0.237605
8295.0	0.235486
8300.0	0.237112
8305.0	0.235090
8310.0	0.234927
8315.0	0.233897
8320.0	0.232733
8325.0	0.233987
8330.0	0.235192
8335.0	0.234348
8340.0	0.232939
8345.0	0.233600
8350.0	0.233729
8355.0	0.231886
8360.0	0.229881
8365.0	0.229337
8370.0	0.231470
8375.0	0.231190
8380.0	0.231236
8385.0	0.229994
8390.0	0.230225
8395.0	0.229588
8400.0	0.229794
8405.0	0.227563
8410.0	0.227518
8415.0	0.225408
8420.0	0.227467
8425.0	0.229243
8430.0	0.224161
8435.0	0.222866
8440.0	0.222215
8445.0	0.222141
8450.0	0.222872
8455.0	0.224613
8460.0	0.225481
8465.0	0.222796
8470.0	0.221950
8475.0	0.221615
8480.0	0.221650
8485.0	0.221665
8490.0	0.222726
8495.0	0.220880
8500.0	0.215088
8505.0	0.213748
8510.0	0.219605
8515.0	0.220364
8520.0	0.219892
8525.0	0.219319
8530.0	0.220564
8535.0	0.216957
8540.0	0.212159
8545.0	0.210410
8550.0	0.211553
8555.0	0.216225
8560.0	0.218692
8565.0	0.218228
8570.0	0.218043
8575.0	0.217683
8580.0	0.216107
8585.0	0.212959
8590.0	0.209587
8595.0	0.207017
8600.0	0.205022
8605.0	0.206552
8610.0	0.213122
8615.0	0.217008
8620.0	0.217273
8625.0	0.218514
8630.0	0.219262
8635.0	0.219468
8640.0	0.217496
8645.0	0.214637
8650.0	0.210427
8655.0	0.205404
8660.0	0.202389
8665.0	0.194163
8670.0	0.196568
8675.0	0.201602
8680.0	0.209217
8685.0	0.212236
8690.0	0.213360
8695.0	0.217322
8700.0	0.216133
8705.0	0.218339
8710.0	0.215741
8715.0	0.212888
8720.0	0.214687
8725.0	0.211065
8730.0	0.209084
8735.0	0.203495
8740.0	0.199318
8745.0	0.194131
8750.0	0.186906
8755.0	0.188612
8760.0	0.194028
8765.0	0.199618
8770.0	0.200124
8775.0	0.200184
8780.0	0.200198
8785.0	0.204118
8790.0	0.204192
8795.0	0.204554
8800.0	0.207340
8805.0	0.207646
8810.0	0.205337
8815.0	0.204096
8820.0	0.200598
8825.0	0.202651
8830.0	0.200673
8835.0	0.198236
8840.0	0.195659
8845.0	0.194126
8850.0	0.187100
8855.0	0.181864
8860.0	0.174278
8865.0	0.170369
8870.0	0.179797
8875.0	0.186646
8880.0	0.188967
8885.0	0.192346
8890.0	0.194650
8895.0	0.195917
8900.0	0.195260
8905.0	0.197969
8910.0	0.198904
8915.0	0.197663
8920.0	0.196556
8925.0	0.197290
8930.0	0.196033
8935.0	0.193438
8940.0	0.194344
8945.0	0.194101
8950.0	0.192027
8955.0	0.187731
8960.0	0.192237
8965.0	0.187472
8970.0	0.186598
8975.0	0.187802
8980.0	0.187493
8985.0	0.181590
8990.0	0.169933
8995.0	0.173785
9000.0	0.173599
9005.0	0.166128
9010.0	0.163049
9015.0	0.156139
9020.0	0.159415
9025.0	0.165998
9030.0	0.179136
9035.0	0.188195
9040.0	0.191525
9045.0	0.194298
9050.0	0.192691
9055.0	0.188072
9060.0	0.183342
9065.0	0.179291
9070.0	0.177737
9075.0	0.177516
9080.0	0.177913
9085.0	0.178215
9090.0	0.176990
9095.0	0.178787
9100.0	0.176418
9105.0	0.180410
9110.0	0.179595
9115.0	0.179389
9120.0	0.175487
9125.0	0.178010
9130.0	0.173929
9135.0	0.169112
9140.0	0.174624
9145.0	0.177225
9150.0	0.173439
9155.0	0.167845
9160.0	0.169455
9165.0	0.174056
9170.0	0.171868
9175.0	0.170739
9180.0	0.170891
9185.0	0.170329
9190.0	0.173564
9195.0	0.172355
9200.0	0.170945
9205.0	0.170459
9210.0	0.163900
9215.0	0.158557
9220.0	0.157404
9225.0	0.148094
9230.0	0.140178
9235.0	0.145400
9240.0	0.155535
9245.0	0.161908
9250.0	0.164486
9255.0	0.172171
9260.0	0.167164
9265.0	0.171806
9270.0	0.175487
9275.0	0.175951
9280.0	0.170492
9285.0	0.171033
9290.0	0.174869
9295.0	0.170191
9300.0	0.163969
9305.0	0.155577
9310.0	0.153956
9315.0	0.147927
9320.0	0.145537
9325.0	0.145332
9330.0	0.149318
9335.0	0.146838
9340.0	0.146167
9345.0	0.142123
9350.0	0.149878
9355.0	0.143968
9360.0	0.147046
9365.0	0.151620
9370.0	0.148846
9375.0	0.153584
9380.0	0.153824
9385.0	0.160020
9390.0	0.166698
9395.0	0.171975
9400.0	0.168010
9405.0	0.165165
9410.0	0.158053
9415.0	0.158419
9420.0	0.151996
9425.0	0.148076
9430.0	0.143622
9435.0	0.150296
9440.0	0.142717
9445.0	0.146285
9450.0	0.154867
9455.0	0.151327
9460.0	0.149722
9465.0	0.152518
9470.0	0.154090
9475.0	0.151375
9480.0	0.145321
9485.0	0.152291
9490.0	0.153303
9495.0	0.144449
9500.0	0.142614
9505.0	0.146422
9510.0	0.153866
9515.0	0.146548
9520.0	0.138620
9525.0	0.136432
9530.0	0.138376
9535.0	0.140433
9540.0	0.136404
9545.0	0.131446
9550.0	0.133355
9555.0	0.128895
9560.0	0.141186
9565.0	0.145028
9570.0	0.146835
9575.0	0.150352
9580.0	0.147759
9585.0	0.144145
9590.0	0.142499
9595.0	0.139016
9600.0	0.143711
9605.0	0.142965
9610.0	0.145152
9615.0	0.144489
9620.0	0.142349
9625.0	0.143278
9630.0	0.139561
9635.0	0.140250
9640.0	0.140044
9645.0	0.139741
9650.0	0.141262
9655.0	0.143366
9660.0	0.142334
9665.0	0.146152
9670.0	0.142398
9675.0	0.143699
9680.0	0.141670
9685.0	0.144536
9690.0	0.141593
9695.0	0.139650
9700.0	0.138632
9705.0	0.134893
9710.0	0.136857
9715.0	0.134102
9720.0	0.133020
9725.0	0.133007
9730.0	0.135926
9735.0	0.137800
9740.0	0.137345
9745.0	0.132548
9750.0	0.135087
9755.0	0.133642
9760.0	0.132765
9765.0	0.127850
9770.0	0.135824
9775.0	0.134503
9780.0	0.132575
9785.0	0.135058
9790.0	0.132537
9795.0	0.137463
9800.0	0.136146
9805.0	0.133382
9810.0	0.130101
9815.0	0.127024
9820.0	0.129812
9825.0	0.130467
9830.0	0.132817
9835.0	0.131653
9840.0	0.132550
9845.0	0.134690
9850.0	0.131145
9855.0	0.130140
9860.0	0.129112
9865.0	0.131467
9870.0	0.134921
9875.0	0.132230
9880.0	0.124307
9885.0	0.127701
9890.0	0.128683
9895.0	0.126446
9900.0	0.132876
9905.0	0.122743
9910.0	0.129950
9915.0	0.128681
9920.0	0.127270
9925.0	0.123524
9930.0	0.128182
9935.0	0.128354
9940.0	0.122778
9945.0	0.125379
9950.0	0.123159
9955.0	0.128976
9960.0	0.121419
9965.0	0.125495
9970.0	0.123965
9975.0	0.124117
9980.0	0.116717
9985.0	0.116556
9990.0	0.118053
9995.0	0.115544
10000.0	0.111612
10005.0	0.109412
10010.0	0.107725
10015.0	0.106457
10020.0	0.105516
10025.0	0.104845
10030.0	0.104530
10035.0	0.104692
10040.0	0.105452
10045.0	0.106841
10050.0	0.108524
10055.0	0.110076
10060.0	0.111072
10065.0	0.111229
10070.0	0.110840
10075.0	0.110339
10080.0	0.110160
10085.0	0.110585
10090.0	0.111286
10095.0	0.111779
10100.0	0.111584
10105.0	0.110396
10110.0	0.108625
10115.0	0.106862
10120.0	0.105694
10125.0	0.105551
10130.0	0.106222
10135.0	0.107335
10140.0	0.108520
10145.0	0.109461
10150.0	0.110071
10155.0	0.110316
10160.0	0.110164
10165.0	0.109614
10170.0	0.108787
10175.0	0.107838
10180.0	0.106920
10185.0	0.106181
10190.0	0.105743
10195.0	0.105724
10200.0	0.106239
10205.0	0.107320
10210.0	0.108647
10215.0	0.109812
10220.0	0.110410
10225.0	0.110160
10230.0	0.109290
10235.0	0.108154
10240.0	0.107105
10245.0	0.106413
10250.0	0.106014
10255.0	0.105761
10260.0	0.105505
10265.0	0.105125
10270.0	0.104607
10275.0	0.103962
10280.0	0.103203
10285.0	0.102356
10290.0	0.101510
10295.0	0.100770
10300.0	0.100239
10305.0	0.099988
10310.0	0.099960
10315.0	0.100066
10320.0	0.100215
10325.0	0.100345
10330.0	0.100501
10335.0	0.100757
10340.0	0.101186
10345.0	0.101795
10350.0	0.102321
10355.0	0.102435
10360.0	0.101807
10365.0	0.100260
10370.0	0.098225
10375.0	0.096281
10380.0	0.095011
10385.0	0.094846
10390.0	0.095613
10395.0	0.096988
10400.0	0.098650
10405.0	0.100287
10410.0	0.101637
10415.0	0.102450
10420.0	0.102477
10425.0	0.101581
10430.0	0.100079
10435.0	0.098401
10440.0	0.096976
10445.0	0.096139
10450.0	0.095842
10455.0	0.095940
10460.0	0.096289
10465.0	0.096744
10470.0	0.097148
10475.0	0.097343
10480.0	0.097172
10485.0	0.096529
10490.0	0.095511
10495.0	0.094270
10500.0	0.092957
10505.0	0.091739
10510.0	0.090849
10515.0	0.090540
10520.0	0.091060
10525.0	0.092524
10530.0	0.094486
10535.0	0.096364
10540.0	0.097575
10545.0	0.097736
10550.0	0.097251
10555.0	0.096725
10560.0	0.096761
10565.0	0.097712
10570.0	0.098927
10575.0	0.099503
10580.0	0.098538
10585.0	0.095497
10590.0	0.091320
10595.0	0.087316
10600.0	0.084791
10605.0	0.084719
10610.0	0.086739
10615.0	0.090153
10620.0	0.094263
