#-- b1i
#\*l[Angstrom]	F(\*l)/F(555.6Angstrom]
1150.0	68.498230
1155.0	47.618748
1160.0	35.239861
1165.0	33.033638
1170.0	25.270245
1175.0	20.750645
1180.0	26.354486
1185.0	26.569315
1190.0	19.281036
1195.0	18.403961
1200.0	15.288653
1205.0	12.044398
1210.0	7.505041
1215.0	6.962738
1220.0	15.172680
1225.0	21.922369
1230.0	24.006237
1235.0	27.790386
1240.0	33.755322
1245.0	31.425594
1250.0	28.890450
1255.0	28.920860
1260.0	29.025829
1265.0	31.421740
1270.0	32.001957
1275.0	31.659101
1280.0	32.004280
1285.0	30.866085
1290.0	28.348862
1295.0	23.515362
1300.0	22.371378
1305.0	28.164797
1310.0	32.783573
1315.0	32.451813
1320.0	31.594889
1325.0	28.879892
1330.0	27.044384
1335.0	26.287849
1340.0	27.687988
1345.0	28.259830
1350.0	29.387936
1355.0	29.396568
1360.0	28.745996
1365.0	28.206715
1370.0	27.427601
1375.0	24.940886
1380.0	23.511980
1385.0	20.340282
1390.0	15.805983
1395.0	15.627576
1400.0	17.341894
1405.0	20.935001
1410.0	22.281197
1415.0	21.795784
1420.0	21.633478
1425.0	21.597317
1430.0	21.955015
1435.0	22.038986
1440.0	22.938114
1445.0	23.097788
1450.0	22.898592
1455.0	22.551863
1460.0	22.392345
1465.0	21.177286
1470.0	21.325958
1475.0	22.002653
1480.0	22.062687
1485.0	22.273169
1490.0	22.322596
1495.0	20.453856
1500.0	18.308838
1505.0	18.685345
1510.0	18.149927
1515.0	17.287727
1520.0	18.035461
1525.0	16.301279
1530.0	14.694472
1535.0	13.711540
1540.0	11.215562
1545.0	9.520929
1550.0	13.115121
1555.0	15.468869
1560.0	14.892138
1565.0	15.009947
1570.0	15.486353
1575.0	15.542391
1580.0	15.701838
1585.0	17.412004
1590.0	17.543699
1595.0	15.738257
1600.0	15.300715
1605.0	14.438074
1610.0	13.789930
1615.0	14.807056
1620.0	14.865270
1625.0	14.967644
1630.0	15.143823
1635.0	15.975362
1640.0	16.628429
1645.0	17.075226
1650.0	16.704184
1655.0	15.895212
1660.0	15.798484
1665.0	16.113581
1670.0	15.558909
1675.0	16.724150
1680.0	17.492708
1685.0	16.853796
1690.0	16.162767
1695.0	15.725634
1700.0	15.451020
1705.0	14.966558
1710.0	14.298640
1715.0	13.477598
1720.0	12.722324
1725.0	13.626128
1730.0	14.957741
1735.0	15.543309
1740.0	14.905583
1745.0	14.415608
1750.0	14.487020
1755.0	16.041998
1760.0	16.512461
1765.0	15.874567
1770.0	14.492363
1775.0	14.366810
1780.0	15.346307
1785.0	14.276835
1790.0	12.082973
1795.0	14.449913
1800.0	16.074152
1805.0	15.276820
1810.0	14.377150
1815.0	14.521012
1820.0	14.633113
1825.0	14.787445
1830.0	14.783777
1835.0	14.084050
1840.0	12.280457
1845.0	10.879512
1850.0	10.721275
1855.0	11.220778
1860.0	11.705374
1865.0	12.239739
1870.0	12.724792
1875.0	12.501994
1880.0	10.997932
1885.0	9.502180
1890.0	8.903380
1895.0	9.353745
1900.0	9.918090
1905.0	9.947099
1910.0	9.747463
1915.0	8.976473
1920.0	8.489425
1925.0	8.422861
1930.0	9.455703
1935.0	10.230131
1940.0	10.159047
1945.0	10.045296
1950.0	9.394188
1955.0	8.881656
1960.0	8.018449
1965.0	7.677684
1970.0	8.802418
1975.0	10.857898
1980.0	11.023004
1985.0	10.255795
1990.0	9.000793
1995.0	7.830333
2000.0	7.957098
2005.0	8.694983
2010.0	9.213589
2015.0	10.010491
2020.0	10.005296
2025.0	10.124153
2030.0	10.516715
2035.0	9.993667
2040.0	9.336271
2045.0	8.985644
2050.0	9.180560
2055.0	9.387685
2060.0	8.750011
2065.0	8.304244
2070.0	9.186182
2075.0	9.941047
2080.0	10.591674
2085.0	9.813636
2090.0	9.255108
2095.0	8.124166
2100.0	7.852627
2105.0	8.056248
2110.0	8.752290
2115.0	9.755148
2120.0	9.507977
2125.0	9.717938
2130.0	10.682579
2135.0	10.437278
2140.0	9.931671
2145.0	9.250220
2150.0	8.597295
2155.0	8.881383
2160.0	9.407294
2165.0	9.190021
2170.0	8.991243
2175.0	9.066622
2180.0	8.942189
2185.0	9.148421
2190.0	9.341826
2195.0	9.590592
2200.0	9.780268
2205.0	9.283283
2210.0	8.727510
2215.0	8.649602
2220.0	8.700328
2225.0	8.746568
2230.0	9.052295
2235.0	9.008407
2240.0	8.776742
2245.0	8.479358
2250.0	9.037503
2255.0	9.630509
2260.0	9.249187
2265.0	8.958334
2270.0	8.865408
2275.0	8.874290
2280.0	8.862431
2285.0	9.045989
2290.0	9.119442
2295.0	8.640824
2300.0	8.197201
2305.0	8.459372
2310.0	9.194831
2315.0	9.412982
2320.0	8.631005
2325.0	8.497362
2330.0	8.659690
2335.0	8.913545
2340.0	8.848207
2345.0	8.635906
2350.0	8.717616
2355.0	8.806390
2360.0	8.772604
2365.0	9.021485
2370.0	9.058230
2375.0	8.946197
2380.0	8.738769
2385.0	8.528406
2390.0	8.193358
2395.0	8.488823
2400.0	8.838113
2405.0	8.675183
2410.0	8.019702
2415.0	8.001804
2420.0	8.169411
2425.0	8.025112
2430.0	8.724033
2435.0	8.710995
2440.0	8.511086
2445.0	8.747133
2450.0	8.807366
2455.0	9.178781
2460.0	9.410384
2465.0	9.255227
2470.0	8.929075
2475.0	8.726514
2480.0	8.620644
2485.0	8.498127
2490.0	8.473904
2495.0	8.215712
2500.0	8.487407
2505.0	8.473589
2510.0	8.313283
2515.0	8.573487
2520.0	8.330281
2525.0	8.031078
2530.0	8.360459
2535.0	8.566755
2540.0	8.252427
2545.0	7.983604
2550.0	8.338065
2555.0	8.534595
2560.0	8.344536
2565.0	8.390338
2570.0	8.425632
2575.0	8.310407
2580.0	7.005007
2585.0	6.485181
2590.0	7.489254
2595.0	7.998656
2600.0	7.764182
2605.0	7.623430
2610.0	8.111082
2615.0	8.369350
2620.0	8.361665
2625.0	8.313734
2630.0	8.047896
2635.0	8.374909
2640.0	8.216645
2645.0	8.003491
2650.0	8.268275
2655.0	8.283476
2660.0	7.918300
2665.0	7.815799
2670.0	7.832652
2675.0	7.980652
2680.0	7.993005
2685.0	7.954164
2690.0	8.090283
2695.0	7.757243
2700.0	7.390338
2705.0	7.613894
2710.0	7.417385
2715.0	7.258679
2720.0	7.279016
2725.0	7.178662
2730.0	7.447931
2735.0	7.545094
2740.0	7.354363
2745.0	7.247890
2750.0	7.411188
2755.0	7.504573
2760.0	7.766111
2765.0	7.782663
2770.0	7.599858
2775.0	7.263361
2780.0	7.241734
2785.0	7.163288
2790.0	7.330863
2795.0	7.013803
2800.0	6.379346
2805.0	6.540615
2810.0	6.824376
2815.0	7.219380
2820.0	7.736021
2825.0	7.366022
2830.0	6.754840
2835.0	6.705282
2840.0	6.893405
2845.0	6.852321
2850.0	6.770669
2855.0	6.681521
2860.0	6.781473
2865.0	6.767303
2870.0	6.773499
2875.0	6.778941
2880.0	6.843438
2885.0	6.819422
2890.0	6.807932
2895.0	6.666963
2900.0	6.532911
2905.0	6.458226
2910.0	6.585944
2915.0	6.790804
2920.0	6.770353
2925.0	6.603029
2930.0	6.591011
2935.0	6.700913
2940.0	6.631913
2945.0	6.570150
2950.0	6.260403
2955.0	6.488102
2960.0	6.687320
2965.0	6.388540
2970.0	6.264256
2975.0	6.341521
2980.0	6.346313
2985.0	6.215853
2990.0	6.158782
2995.0	6.032927
3000.0	6.059723
3005.0	5.942286
3010.0	5.842376
3015.0	5.736935
3020.0	5.897003
3025.0	5.894883
3030.0	5.813331
3035.0	5.788995
3040.0	5.891158
3045.0	5.885466
3050.0	5.728825
3055.0	5.664904
3060.0	5.656726
3065.0	5.583015
3070.0	5.730484
3075.0	5.882085
3080.0	5.977551
3085.0	5.678164
3090.0	5.264675
3095.0	5.256020
3100.0	5.580912
3105.0	5.416175
3110.0	5.231585
3115.0	5.186487
3120.0	5.167599
3125.0	5.435274
3130.0	5.616346
3135.0	5.498665
3140.0	5.526745
3145.0	5.383580
3150.0	5.203802
3155.0	5.329052
3160.0	5.325459
3165.0	5.304569
3170.0	5.260815
3175.0	5.309114
3180.0	5.211362
3185.0	5.406614
3190.0	5.522900
3195.0	5.338822
3200.0	5.051547
3205.0	5.030577
3210.0	5.009924
3215.0	4.989499
3220.0	4.969211
3225.0	4.948972
3230.0	4.928691
3235.0	4.908279
3240.0	4.887646
3245.0	4.866704
3250.0	4.845361
3255.0	4.823556
3260.0	4.801343
3265.0	4.778800
3270.0	4.756010
3275.0	4.733051
3280.0	4.710006
3285.0	4.686953
3290.0	4.663973
3295.0	4.641148
3300.0	4.618556
3305.0	4.596259
3310.0	4.574230
3315.0	4.552422
3320.0	4.530789
3325.0	4.509285
3330.0	4.487863
3335.0	4.466476
3340.0	4.445077
3345.0	4.423622
3350.0	4.402062
3355.0	4.380366
3360.0	4.358563
3365.0	4.336698
3370.0	4.314813
3375.0	4.292953
3380.0	4.271163
3385.0	4.249485
3390.0	4.227963
3395.0	4.206643
3400.0	4.185567
3405.0	4.164772
3410.0	4.144259
3415.0	4.124025
3420.0	4.104062
3425.0	4.084366
3430.0	4.064931
3435.0	4.045751
3440.0	4.026822
3445.0	4.008137
3450.0	3.989691
3455.0	3.971475
3460.0	3.953472
3465.0	3.935657
3470.0	3.918011
3475.0	3.900511
3480.0	3.883134
3485.0	3.865860
3490.0	3.848667
3495.0	3.831531
3500.0	3.814433
3505.0	3.797358
3510.0	3.674889
3515.0	3.680661
3520.0	3.658182
3525.0	3.656065
3530.0	3.640560
3535.0	3.660697
3540.0	3.665928
3545.0	3.672588
3550.0	3.643264
3555.0	3.633731
3560.0	3.621507
3565.0	3.614410
3570.0	3.619147
3575.0	3.620302
3580.0	3.565472
3585.0	3.499372
3590.0	3.476334
3595.0	3.489249
3600.0	3.453551
3605.0	3.444321
3610.0	3.407710
3615.0	3.413775
3620.0	3.472076
3625.0	3.412602
3630.0	3.294848
3635.0	3.260058
3640.0	3.354489
3645.0	3.427465
3650.0	3.433711
3655.0	3.411622
3660.0	3.394239
3665.0	3.360153
3670.0	3.308222
3675.0	3.352867
3680.0	3.342402
3685.0	3.345012
3690.0	3.323244
3695.0	3.264300
3700.0	3.230343
3705.0	3.185063
3710.0	3.268853
3715.0	3.377460
3720.0	3.321174
3725.0	3.383305
3730.0	3.379099
3735.0	3.243531
3740.0	3.505452
3745.0	3.451524
3750.0	3.192520
3755.0	3.434517
3760.0	3.589119
3765.0	3.425151
3770.0	3.152659
3775.0	3.408070
3780.0	3.619372
3785.0	3.621480
3790.0	3.543028
3795.0	3.244301
3800.0	3.255978
3805.0	3.522814
3810.0	3.650330
3815.0	3.548301
3820.0	3.450403
3825.0	3.506142
3830.0	3.241262
3835.0	2.956495
3840.0	3.266990
3845.0	3.487174
3850.0	3.520838
3855.0	3.498762
3860.0	3.450482
3865.0	3.368847
3870.0	3.378311
3875.0	3.367580
3880.0	3.253383
3885.0	2.975402
3890.0	2.909546
3895.0	3.236645
3900.0	3.325612
3905.0	3.320334
3910.0	3.326892
3915.0	3.307387
3920.0	3.173100
3925.0	3.146977
3930.0	3.034246
3935.0	3.028007
3940.0	3.213422
3945.0	3.222861
3950.0	3.198791
3955.0	3.154823
3960.0	3.021571
3965.0	2.666341
3970.0	2.475367
3975.0	2.889807
3980.0	3.035826
3985.0	3.039860
3990.0	3.030668
3995.0	2.970230
4000.0	2.945466
4005.0	2.907998
4010.0	2.904901
4015.0	2.951885
4020.0	2.850429
4025.0	2.725784
4030.0	2.840498
4035.0	2.894496
4040.0	2.847756
4045.0	2.857640
4050.0	2.868266
4055.0	2.834945
4060.0	2.793497
4065.0	2.784953
4070.0	2.685960
4075.0	2.643664
4080.0	2.669320
4085.0	2.647141
4090.0	2.634264
4095.0	2.509988
4100.0	2.260106
4105.0	2.405246
4110.0	2.610615
4115.0	2.590249
4120.0	2.558436
4125.0	2.586713
4130.0	2.563967
4135.0	2.558478
4140.0	2.480623
4145.0	2.492512
4150.0	2.567494
4155.0	2.545802
4160.0	2.503037
4165.0	2.496517
4170.0	2.489701
4175.0	2.464549
4180.0	2.441088
4185.0	2.413568
4190.0	2.420447
4195.0	2.436396
4200.0	2.413827
4205.0	2.408610
4210.0	2.417197
4215.0	2.411837
4220.0	2.401416
4225.0	2.388961
4230.0	2.371994
4235.0	2.364552
4240.0	2.363953
4245.0	2.359795
4250.0	2.345224
4255.0	2.335217
4260.0	2.317358
4265.0	2.283934
4270.0	2.271503
4275.0	2.249443
4280.0	2.270123
4285.0	2.269680
4290.0	2.289163
4295.0	2.285566
4300.0	2.273598
4305.0	2.262049
4310.0	2.257889
4315.0	2.220278
4320.0	2.196990
4325.0	2.244542
4330.0	2.206307
4335.0	2.064349
4340.0	1.886000
4345.0	1.985750
4350.0	2.092480
4355.0	2.197042
4360.0	2.213908
4365.0	2.196815
4370.0	2.181780
4375.0	2.182838
4380.0	2.160499
4385.0	2.070982
4390.0	2.055524
4395.0	2.139418
4400.0	2.140496
4405.0	2.114908
4410.0	2.080417
4415.0	1.986238
4420.0	1.933573
4425.0	1.894035
4430.0	1.863858
4435.0	1.904625
4440.0	1.977002
4445.0	2.013009
4450.0	2.013086
4455.0	2.042729
4460.0	2.046698
4465.0	1.988359
4470.0	1.873240
4475.0	1.933242
4480.0	1.978219
4485.0	2.021344
4490.0	2.047606
4495.0	2.028014
4500.0	2.011217
4505.0	2.017698
4510.0	2.019110
4515.0	2.003216
4520.0	2.005039
4525.0	1.995240
4530.0	1.974049
4535.0	1.980394
4540.0	1.980418
4545.0	1.949177
4550.0	1.897101
4555.0	1.930185
4560.0	1.961858
4565.0	1.907100
4570.0	1.894958
4575.0	1.910648
4580.0	1.939437
4585.0	1.910633
4590.0	1.874942
4595.0	1.858736
4600.0	1.859284
4605.0	1.852915
4610.0	1.855622
4615.0	1.874559
4620.0	1.876499
4625.0	1.876563
4630.0	1.835284
4635.0	1.836659
4640.0	1.810673
4645.0	1.793889
4650.0	1.777881
4655.0	1.823780
4660.0	1.837263
4665.0	1.865864
4670.0	1.866744
4675.0	1.843293
4680.0	1.851813
4685.0	1.868363
4690.0	1.848610
4695.0	1.815477
4700.0	1.797318
4705.0	1.802781
4710.0	1.761600
4715.0	1.738282
4720.0	1.748170
4725.0	1.729198
4730.0	1.755999
4735.0	1.760430
4740.0	1.755762
4745.0	1.750708
4750.0	1.742310
4755.0	1.712204
4760.0	1.703057
4765.0	1.690962
4770.0	1.710436
4775.0	1.703376
4780.0	1.703826
4785.0	1.708314
4790.0	1.713254
4795.0	1.696777
4800.0	1.668697
4805.0	1.672681
4810.0	1.661897
4815.0	1.641142
4820.0	1.637296
4825.0	1.654271
4830.0	1.652767
4835.0	1.680070
4840.0	1.678138
4845.0	1.659204
4850.0	1.625990
4855.0	1.519733
4860.0	1.466500
4865.0	1.544124
4870.0	1.575478
4875.0	1.556479
4880.0	1.536461
4885.0	1.538832
4890.0	1.568813
4895.0	1.577574
4900.0	1.572585
4905.0	1.571121
4910.0	1.561873
4915.0	1.536978
4920.0	1.478691
4925.0	1.495527
4930.0	1.561734
4935.0	1.573546
4940.0	1.565502
4945.0	1.559911
4950.0	1.565522
4955.0	1.553037
4960.0	1.533450
4965.0	1.522283
4970.0	1.521706
4975.0	1.517563
4980.0	1.516914
4985.0	1.512540
4990.0	1.509781
4995.0	1.503305
5000.0	1.472989
5005.0	1.440508
5010.0	1.427770
5015.0	1.415321
5020.0	1.459958
5025.0	1.471480
5030.0	1.462247
5035.0	1.458280
5040.0	1.447559
5045.0	1.401500
5050.0	1.408735
5055.0	1.427783
5060.0	1.421959
5065.0	1.424326
5070.0	1.430161
5075.0	1.424384
5080.0	1.429784
5085.0	1.420886
5090.0	1.418391
5095.0	1.405025
5100.0	1.398130
5105.0	1.396103
5110.0	1.385596
5115.0	1.377611
5120.0	1.367947
5125.0	1.361661
5130.0	1.360759
5135.0	1.363003
5140.0	1.353830
5145.0	1.353492
5150.0	1.349649
5155.0	1.326181
5160.0	1.322320
5165.0	1.321253
5170.0	1.321480
5175.0	1.332241
5180.0	1.330022
5185.0	1.326311
5190.0	1.319946
5195.0	1.314092
5200.0	1.309232
5205.0	1.297188
5210.0	1.293477
5215.0	1.285979
5220.0	1.279493
5225.0	1.271142
5230.0	1.266729
5235.0	1.267259
5240.0	1.264146
5245.0	1.252578
5250.0	1.237711
5255.0	1.236970
5260.0	1.238595
5265.0	1.220497
5270.0	1.214594
5275.0	1.215830
5280.0	1.214158
5285.0	1.211563
5290.0	1.206105
5295.0	1.202643
5300.0	1.209792
5305.0	1.208399
5310.0	1.194847
5315.0	1.186523
5320.0	1.180162
5325.0	1.187731
5330.0	1.184456
5335.0	1.183826
5340.0	1.177006
5345.0	1.163749
5350.0	1.158056
5355.0	1.156522
5360.0	1.141039
5365.0	1.139114
5370.0	1.140412
5375.0	1.140775
5380.0	1.141896
5385.0	1.138621
5390.0	1.136303
5395.0	1.125310
5400.0	1.117081
5405.0	1.116122
5410.0	1.112790
5415.0	1.107306
5420.0	1.097291
5425.0	1.094867
5430.0	1.085005
5435.0	1.079155
5440.0	1.079522
5445.0	1.063413
5450.0	1.039127
5455.0	1.036350
5460.0	1.062000
5465.0	1.069549
5470.0	1.055758
5475.0	1.055890
5480.0	1.046466
5485.0	1.032450
5490.0	1.026298
5495.0	1.035618
5500.0	1.049051
5505.0	1.027020
5510.0	1.016985
5515.0	1.019259
5520.0	1.016500
5525.0	1.004981
5530.0	1.003204
5535.0	0.998136
5540.0	0.995516
5545.0	0.998323
5550.0	1.007915
5555.0	1.006405
5560.0	1.002481
5565.0	0.999690
5570.0	0.996560
5575.0	0.994950
5580.0	0.991622
5585.0	0.989731
5590.0	0.991049
5595.0	0.990941
5600.0	0.982511
5605.0	0.977042
5610.0	0.970830
5615.0	0.968980
5620.0	0.969975
5625.0	0.969869
5630.0	0.968716
5635.0	0.966788
5640.0	0.956008
5645.0	0.949048
5650.0	0.952184
5655.0	0.952488
5660.0	0.942759
5665.0	0.927591
5670.0	0.924621
5675.0	0.918845
5680.0	0.913099
5685.0	0.918543
5690.0	0.924504
5695.0	0.917018
5700.0	0.911090
5705.0	0.902719
5710.0	0.902146
5715.0	0.906862
5720.0	0.904042
5725.0	0.903676
5730.0	0.904211
5735.0	0.898673
5740.0	0.883658
5745.0	0.884968
5750.0	0.893470
5755.0	0.895863
5760.0	0.888801
5765.0	0.880464
5770.0	0.868034
5775.0	0.846778
5780.0	0.798148
5785.0	0.812254
5790.0	0.846810
5795.0	0.843124
5800.0	0.842967
5805.0	0.856153
5810.0	0.855870
5815.0	0.859606
5820.0	0.862345
5825.0	0.858796
5830.0	0.857115
5835.0	0.856768
5840.0	0.854023
5845.0	0.841855
5850.0	0.838257
5855.0	0.843832
5860.0	0.852167
5865.0	0.853969
5870.0	0.829250
5875.0	0.802108
5880.0	0.813492
5885.0	0.798059
5890.0	0.728678
5895.0	0.714021
5900.0	0.767700
5905.0	0.815434
5910.0	0.820662
5915.0	0.817113
5920.0	0.810864
5925.0	0.803856
5930.0	0.803983
5935.0	0.805031
5940.0	0.794366
5945.0	0.790431
5950.0	0.790529
5955.0	0.794206
5960.0	0.795614
5965.0	0.791020
5970.0	0.784088
5975.0	0.781391
5980.0	0.782655
5985.0	0.776631
5990.0	0.774755
5995.0	0.775201
6000.0	0.771472
6005.0	0.765492
6010.0	0.760803
6015.0	0.763662
6020.0	0.766291
6025.0	0.763030
6030.0	0.756087
6035.0	0.750806
6040.0	0.749917
6045.0	0.752992
6050.0	0.755830
6055.0	0.756686
6060.0	0.758559
6065.0	0.756431
6070.0	0.752934
6075.0	0.747916
6080.0	0.746410
6085.0	0.747575
6090.0	0.746052
6095.0	0.739951
6100.0	0.740681
6105.0	0.741397
6110.0	0.737585
6115.0	0.736438
6120.0	0.734451
6125.0	0.732002
6130.0	0.728305
6135.0	0.720673
6140.0	0.720024
6145.0	0.718679
6150.0	0.722161
6155.0	0.720648
6160.0	0.711215
6165.0	0.697922
6170.0	0.687796
6175.0	0.686410
6180.0	0.688439
6185.0	0.687420
6190.0	0.690187
6195.0	0.690194
6200.0	0.686667
6205.0	0.680156
6210.0	0.688554
6215.0	0.693711
6220.0	0.696066
6225.0	0.695806
6230.0	0.694019
6235.0	0.692324
6240.0	0.691185
6245.0	0.690222
6250.0	0.688622
6255.0	0.687105
6260.0	0.679923
6265.0	0.668754
6270.0	0.656294
6275.0	0.637604
6280.0	0.598020
6285.0	0.582687
6290.0	0.619067
6295.0	0.655241
6300.0	0.660054
6305.0	0.651501
6310.0	0.649621
6315.0	0.651055
6320.0	0.655303
6325.0	0.659421
6330.0	0.661563
6335.0	0.661022
6340.0	0.654636
6345.0	0.639792
6350.0	0.631017
6355.0	0.639960
6360.0	0.647463
6365.0	0.644258
6370.0	0.634620
6375.0	0.627876
6380.0	0.625786
6385.0	0.636981
6390.0	0.646222
6395.0	0.645468
6400.0	0.635808
6405.0	0.634306
6410.0	0.636514
6415.0	0.635397
6420.0	0.636946
6425.0	0.636586
6430.0	0.636951
6435.0	0.636975
6440.0	0.631418
6445.0	0.622945
6450.0	0.618953
6455.0	0.616958
6460.0	0.615287
6465.0	0.616397
6470.0	0.619933
6475.0	0.617849
6480.0	0.612589
6485.0	0.610231
6490.0	0.610340
6495.0	0.610400
6500.0	0.615822
6505.0	0.616328
6510.0	0.614979
6515.0	0.612079
6520.0	0.613352
6525.0	0.612408
6530.0	0.608319
6535.0	0.607705
6540.0	0.616953
6545.0	0.628129
6550.0	0.640705
6555.0	0.659311
6560.0	0.737455
6565.0	0.876118
6570.0	0.814702
6575.0	0.671084
6580.0	0.619236
6585.0	0.608605
6590.0	0.603024
6595.0	0.601226
6600.0	0.601097
6605.0	0.598933
6610.0	0.589271
6615.0	0.579197
6620.0	0.582476
6625.0	0.589946
6630.0	0.587477
6635.0	0.582235
6640.0	0.580343
6645.0	0.578652
6650.0	0.576430
6655.0	0.575099
6660.0	0.572113
6665.0	0.571705
6670.0	0.567727
6675.0	0.545246
6680.0	0.533978
6685.0	0.554848
6690.0	0.570542
6695.0	0.568065
6700.0	0.564342
6705.0	0.563427
6710.0	0.562144
6715.0	0.559759
6720.0	0.557162
6725.0	0.559344
6730.0	0.553469
6735.0	0.551726
6740.0	0.549813
6745.0	0.549317
6750.0	0.548925
6755.0	0.548446
6760.0	0.547129
6765.0	0.546701
6770.0	0.544868
6775.0	0.542893
6780.0	0.541830
6785.0	0.538310
6790.0	0.538355
6795.0	0.536956
6800.0	0.538883
6805.0	0.541349
6810.0	0.540633
6815.0	0.536335
6820.0	0.532635
6825.0	0.531943
6830.0	0.528605
6835.0	0.527580
6840.0	0.529332
6845.0	0.528227
6850.0	0.527122
6855.0	0.526018
6860.0	0.524913
6865.0	0.523809
6870.0	0.522704
6875.0	0.521599
6880.0	0.520495
6885.0	0.519390
6890.0	0.518286
6895.0	0.517181
6900.0	0.516076
6905.0	0.514972
6910.0	0.513867
6915.0	0.512763
6920.0	0.511658
6925.0	0.510553
6930.0	0.509449
6935.0	0.508344
6940.0	0.507240
6945.0	0.506135
6950.0	0.505030
6955.0	0.503926
6960.0	0.502821
6965.0	0.501717
6970.0	0.500612
6975.0	0.504264
6980.0	0.502628
6985.0	0.502291
6990.0	0.495098
6995.0	0.494670
7000.0	0.493123
7005.0	0.491328
7010.0	0.494849
7015.0	0.492893
7020.0	0.488960
7025.0	0.484199
7030.0	0.485525
7035.0	0.488054
7040.0	0.488259
7045.0	0.488609
7050.0	0.485498
7055.0	0.485252
7060.0	0.472899
7065.0	0.460669
7070.0	0.474362
7075.0	0.481788
7080.0	0.482411
7085.0	0.482131
7090.0	0.478808
7095.0	0.480384
7100.0	0.478906
7105.0	0.478602
7110.0	0.478486
7115.0	0.478987
7120.0	0.475078
7125.0	0.474246
7130.0	0.475978
7135.0	0.474397
7140.0	0.472450
7145.0	0.469767
7150.0	0.467329
7155.0	0.469043
7160.0	0.467191
7165.0	0.461980
7170.0	0.455680
7175.0	0.450969
7180.0	0.446876
7185.0	0.437704
7190.0	0.437636
7195.0	0.442562
7200.0	0.441404
7205.0	0.445880
7210.0	0.455483
7215.0	0.458903
7220.0	0.455645
7225.0	0.450601
7230.0	0.444894
7235.0	0.440006
7240.0	0.437625
7245.0	0.439427
7250.0	0.438310
7255.0	0.437684
7260.0	0.436991
7265.0	0.433465
7270.0	0.432148
7275.0	0.423285
7280.0	0.422962
7285.0	0.427537
7290.0	0.422511
7295.0	0.423460
7300.0	0.424338
7305.0	0.419917
7310.0	0.421082
7315.0	0.420915
7320.0	0.422113
7325.0	0.421288
7330.0	0.418355
7335.0	0.415419
7340.0	0.415081
7345.0	0.413521
7350.0	0.412098
7355.0	0.411691
7360.0	0.409459
7365.0	0.408618
7370.0	0.407778
7375.0	0.409781
7380.0	0.408415
7385.0	0.404624
7390.0	0.403679
7395.0	0.404218
7400.0	0.406265
7405.0	0.405751
7410.0	0.402227
7415.0	0.401885
7420.0	0.398813
7425.0	0.385939
7430.0	0.386177
7435.0	0.384688
7440.0	0.385050
7445.0	0.385401
7450.0	0.386550
7455.0	0.386281
7460.0	0.385370
7465.0	0.380291
7470.0	0.380571
7475.0	0.383653
7480.0	0.381377
7485.0	0.380674
7490.0	0.381088
7495.0	0.381357
7500.0	0.380322
7505.0	0.380147
7510.0	0.382867
7515.0	0.381377
7520.0	0.377902
7525.0	0.375181
7530.0	0.372585
7535.0	0.371220
7540.0	0.369595
7545.0	0.368582
7550.0	0.367899
7555.0	0.366762
7560.0	0.365626
7565.0	0.364489
7570.0	0.363352
7575.0	0.362216
7580.0	0.361079
7585.0	0.359942
7590.0	0.358805
7595.0	0.357669
7600.0	0.356532
7605.0	0.355395
7610.0	0.354259
7615.0	0.353122
7620.0	0.351985
7625.0	0.350849
7630.0	0.349712
7635.0	0.348575
7640.0	0.347438
7645.0	0.346302
7650.0	0.345165
7655.0	0.344028
7660.0	0.342892
7665.0	0.341755
7670.0	0.340618
7675.0	0.339482
7680.0	0.338345
7685.0	0.337208
7690.0	0.336071
7695.0	0.334935
7700.0	0.333798
7705.0	0.332661
7710.0	0.331525
7715.0	0.330388
7720.0	0.329251
7725.0	0.328114
7730.0	0.326978
7735.0	0.327133
7740.0	0.326378
7745.0	0.325602
7750.0	0.326523
7755.0	0.325933
7760.0	0.324330
7765.0	0.318878
7770.0	0.295232
7775.0	0.288415
7780.0	0.314979
7785.0	0.323171
7790.0	0.324588
7795.0	0.323637
7800.0	0.322230
7805.0	0.322912
7810.0	0.321919
7815.0	0.319230
7820.0	0.319654
7825.0	0.318392
7830.0	0.318061
7835.0	0.317244
7840.0	0.317978
7845.0	0.320047
7850.0	0.321992
7855.0	0.318216
7860.0	0.316044
7865.0	0.315030
7870.0	0.315103
7875.0	0.316499
7880.0	0.316334
7885.0	0.311213
7890.0	0.311037
7895.0	0.314420
7900.0	0.311379
7905.0	0.307562
7910.0	0.308276
7915.0	0.305948
7920.0	0.300580
7925.0	0.298904
7930.0	0.298924
7935.0	0.300817
7940.0	0.301345
7945.0	0.300921
7950.0	0.299928
7955.0	0.297507
7960.0	0.297249
7965.0	0.297683
7970.0	0.296400
7975.0	0.297518
7980.0	0.297238
7985.0	0.294797
7990.0	0.295563
7995.0	0.293370
8000.0	0.291373
8005.0	0.291146
8010.0	0.290939
8015.0	0.290515
8020.0	0.290411
8025.0	0.288115
8030.0	0.287887
8035.0	0.284691
8040.0	0.286387
8045.0	0.286232
8050.0	0.287246
8055.0	0.286429
8060.0	0.286325
8065.0	0.285974
8070.0	0.284608
8075.0	0.283822
8080.0	0.281753
8085.0	0.282136
8090.0	0.281795
8095.0	0.280729
8100.0	0.280150
8105.0	0.279570
8110.0	0.278990
8115.0	0.278411
8120.0	0.277831
8125.0	0.277251
8130.0	0.276672
8135.0	0.276092
8140.0	0.275513
8145.0	0.274933
8150.0	0.274353
8155.0	0.273774
8160.0	0.273194
8165.0	0.272615
8170.0	0.272035
8175.0	0.271455
8180.0	0.270876
8185.0	0.270296
8190.0	0.269717
8195.0	0.269137
8200.0	0.268557
8205.0	0.267978
8210.0	0.267398
8215.0	0.266819
8220.0	0.266239
8225.0	0.265659
8230.0	0.265080
8235.0	0.264500
8240.0	0.263921
8245.0	0.263341
8250.0	0.262761
8255.0	0.262182
8260.0	0.261602
8265.0	0.261023
8270.0	0.260443
8275.0	0.259863
8280.0	0.259284
8285.0	0.258704
8290.0	0.258125
8295.0	0.257545
8300.0	0.256965
8305.0	0.256386
8310.0	0.255806
8315.0	0.255227
8320.0	0.254647
8325.0	0.254067
8330.0	0.253488
8335.0	0.252908
8340.0	0.252329
8345.0	0.251749
8350.0	0.251169
8355.0	0.250590
8360.0	0.250010
8365.0	0.249431
8370.0	0.248851
8375.0	0.248271
8380.0	0.247692
8385.0	0.247112
8390.0	0.246532
8395.0	0.245953
8400.0	0.245373
8405.0	0.244794
8410.0	0.236963
8415.0	0.235577
8420.0	0.246645
8425.0	0.251538
8430.0	0.247266
8435.0	0.232267
8440.0	0.228409
8445.0	0.236653
8450.0	0.246676
8455.0	0.248000
8460.0	0.240915
8465.0	0.229898
8470.0	0.231501
8475.0	0.241297
8480.0	0.242456
8485.0	0.242756
8490.0	0.242870
8495.0	0.234894
8500.0	0.222802
8505.0	0.224095
8510.0	0.235618
8515.0	0.238060
8520.0	0.239042
8525.0	0.236994
8530.0	0.234150
8535.0	0.232505
8540.0	0.220547
8545.0	0.211196
8550.0	0.221695
8555.0	0.230591
8560.0	0.231088
8565.0	0.230839
8570.0	0.229826
8575.0	0.228460
8580.0	0.225502
8585.0	0.224830
8590.0	0.223816
8595.0	0.210120
8600.0	0.208175
8605.0	0.221737
8610.0	0.226619
8615.0	0.223412
8620.0	0.220940
8625.0	0.223692
8630.0	0.225398
8635.0	0.224705
8640.0	0.221612
8645.0	0.219357
8650.0	0.218127
8655.0	0.217464
8660.0	0.207700
8665.0	0.198835
8670.0	0.210348
8675.0	0.216430
8680.0	0.212717
8685.0	0.214496
8690.0	0.219751
8695.0	0.218613
8700.0	0.218323
8705.0	0.217609
8710.0	0.216668
8715.0	0.216471
8720.0	0.216358
8725.0	0.216906
8730.0	0.214372
8735.0	0.212303
8740.0	0.213285
8745.0	0.202279
8750.0	0.192959
8755.0	0.203521
8760.0	0.215654
8765.0	0.215696
8770.0	0.213079
8775.0	0.210699
8780.0	0.207617
8785.0	0.209934
8790.0	0.211455
8795.0	0.210368
8800.0	0.210120
8805.0	0.209748
8810.0	0.209458
8815.0	0.208982
8820.0	0.209572
8825.0	0.213523
8830.0	0.210844
8835.0	0.210120
8840.0	0.207089
8845.0	0.203634
8850.0	0.203748
8855.0	0.200573
8860.0	0.188522
8865.0	0.190839
8870.0	0.203293
8875.0	0.206189
8880.0	0.209624
8885.0	0.208972
8890.0	0.206986
8895.0	0.206934
8900.0	0.206582
8905.0	0.203140
8910.0	0.203535
8915.0	0.203590
8920.0	0.203240
8925.0	0.201542
8930.0	0.198783
8935.0	0.198228
8940.0	0.197561
8945.0	0.196778
8950.0	0.195876
8955.0	0.194857
8960.0	0.193748
8965.0	0.192581
8970.0	0.191390
8975.0	0.190206
8980.0	0.189064
8985.0	0.187997
8990.0	0.187036
8995.0	0.186215
9000.0	0.185567
9005.0	0.185115
9010.0	0.184839
9015.0	0.184712
9020.0	0.184705
9025.0	0.184788
9030.0	0.184934
9035.0	0.185114
9040.0	0.185298
9045.0	0.185459
9050.0	0.185567
9055.0	0.185600
9060.0	0.185559
9065.0	0.185453
9070.0	0.185288
9075.0	0.185073
9080.0	0.184815
9085.0	0.184521
9090.0	0.184200
9095.0	0.183859
9100.0	0.183505
9105.0	0.183146
9110.0	0.182787
9115.0	0.182432
9120.0	0.182085
9125.0	0.181750
9130.0	0.181432
9135.0	0.181135
9140.0	0.180863
9145.0	0.180621
9150.0	0.180412
9155.0	0.180238
9160.0	0.180084
9165.0	0.179930
9170.0	0.179759
9175.0	0.179551
9180.0	0.179289
9185.0	0.178953
9190.0	0.178525
9195.0	0.177987
9200.0	0.177320
9205.0	0.176514
9210.0	0.175600
9215.0	0.174616
9220.0	0.173602
9225.0	0.172597
9230.0	0.171640
9235.0	0.170770
9240.0	0.170025
9245.0	0.169447
9250.0	0.169072
9255.0	0.168928
9260.0	0.168989
9265.0	0.169215
9270.0	0.169568
9275.0	0.170009
9280.0	0.170498
9285.0	0.170998
9290.0	0.171468
9295.0	0.171870
9300.0	0.172165
9305.0	0.172324
9310.0	0.172354
9315.0	0.172274
9320.0	0.172101
9325.0	0.171852
9330.0	0.171547
9335.0	0.171201
9340.0	0.170834
9345.0	0.170462
9350.0	0.170103
9355.0	0.169771
9360.0	0.169464
9365.0	0.169173
9370.0	0.168892
9375.0	0.168613
9380.0	0.168330
9385.0	0.168035
9390.0	0.167722
9395.0	0.167383
9400.0	0.167010
9405.0	0.166601
9410.0	0.166162
9415.0	0.165705
9420.0	0.165240
9425.0	0.164778
9430.0	0.164329
9435.0	0.163905
9440.0	0.163516
9445.0	0.163173
9450.0	0.162887
9455.0	0.162662
9460.0	0.162481
9465.0	0.162321
9470.0	0.162157
9475.0	0.161967
9480.0	0.161727
9485.0	0.161413
9490.0	0.161002
9495.0	0.160470
9500.0	0.159794
9505.0	0.158961
9510.0	0.158000
9515.0	0.156952
9520.0	0.155856
9525.0	0.154752
9530.0	0.153680
9535.0	0.152681
9540.0	0.151793
9545.0	0.151058
9550.0	0.150515
9555.0	0.150193
9560.0	0.150071
9565.0	0.150119
9570.0	0.150305
9575.0	0.150599
9580.0	0.150968
9585.0	0.151382
9590.0	0.151809
9595.0	0.152218
9600.0	0.152577
9605.0	0.152863
9610.0	0.153072
9615.0	0.153210
9620.0	0.153282
9625.0	0.153292
9630.0	0.153245
9635.0	0.153145
9640.0	0.152997
9645.0	0.152807
9650.0	0.152577
9655.0	0.152315
9660.0	0.152024
9665.0	0.151713
9670.0	0.151388
9675.0	0.151054
9680.0	0.150718
9685.0	0.150387
9690.0	0.150066
9695.0	0.149764
9700.0	0.149485
9705.0	0.149234
9710.0	0.149007
9715.0	0.148800
9720.0	0.148607
9725.0	0.148422
9730.0	0.148239
9735.0	0.148053
9740.0	0.147859
9745.0	0.147650
9750.0	0.147423
9755.0	0.147171
9760.0	0.146898
9765.0	0.146607
9770.0	0.146300
9775.0	0.145982
9780.0	0.145655
9785.0	0.145323
9790.0	0.144990
9795.0	0.144657
9800.0	0.144330
9805.0	0.144010
9810.0	0.143696
9815.0	0.143388
9820.0	0.143083
9825.0	0.142779
9830.0	0.142477
9835.0	0.142172
9840.0	0.141866
9845.0	0.141554
9850.0	0.141237
9855.0	0.140913
9860.0	0.140585
9865.0	0.140255
9870.0	0.139926
9875.0	0.139601
9880.0	0.139284
9885.0	0.138977
9890.0	0.138682
9895.0	0.138404
9900.0	0.138144
9905.0	0.137905
9910.0	0.137684
9915.0	0.137477
9920.0	0.137280
9925.0	0.137088
9930.0	0.136899
9935.0	0.136708
9940.0	0.136510
9945.0	0.136303
9950.0	0.136082
9955.0	0.135844
9960.0	0.135581
9965.0	0.135290
9970.0	0.134963
9975.0	0.134597
9980.0	0.134184
9985.0	0.133719
9990.0	0.133198
9995.0	0.132613
10000.0	0.131959
10005.0	0.131236
10010.0	0.130465
10015.0	0.129674
10020.0	0.128887
10025.0	0.128133
10030.0	0.127437
10035.0	0.126827
10040.0	0.126328
10045.0	0.125968
10050.0	0.125773
10055.0	0.125760
10060.0	0.125906
10065.0	0.126178
10070.0	0.126544
10075.0	0.126970
10080.0	0.127424
10085.0	0.127874
10090.0	0.128286
10095.0	0.128627
10100.0	0.128866
10105.0	0.128977
10110.0	0.128971
10115.0	0.128864
10120.0	0.128675
10125.0	0.128421
10130.0	0.128120
10135.0	0.127790
10140.0	0.127449
10145.0	0.127115
10150.0	0.126804
10155.0	0.126531
10160.0	0.126293
10165.0	0.126082
10170.0	0.125891
10175.0	0.125712
10180.0	0.125538
10185.0	0.125362
10190.0	0.125175
10195.0	0.124971
10200.0	0.124742
10205.0	0.124483
10210.0	0.124198
10215.0	0.123892
10220.0	0.123570
10225.0	0.123240
10230.0	0.122906
10235.0	0.122574
10240.0	0.122250
10245.0	0.121940
10250.0	0.121649
10255.0	0.121383
10260.0	0.121138
10265.0	0.120912
10270.0	0.120701
10275.0	0.120503
10280.0	0.120314
10285.0	0.120132
10290.0	0.119952
10295.0	0.119771
10300.0	0.119588
10305.0	0.119398
10310.0	0.119202
10315.0	0.119001
10320.0	0.118796
10325.0	0.118588
10330.0	0.118377
10335.0	0.118164
10340.0	0.117951
10345.0	0.117738
10350.0	0.117526
10355.0	0.117315
10360.0	0.117106
10365.0	0.116899
10370.0	0.116692
10375.0	0.116486
10380.0	0.116281
10385.0	0.116077
10390.0	0.115873
10395.0	0.115668
10400.0	0.115464
10405.0	0.115259
10410.0	0.115054
10415.0	0.114848
10420.0	0.114642
10425.0	0.114436
10430.0	0.114229
10435.0	0.114023
10440.0	0.113816
10445.0	0.113609
10450.0	0.113402
10455.0	0.113195
10460.0	0.112988
10465.0	0.112781
10470.0	0.112575
10475.0	0.112368
10480.0	0.112162
10485.0	0.111956
10490.0	0.111750
10495.0	0.111545
10500.0	0.111340
10505.0	0.111136
10510.0	0.110932
10515.0	0.110729
10520.0	0.110526
10525.0	0.110323
10530.0	0.110122
10535.0	0.109920
10540.0	0.109719
10545.0	0.109519
10550.0	0.109319
10555.0	0.109119
10560.0	0.108920
10565.0	0.108722
10570.0	0.108524
10575.0	0.108326
10580.0	0.108129
10585.0	0.107932
10590.0	0.107736
10595.0	0.107541
10600.0	0.107345
10605.0	0.107151
10610.0	0.106956
10615.0	0.106762
10620.0	0.106569
