#-- b2iv
#\*l[Angstrom]	F(\*l)/F(555.6Angstrom]
1150.01	27.428185109.078125
1155.0	74.531662
1160.0	55.292923
1165.0	56.495457
1170.0	51.923550
1175.0	39.748901
1180.0	41.459446
1185.0	48.929333
1190.0	42.087612
1195.0	31.887165
1200.0	33.801132
1205.0	23.850452
1210.0	13.777331
1215.0	8.064354
1220.0	15.654184
1225.0	30.561270
1230.0	38.953922
1235.0	45.507030
1240.0	49.650467
1245.0	49.666321
1250.0	46.385460
1255.0	46.987232
1260.0	46.000019
1265.0	47.198235
1270.0	48.502403
1275.0	48.334362
1280.0	48.271145
1285.0	48.695278
1290.0	44.813602
1295.0	38.863708
1300.0	34.178558
1305.0	35.639790
1310.0	41.351433
1315.0	45.795670
1320.0	46.462875
1325.0	44.229885
1330.0	41.365166
1335.0	37.148628
1340.0	39.478531
1345.0	41.890324
1350.0	42.312874
1355.0	41.191547
1360.0	39.930073
1365.0	38.321365
1370.0	38.125965
1375.0	37.208736
1380.0	34.487499
1385.0	33.401070
1390.0	30.438858
1395.0	26.097023
1400.0	27.686424
1405.0	28.811016
1410.0	31.322702
1415.0	31.015299
1420.0	30.471550
1425.0	31.672768
1430.0	31.202383
1435.0	31.260860
1440.0	32.394268
1445.0	32.735310
1450.0	32.316422
1455.0	31.565989
1460.0	31.775869
1465.0	30.413952
1470.0	30.428783
1475.0	30.921894
1480.0	30.348629
1485.0	31.036793
1490.0	31.327211
1495.0	30.001709
1500.0	27.862854
1505.0	26.819302
1510.0	27.505735
1515.0	25.291531
1520.0	25.915277
1525.0	25.475384
1530.0	23.253305
1535.0	22.321287
1540.0	22.091377
1545.0	21.380049
1550.0	19.440311
1555.0	21.511282
1560.0	23.220764
1565.0	23.602818
1570.0	23.469406
1575.0	23.756933
1580.0	23.490568
1585.0	23.648125
1590.0	23.262445
1595.0	22.609896
1600.0	21.716961
1605.0	21.499144
1610.0	21.151808
1615.0	21.710968
1620.0	22.136141
1625.0	21.813919
1630.0	21.598621
1635.0	21.832357
1640.0	21.309357
1645.0	21.146313
1650.0	21.292475
1655.0	21.311333
1660.0	21.458094
1665.0	21.790491
1670.0	21.474936
1675.0	21.090246
1680.0	21.423914
1685.0	21.459642
1690.0	21.330378
1695.0	20.737396
1700.0	21.050856
1705.0	20.452057
1710.0	19.964275
1715.0	19.540836
1720.0	18.803257
1725.0	18.536942
1730.0	19.319510
1735.0	19.750244
1740.0	19.740961
1745.0	19.177845
1750.0	19.165337
1755.0	19.548943
1760.0	19.911510
1765.0	19.829391
1770.0	19.391867
1775.0	18.750931
1780.0	19.250925
1785.0	18.670126
1790.0	16.134007
1795.0	16.484095
1800.0	18.885366
1805.0	19.281588
1810.0	18.689543
1815.0	17.911974
1820.0	17.955767
1825.0	18.142614
1830.0	18.243006
1835.0	18.029690
1840.0	17.627817
1845.0	16.480000
1850.0	15.715679
1855.0	15.623051
1860.0	16.024517
1865.0	16.035673
1870.0	16.468313
1875.0	16.852264
1880.0	16.068165
1885.0	14.647470
1890.0	13.812809
1895.0	14.126366
1900.0	14.986130
1905.0	14.758291
1910.0	14.509066
1915.0	14.072378
1920.0	13.433935
1925.0	13.277783
1930.0	13.664707
1935.0	14.293884
1940.0	14.221073
1945.0	14.650654
1950.0	14.598177
1955.0	13.639749
1960.0	12.936398
1965.0	13.247672
1970.0	13.718339
1975.0	14.689456
1980.0	15.139004
1985.0	14.822544
1990.0	13.904896
1995.0	12.703124
2000.0	11.572134
2005.0	12.648497
2010.0	12.976489
2015.0	14.728708
2020.0	15.070907
2025.0	14.706587
2030.0	14.298093
2035.0	13.647287
2040.0	13.497572
2045.0	13.713158
2050.0	14.376665
2055.0	13.524324
2060.0	12.432072
2065.0	12.703665
2070.0	13.722020
2075.0	14.223033
2080.0	14.243770
2085.0	13.675054
2090.0	13.355310
2095.0	12.810579
2100.0	11.714917
2105.0	11.851396
2110.0	12.511571
2115.0	12.917190
2120.0	12.793202
2125.0	13.499544
2130.0	13.997651
2135.0	13.280303
2140.0	12.912910
2145.0	13.091607
2150.0	12.168372
2155.0	12.226072
2160.0	12.399952
2165.0	11.777301
2170.0	12.575704
2175.0	12.469796
2180.0	12.149915
2185.0	12.637500
2190.0	13.300966
2195.0	13.349447
2200.0	13.039650
2205.0	12.743648
2210.0	12.269471
2215.0	11.405597
2220.0	10.821239
2225.0	10.512143
2230.0	10.861573
2235.0	10.672736
2240.0	10.963964
2245.0	10.710946
2250.0	11.125485
2255.0	11.539639
2260.0	11.415895
2265.0	10.552598
2270.0	11.268168
2275.0	11.670419
2280.0	11.269168
2285.0	10.974506
2290.0	11.095125
2295.0	10.875339
2300.0	10.654758
2305.0	10.710950
2310.0	10.929442
2315.0	11.591168
2320.0	11.213612
2325.0	10.556567
2330.0	10.422367
2335.0	10.567889
2340.0	10.589107
2345.0	10.218990
2350.0	10.331121
2355.0	10.736901
2360.0	10.725002
2365.0	10.570027
2370.0	10.246054
2375.0	10.287772
2380.0	10.097547
2385.0	9.606048
2390.0	10.044241
2395.0	9.445559
2400.0	9.600685
2405.0	9.676770
2410.0	9.936988
2415.0	9.894857
2420.0	10.019258
2425.0	10.222529
2430.0	10.462657
2435.0	9.862356
2440.0	9.749293
2445.0	9.741843
2450.0	10.033252
2455.0	10.150697
2460.0	10.341502
2465.0	10.406247
2470.0	10.045924
2475.0	9.551517
2480.0	9.641231
2485.0	9.772639
2490.0	9.484773
2495.0	9.073042
2500.0	9.177473
2505.0	9.407639
2510.0	9.751549
2515.0	9.327291
2520.0	9.111448
2525.0	9.085749
2530.0	9.628254
2535.0	9.798004
2540.0	9.219029
2545.0	8.774972
2550.0	9.123417
2555.0	9.138511
2560.0	8.773183
2565.0	9.002253
2570.0	9.291718
2575.0	8.881243
2580.0	8.373765
2585.0	8.624898
2590.0	8.799441
2595.0	9.191668
2600.0	9.127944
2605.0	8.822247
2610.0	9.103473
2615.0	9.291690
2620.0	8.904229
2625.0	8.962073
2630.0	8.910553
2635.0	8.866684
2640.0	8.921095
2645.0	8.946356
2650.0	8.954845
2655.0	8.788541
2660.0	8.588351
2665.0	8.678740
2670.0	8.446689
2675.0	8.777793
2680.0	8.660861
2685.0	8.649143
2690.0	8.182469
2695.0	8.337339
2700.0	8.005786
2705.0	7.981267
2710.0	8.296806
2715.0	8.330771
2720.0	8.249234
2725.0	7.920759
2730.0	7.942294
2735.0	8.326183
2740.0	8.313472
2745.0	8.002820
2750.0	7.865860
2755.0	7.749368
2760.0	7.975135
2765.0	7.782303
2770.0	7.533148
2775.0	7.738439
2780.0	8.152342
2785.0	7.826525
2790.0	7.380586
2795.0	7.190063
2800.0	7.533327
2805.0	7.519536
2810.0	7.365338
2815.0	7.645905
2820.0	7.740794
2825.0	7.282779
2830.0	7.407184
2835.0	7.343845
2840.0	7.117756
2845.0	7.033895
2850.0	7.236068
2855.0	7.309023
2860.0	7.224012
2865.0	7.209595
2870.0	7.527400
2875.0	7.492927
2880.0	7.127847
2885.0	7.037050
2890.0	6.966445
2895.0	7.501105
2900.0	7.257131
2905.0	7.012958
2910.0	7.045736
2915.0	6.813513
2920.0	6.906750
2925.0	7.095065
2930.0	6.822158
2935.0	6.722310
2940.0	6.506104
2945.0	6.656409
2950.0	6.547416
2955.0	6.731874
2960.0	7.054623
2965.0	6.767108
2970.0	6.484143
2975.0	6.719583
2980.0	6.596351
2985.0	6.400013
2990.0	6.430675
2995.0	6.474191
3000.0	6.624205
3005.0	6.707138
3010.0	6.515334
3015.0	6.328972
3020.0	6.363969
3025.0	6.285422
3030.0	6.212908
3035.0	6.166358
3040.0	5.995328
3045.0	5.998719
3050.0	6.232342
3055.0	5.966170
3060.0	5.946331
3065.0	5.669125
3070.0	5.499383
3075.0	5.759084
3080.0	6.045257
3085.0	5.845721
3090.0	5.708674
3095.0	5.869672
3100.0	5.823661
3105.0	5.679727
3110.0	5.714540
3115.0	5.654242
3120.0	5.776042
3125.0	5.937690
3130.0	5.935163
3135.0	5.645817
3140.0	5.920175
3145.0	6.144781
3150.0	5.991948
3155.0	5.720537
3160.0	5.817333
3165.0	5.870179
3170.0	5.870103
3175.0	5.628619
3180.0	5.507333
3185.0	5.737754
3190.0	5.847822
3195.0	6.026532
3200.0	5.720999
3205.0	5.679067
3210.0	5.666064
3215.0	5.553619
3220.0	5.447989
3225.0	5.469988
3230.0	5.564042
3235.0	5.634705
3240.0	5.603436
3245.0	5.439998
3250.0	5.290460
3255.0	5.281978
3260.0	5.289748
3265.0	5.176005
3270.0	5.003093
3275.0	4.867550
3280.0	4.802569
3285.0	4.812685
3290.0	4.851142
3295.0	4.866953
3300.0	4.843505
3305.0	4.780664
3310.0	4.709843
3315.0	4.665878
3320.0	4.665748
3325.0	4.707109
3330.0	4.728190
3335.0	4.677418
3340.0	4.603432
3345.0	4.566359
3350.0	4.572060
3355.0	4.606872
3360.0	4.633313
3365.0	4.617663
3370.0	4.565081
3375.0	4.495646
3380.0	4.450236
3385.0	4.456566
3390.0	4.468866
3395.0	4.440722
3400.0	4.396626
3405.0	4.369850
3410.0	4.357895
3415.0	4.349636
3420.0	4.335232
3425.0	4.306473
3430.0	4.260365
3435.0	4.204202
3440.0	4.181221
3445.0	4.221944
3450.0	4.270111
3455.0	4.267387
3460.0	4.233936
3465.0	4.200610
3470.0	4.162512
3475.0	4.112136
3480.0	4.067271
3485.0	4.044286
3490.0	4.028558
3495.0	4.001213
3500.0	3.957357
3505.0	3.900746
3510.0	3.855758
3515.0	3.841801
3520.0	3.837776
3525.0	3.821168
3530.0	3.804302
3535.0	3.800429
3540.0	3.791651
3545.0	3.761148
3550.0	3.727566
3555.0	3.710253
3560.0	3.695906
3565.0	3.670310
3570.0	3.648240
3575.0	3.641296
3580.0	3.619383
3585.0	3.557271
3590.0	3.490874
3595.0	3.462074
3600.0	3.475461
3605.0	3.517584
3610.0	3.540123
3615.0	3.504673
3620.0	3.447349
3625.0	3.410702
3630.0	3.388503
3635.0	3.367605
3640.0	3.355969
3645.0	3.360445
3650.0	3.362337
3655.0	3.344963
3660.0	3.325249
3665.0	3.320022
3670.0	3.312121
3675.0	3.284617
3680.0	3.255517
3685.0	3.241565
3690.0	3.219521
3695.0	3.168976
3700.0	3.120832
3705.0	3.108541
3710.0	3.124462
3715.0	3.150759
3720.0	3.169924
3725.0	3.170878
3730.0	3.167935
3735.0	3.178021
3740.0	3.203124
3745.0	3.238634
3750.0	3.268507
3755.0	3.278525
3760.0	3.273239
3765.0	3.266214
3770.0	3.288312
3775.0	3.359070
3780.0	3.435430
3785.0	3.464342
3790.0	3.415405
3795.0	3.292985
3800.0	3.217878
3805.0	3.294940
3810.0	3.448824
3815.0	3.564327
3820.0	3.547000
3825.0	3.355325
3830.0	3.138746
3835.0	3.060622
3840.0	3.149004
3845.0	3.370138
3850.0	3.578341
3855.0	3.645814
3860.0	3.628215
3865.0	3.599937
3870.0	3.526841
3875.0	3.368860
3880.0	3.170754
3885.0	3.000451
3890.0	2.933713
3895.0	3.020259
3900.0	3.197787
3905.0	3.377959
3910.0	3.480302
3915.0	3.457819
3920.0	3.389549
3925.0	3.363535
3930.0	3.377800
3935.0	3.408893
3940.0	3.437496
3945.0	3.443588
3950.0	3.400207
3955.0	3.284397
3960.0	3.096153
3965.0	2.868864
3970.0	2.746549
3975.0	2.845454
3980.0	3.060117
3985.0	3.251541
3990.0	3.368286
3995.0	3.395125
4000.0	3.374094
4005.0	3.346933
4010.0	3.296918
4015.0	3.208511
4020.0	3.129383
4025.0	3.110098
4030.0	3.149601
4035.0	3.227585
4040.0	3.298362
4045.0	3.323456
4050.0	3.318609
4055.0	3.305232
4060.0	3.273186
4065.0	3.214216
4070.0	3.159148
4075.0	3.135327
4080.0	3.117076
4085.0	3.066773
4090.0	2.952020
4095.0	2.769696
4100.0	2.628559
4105.0	2.631202
4110.0	2.743692
4115.0	2.898965
4120.0	3.033982
4125.0	3.098741
4130.0	3.091368
4135.0	3.030634
4140.0	2.969759
4145.0	2.954162
4150.0	2.963594
4155.0	2.969649
4160.0	2.976940
4165.0	2.992165
4170.0	2.997341
4175.0	2.978338
4180.0	2.961126
4185.0	2.969178
4190.0	2.975877
4195.0	2.954548
4200.0	2.928376
4205.0	2.922945
4210.0	2.923568
4215.0	2.911363
4220.0	2.890927
4225.0	2.870896
4230.0	2.852570
4235.0	2.836297
4240.0	2.825973
4245.0	2.823106
4250.0	2.816131
4255.0	2.795714
4260.0	2.774507
4265.0	2.764906
4270.0	2.756298
4275.0	2.736484
4280.0	2.709933
4285.0	2.686175
4290.0	2.678301
4295.0	2.690957
4300.0	2.691443
4305.0	2.652560
4310.0	2.606472
4315.0	2.581803
4320.0	2.533634
4325.0	2.417917
4330.0	2.267607
4335.0	2.136912
4340.0	2.088050
4345.0	2.159879
4350.0	2.289819
4355.0	2.403146
4360.0	2.478017
4365.0	2.510149
4370.0	2.512604
4375.0	2.499346
4380.0	2.470587
4385.0	2.430532
4390.0	2.413106
4395.0	2.443457
4400.0	2.481896
4405.0	2.485052
4410.0	2.459664
4415.0	2.424416
4420.0	2.395647
4425.0	2.383013
4430.0	2.371779
4435.0	2.349361
4440.0	2.336164
4445.0	2.348946
4450.0	2.356876
4455.0	2.327213
4460.0	2.267169
4465.0	2.197787
4470.0	2.155498
4475.0	2.166692
4480.0	2.202206
4485.0	2.226480
4490.0	2.233920
4495.0	2.228164
4500.0	2.219835
4505.0	2.218124
4510.0	2.219521
4515.0	2.217873
4520.0	2.209146
4525.0	2.192354
4530.0	2.176565
4535.0	2.169095
4540.0	2.160194
4545.0	2.140723
4550.0	2.121049
4555.0	2.111929
4560.0	2.106161
4565.0	2.095388
4570.0	2.084592
4575.0	2.079565
4580.0	2.075992
4585.0	2.068301
4590.0	2.055983
4595.0	2.040193
4600.0	2.023675
4605.0	2.010098
4610.0	2.005224
4615.0	2.011203
4620.0	2.013626
4625.0	1.999242
4630.0	1.975978
4635.0	1.955714
4640.0	1.944989
4645.0	1.946107
4650.0	1.949803
4655.0	1.947060
4660.0	1.941417
4665.0	1.937699
4670.0	1.933302
4675.0	1.925506
4680.0	1.918548
4685.0	1.916099
4690.0	1.912623
4695.0	1.901735
4700.0	1.882889
4705.0	1.859859
4710.0	1.847877
4715.0	1.859110
4720.0	1.882022
4725.0	1.900332
4730.0	1.902496
4735.0	1.884099
4740.0	1.864512
4745.0	1.861131
4750.0	1.859662
4755.0	1.844870
4760.0	1.829410
4765.0	1.826752
4770.0	1.825728
4775.0	1.814173
4780.0	1.800592
4785.0	1.794475
4790.0	1.788590
4795.0	1.775030
4800.0	1.759932
4805.0	1.750237
4810.0	1.742064
4815.0	1.716443
4820.0	1.694418
4825.0	1.688777
4830.0	1.680467
4835.0	1.670035
4840.0	1.648149
4845.0	1.610242
4850.0	1.531333
4855.0	1.343321
4860.0	1.107218
4865.0	1.180209
4870.0	1.432942
4875.0	1.543468
4880.0	1.582203
4885.0	1.591818
4890.0	1.597235
4895.0	1.600255
4900.0	1.596025
4905.0	1.593062
4910.0	1.589595
4915.0	1.561546
4920.0	1.454432
4925.0	1.499299
4930.0	1.559052
4935.0	1.553561
4940.0	1.535324
4945.0	1.525927
4950.0	1.523044
4955.0	1.518608
4960.0	1.513095
4965.0	1.507475
4970.0	1.505432
4975.0	1.504135
4980.0	1.498693
4985.0	1.492577
4990.0	1.482297
4995.0	1.473369
5000.0	1.461287
5005.0	1.451175
5010.0	1.430714
5015.0	1.381742
5020.0	1.421545
5025.0	1.432249
5030.0	1.417801
5035.0	1.401009
5040.0	1.397878
5045.0	1.384116
5050.0	1.385063
5055.0	1.394511
5060.0	1.393377
5065.0	1.396721
5070.0	1.390274
5075.0	1.384755
5080.0	1.380519
5085.0	1.375345
5090.0	1.370576
5095.0	1.363725
5100.0	1.358139
5105.0	1.351878
5110.0	1.349034
5115.0	1.341374
5120.0	1.335188
5125.0	1.327633
5130.0	1.321903
5135.0	1.319003
5140.0	1.314895
5145.0	1.307723
5150.0	1.305079
5155.0	1.300549
5160.0	1.298270
5165.0	1.294661
5170.0	1.286539
5175.0	1.284583
5180.0	1.282109
5185.0	1.276656
5190.0	1.271817
5195.0	1.265524
5200.0	1.260033
5205.0	1.259126
5210.0	1.251896
5215.0	1.243872
5220.0	1.246809
5225.0	1.244656
5230.0	1.239861
5235.0	1.234417
5240.0	1.228322
5245.0	1.225251
5250.0	1.221203
5255.0	1.216397
5260.0	1.210811
5265.0	1.205841
5270.0	1.203207
5275.0	1.200191
5280.0	1.198473
5285.0	1.194669
5290.0	1.190182
5295.0	1.185677
5300.0	1.181078
5305.0	1.177877
5310.0	1.174868
5315.0	1.169932
5320.0	1.163373
5325.0	1.161190
5330.0	1.156893
5335.0	1.154069
5340.0	1.150007
5345.0	1.143028
5350.0	1.143425
5355.0	1.142117
5360.0	1.139712
5365.0	1.136170
5370.0	1.132536
5375.0	1.128232
5380.0	1.125077
5385.0	1.122247
5390.0	1.119325
5395.0	1.114294
5400.0	1.107713
5405.0	1.102843
5410.0	1.098588
5415.0	1.095010
5420.0	1.090695
5425.0	1.084065
5430.0	1.075454
5435.0	1.073589
5440.0	1.074323
5445.0	1.072422
5450.0	1.064528
5455.0	1.054618
5460.0	1.060962
5465.0	1.060609
5470.0	1.055267
5475.0	1.049042
5480.0	1.048320
5485.0	1.045175
5490.0	1.038452
5495.0	1.034206
5500.0	1.032751
5505.0	1.029099
5510.0	1.024152
5515.0	1.024412
5520.0	1.024101
5525.0	1.019335
5530.0	1.015392
5535.0	1.010913
5540.0	1.008135
5545.0	1.005940
5550.0	1.002278
5555.0	0.997630
5560.0	0.993695
5565.0	0.990043
5570.0	0.989022
5575.0	0.984636
5580.0	0.982192
5585.0	0.979708
5590.0	0.975464
5595.0	0.973598
5600.0	0.971316
5605.0	0.961585
5610.0	0.959929
5615.0	0.959136
5620.0	0.956957
5625.0	0.953984
5630.0	0.946127
5635.0	0.939118
5640.0	0.927826
5645.0	0.931602
5650.0	0.931679
5655.0	0.933656
5660.0	0.928554
5665.0	0.927833
5670.0	0.928330
5675.0	0.925857
5680.0	0.921242
5685.0	0.917085
5690.0	0.912853
5695.0	0.908759
5700.0	0.906789
5705.0	0.907236
5710.0	0.905382
5715.0	0.901252
5720.0	0.893928
5725.0	0.889887
5730.0	0.887460
5735.0	0.884098
5740.0	0.878535
5745.0	0.876498
5750.0	0.874042
5755.0	0.871174
5760.0	0.867402
5765.0	0.863811
5770.0	0.859676
5775.0	0.857242
5780.0	0.855191
5785.0	0.854468
5790.0	0.851968
5795.0	0.848919
5800.0	0.848384
5805.0	0.845348
5810.0	0.842935
5815.0	0.839511
5820.0	0.836136
5825.0	0.835042
5830.0	0.833356
5835.0	0.831494
5840.0	0.829962
5845.0	0.827530
5850.0	0.822632
5855.0	0.821242
5860.0	0.820189
5865.0	0.817826
5870.0	0.815299
5875.0	0.812501
5880.0	0.809789
5885.0	0.807171
5890.0	0.804627
5895.0	0.802138
5900.0	0.799780
5905.0	0.797541
5910.0	0.795412
5915.0	0.793402
5920.0	0.791497
5925.0	0.789618
5930.0	0.787837
5935.0	0.786140
5940.0	0.783865
5945.0	0.780917
5950.0	0.777814
5955.0	0.774759
5960.0	0.771768
5965.0	0.768792
5970.0	0.765817
5975.0	0.762864
5980.0	0.759892
5985.0	0.756941
5990.0	0.754040
5995.0	0.751166
6000.0	0.748334
6005.0	0.746498
6010.0	0.746718
6015.0	0.740789
6020.0	0.739629
6025.0	0.733584
6030.0	0.732325
6035.0	0.733232
6040.0	0.726349
6045.0	0.735949
6050.0	0.727001
6055.0	0.726736
6060.0	0.721692
6065.0	0.720279
6070.0	0.717834
6075.0	0.712688
6080.0	0.715152
6085.0	0.711835
6090.0	0.710045
6095.0	0.705464
6100.0	0.706348
6105.0	0.704448
6110.0	0.701608
6115.0	0.703618
6120.0	0.698445
6125.0	0.694821
6130.0	0.695202
6135.0	0.690513
6140.0	0.687140
6145.0	0.684499
6150.0	0.682448
6155.0	0.678884
6160.0	0.677117
6165.0	0.676595
6170.0	0.675388
6175.0	0.675301
6180.0	0.670277
6185.0	0.669666
6190.0	0.668361
6195.0	0.667786
6200.0	0.661159
6205.0	0.661833
6210.0	0.658273
6215.0	0.655844
6220.0	0.655529
6225.0	0.655863
6230.0	0.652964
6235.0	0.647979
6240.0	0.646195
6245.0	0.646605
6250.0	0.643651
6255.0	0.642762
6260.0	0.638014
6265.0	0.635506
6270.0	0.632890
6275.0	0.628871
6280.0	0.618552
6285.0	0.621113
6290.0	0.624728
6295.0	0.621872
6300.0	0.617913
6305.0	0.617105
6310.0	0.620128
6315.0	0.618759
6320.0	0.618063
6325.0	0.617304
6330.0	0.614570
6335.0	0.610958
6340.0	0.613048
6345.0	0.603229
6350.0	0.602414
6355.0	0.605991
6360.0	0.607927
6365.0	0.602632
6370.0	0.598160
6375.0	0.600642
6380.0	0.597382
6385.0	0.597341
6390.0	0.595691
6395.0	0.593696
6400.0	0.587552
6405.0	0.587670
6410.0	0.589351
6415.0	0.587092
6420.0	0.587113
6425.0	0.586730
6430.0	0.581853
6435.0	0.582449
6440.0	0.580410
6445.0	0.578165
6450.0	0.577592
6455.0	0.575110
6460.0	0.572991
6465.0	0.572330
6470.0	0.568982
6475.0	0.564757
6480.0	0.563066
6485.0	0.562405
6490.0	0.564284
6495.0	0.567501
6500.0	0.570291
6505.0	0.561294
6510.0	0.561060
6515.0	0.558268
6520.0	0.557345
6525.0	0.555268
6530.0	0.551268
6535.0	0.549136
6540.0	0.542711
6545.0	0.533294
6550.0	0.516804
6555.0	0.486053
6560.0	0.419544
6565.0	0.426623
6570.0	0.484196
6575.0	0.504546
6580.0	0.517441
6585.0	0.525774
6590.0	0.532493
6595.0	0.534607
6600.0	0.531755
6605.0	0.535094
6610.0	0.532900
6615.0	0.531291
6620.0	0.531376
6625.0	0.531329
6630.0	0.526266
6635.0	0.525938
6640.0	0.522493
6645.0	0.519457
6650.0	0.519322
6655.0	0.519855
6660.0	0.515852
6665.0	0.513618
6670.0	0.509131
6675.0	0.491000
6680.0	0.483057
6685.0	0.505915
6690.0	0.509804
6695.0	0.507555
6700.0	0.506614
6705.0	0.505760
6710.0	0.505589
6715.0	0.500950
6720.0	0.499937
6725.0	0.501513
6730.0	0.499863
6735.0	0.497999
6740.0	0.497373
6745.0	0.495304
6750.0	0.493883
6755.0	0.489827
6760.0	0.489336
6765.0	0.489705
6770.0	0.487551
6775.0	0.487427
6780.0	0.484497
6785.0	0.482201
6790.0	0.482165
6795.0	0.484261
6800.0	0.476510
6805.0	0.473767
6810.0	0.478137
6815.0	0.475609
6820.0	0.475918
6825.0	0.473524
6830.0	0.475447
6835.0	0.475580
6840.0	0.474005
6845.0	0.472687
6850.0	0.471492
6855.0	0.469547
6860.0	0.467924
6865.0	0.466658
6870.0	0.465681
6875.0	0.464506
6880.0	0.463292
6885.0	0.462071
6890.0	0.460849
6895.0	0.459619
6900.0	0.458374
6905.0	0.457128
6910.0	0.455874
6915.0	0.454608
6920.0	0.453333
6925.0	0.452058
6930.0	0.450762
6935.0	0.449452
6940.0	0.448142
6945.0	0.446841
6950.0	0.445547
6955.0	0.444256
6960.0	0.442972
6965.0	0.441697
6970.0	0.440394
6975.0	0.439294
6980.0	0.437012
6985.0	0.433723
6990.0	0.433192
6995.0	0.433845
7000.0	0.431845
7005.0	0.431940
7010.0	0.433128
7015.0	0.431006
7020.0	0.429046
7025.0	0.426811
7030.0	0.425080
7035.0	0.424724
7040.0	0.425617
7045.0	0.425301
7050.0	0.423539
7055.0	0.421878
7060.0	0.419505
7065.0	0.411390
7070.0	0.415986
7075.0	0.417077
7080.0	0.416921
7085.0	0.415693
7090.0	0.412146
7095.0	0.413473
7100.0	0.412055
7105.0	0.409648
7110.0	0.412531
7115.0	0.410829
7120.0	0.408683
7125.0	0.407577
7130.0	0.407578
7135.0	0.407721
7140.0	0.404320
7145.0	0.404352
7150.0	0.403499
7155.0	0.400792
7160.0	0.399019
7165.0	0.399760
7170.0	0.394446
7175.0	0.390276
7180.0	0.390943
7185.0	0.385090
7190.0	0.384532
7195.0	0.385950
7200.0	0.384380
7205.0	0.384144
7210.0	0.386574
7215.0	0.387486
7220.0	0.387816
7225.0	0.385646
7230.0	0.380735
7235.0	0.375563
7240.0	0.377721
7245.0	0.376695
7250.0	0.377340
7255.0	0.376819
7260.0	0.373609
7265.0	0.373711
7270.0	0.373705
7275.0	0.369676
7280.0	0.367752
7285.0	0.370669
7290.0	0.372813
7295.0	0.372054
7300.0	0.368916
7305.0	0.368642
7310.0	0.368846
7315.0	0.367621
7320.0	0.367145
7325.0	0.368565
7330.0	0.366691
7335.0	0.368880
7340.0	0.370369
7345.0	0.366799
7350.0	0.364407
7355.0	0.364489
7360.0	0.362590
7365.0	0.361896
7370.0	0.359471
7375.0	0.360341
7380.0	0.360038
7385.0	0.358230
7390.0	0.358229
7395.0	0.357898
7400.0	0.356482
7405.0	0.356768
7410.0	0.356498
7415.0	0.356197
7420.0	0.352219
7425.0	0.352220
7430.0	0.351334
7435.0	0.349507
7440.0	0.347655
7445.0	0.347406
7450.0	0.347759
7455.0	0.346903
7460.0	0.344922
7465.0	0.344394
7470.0	0.343953
7475.0	0.342685
7480.0	0.342542
7485.0	0.340284
7490.0	0.337142
7495.0	0.337932
7500.0	0.338114
7505.0	0.337545
7510.0	0.338721
7515.0	0.337661
7520.0	0.337164
7525.0	0.336884
7530.0	0.334850
7535.0	0.334876
7540.0	0.333504
7545.0	0.332980
7550.0	0.330571
7555.0	0.330061
7560.0	0.329163
7565.0	0.328238
7570.0	0.327462
7575.0	0.326748
7580.0	0.325867
7585.0	0.324988
7590.0	0.324334
7595.0	0.323661
7600.0	0.323007
7605.0	0.322334
7610.0	0.321646
7615.0	0.320906
7620.0	0.320179
7625.0	0.319450
7630.0	0.318722
7635.0	0.317993
7640.0	0.317275
7645.0	0.316561
7650.0	0.315852
7655.0	0.315141
7660.0	0.314417
7665.0	0.313689
7670.0	0.312971
7675.0	0.312258
7680.0	0.311581
7685.0	0.310927
7690.0	0.310266
7695.0	0.309602
7700.0	0.309182
7705.0	0.308808
7710.0	0.307864
7715.0	0.307190
7720.0	0.306574
7725.0	0.305991
7730.0	0.305400
7735.0	0.305394
7740.0	0.303923
7745.0	0.302655
7750.0	0.303036
7755.0	0.302467
7760.0	0.300658
7765.0	0.299364
7770.0	0.292587
7775.0	0.289045
7780.0	0.295395
7785.0	0.296896
7790.0	0.297349
7795.0	0.294460
7800.0	0.297086
7805.0	0.294920
7810.0	0.292900
7815.0	0.291640
7820.0	0.291170
7825.0	0.292247
7830.0	0.290274
7835.0	0.289157
7840.0	0.289023
7845.0	0.287138
7850.0	0.287162
7855.0	0.286752
7860.0	0.287162
7865.0	0.285475
7870.0	0.286296
7875.0	0.285743
7880.0	0.285054
7885.0	0.283147
7890.0	0.281286
7895.0	0.281057
7900.0	0.280236
7905.0	0.280189
7910.0	0.281367
7915.0	0.280544
7920.0	0.278796
7925.0	0.279061
7930.0	0.278423
7935.0	0.278381
7940.0	0.277032
7945.0	0.276121
7950.0	0.273586
7955.0	0.274317
7960.0	0.275343
7965.0	0.273127
7970.0	0.271708
7975.0	0.273103
7980.0	0.271141
7985.0	0.271542
7990.0	0.270065
7995.0	0.269553
8000.0	0.269531
8005.0	0.268320
8010.0	0.266949
8015.0	0.267002
8020.0	0.266607
8025.0	0.265324
8030.0	0.265772
8035.0	0.266216
8040.0	0.264287
8045.0	0.264155
8050.0	0.264432
8055.0	0.262798
8060.0	0.264087
8065.0	0.259960
8070.0	0.261971
8075.0	0.260364
8080.0	0.260243
8085.0	0.259083
8090.0	0.260106
8095.0	0.258519
8100.0	0.259237
8105.0	0.259398
8110.0	0.256543
8115.0	0.256401
8120.0	0.256592
8125.0	0.255499
8130.0	0.255399
8135.0	0.253300
8140.0	0.253210
8145.0	0.252928
8150.0	0.251568
8155.0	0.249534
8160.0	0.247385
8165.0	0.246219
8170.0	0.248578
8175.0	0.248039
8180.0	0.247120
8185.0	0.246642
8190.0	0.246578
8195.0	0.246512
8200.0	0.246488
8205.0	0.248691
8210.0	0.247562
8215.0	0.248312
8220.0	0.245484
8225.0	0.240116
8230.0	0.235561
8235.0	0.240855
8240.0	0.243489
8245.0	0.243907
8250.0	0.244082
8255.0	0.241406
8260.0	0.241091
8265.0	0.242013
8270.0	0.239868
8275.0	0.238049
8280.0	0.237868
8285.0	0.238282
8290.0	0.237503
8295.0	0.236421
8300.0	0.236467
8305.0	0.236191
8310.0	0.235812
8315.0	0.235089
8320.0	0.232989
8325.0	0.235258
8330.0	0.234274
8335.0	0.234413
8340.0	0.231754
8345.0	0.233984
8350.0	0.232299
8355.0	0.230692
8360.0	0.231003
8365.0	0.230033
8370.0	0.230725
8375.0	0.230937
8380.0	0.230495
8385.0	0.229532
8390.0	0.230119
8395.0	0.229995
8400.0	0.229800
8405.0	0.226798
8410.0	0.227616
8415.0	0.227417
8420.0	0.228956
8425.0	0.227363
8430.0	0.226437
8435.0	0.226012
8440.0	0.222569
8445.0	0.218870
8450.0	0.223212
8455.0	0.223675
8460.0	0.223125
8465.0	0.219988
8470.0	0.222211
8475.0	0.221796
8480.0	0.224513
8485.0	0.223439
8490.0	0.220845
8495.0	0.219239
8500.0	0.217566
8505.0	0.213758
8510.0	0.215986
8515.0	0.219028
8520.0	0.220187
8525.0	0.220848
8530.0	0.218339
8535.0	0.217004
8540.0	0.210935
8545.0	0.208642
8550.0	0.212314
8555.0	0.216169
8560.0	0.217660
8565.0	0.220595
8570.0	0.221127
8575.0	0.214284
8580.0	0.214431
8585.0	0.213080
8590.0	0.206065
8595.0	0.202401
8600.0	0.202799
8605.0	0.208927
8610.0	0.215557
8615.0	0.218040
8620.0	0.222207
8625.0	0.221945
8630.0	0.219894
8635.0	0.220014
8640.0	0.218464
8645.0	0.215962
8650.0	0.208888
8655.0	0.202757
8660.0	0.194956
8665.0	0.190017
8670.0	0.197942
8675.0	0.203158
8680.0	0.210754
8685.0	0.213896
8690.0	0.217189
8695.0	0.219338
8700.0	0.218298
8705.0	0.220405
8710.0	0.221069
8715.0	0.217792
8720.0	0.216272
8725.0	0.210095
8730.0	0.207664
8735.0	0.200808
8740.0	0.192162
8745.0	0.183917
8750.0	0.177149
8755.0	0.183557
8760.0	0.192925
8765.0	0.199814
8770.0	0.200992
8775.0	0.202053
8780.0	0.203574
8785.0	0.206718
8790.0	0.208590
8795.0	0.210459
8800.0	0.208295
8805.0	0.206669
8810.0	0.210298
8815.0	0.207397
8820.0	0.204384
8825.0	0.203381
8830.0	0.201987
8835.0	0.199474
8840.0	0.193325
8845.0	0.189524
8850.0	0.182771
8855.0	0.172650
8860.0	0.162814
8865.0	0.167937
8870.0	0.176694
8875.0	0.185289
8880.0	0.194524
8885.0	0.197912
8890.0	0.197315
8895.0	0.199102
8900.0	0.201985
8905.0	0.201644
8910.0	0.199483
8915.0	0.195037
8920.0	0.197451
8925.0	0.194727
8930.0	0.192435
8935.0	0.194049
8940.0	0.193244
8945.0	0.193005
8950.0	0.194129
8955.0	0.192466
8960.0	0.190293
8965.0	0.188845
8970.0	0.188732
8975.0	0.185659
8980.0	0.181628
8985.0	0.182534
8990.0	0.173928
8995.0	0.174494
9000.0	0.171284
9005.0	0.165993
9010.0	0.160646
9015.0	0.149053
9020.0	0.162682
9025.0	0.167311
9030.0	0.178776
9035.0	0.188080
9040.0	0.194390
9045.0	0.187336
9050.0	0.192529
9055.0	0.189620
9060.0	0.183812
9065.0	0.180474
9070.0	0.177608
9075.0	0.179478
9080.0	0.178289
9085.0	0.176683
9090.0	0.177237
9095.0	0.179169
9100.0	0.176233
9105.0	0.179962
9110.0	0.185453
9115.0	0.182817
9120.0	0.181746
9125.0	0.176069
9130.0	0.172490
9135.0	0.171671
9140.0	0.174602
9145.0	0.175561
9150.0	0.168949
9155.0	0.169836
9160.0	0.173349
9165.0	0.174548
9170.0	0.170529
9175.0	0.171690
9180.0	0.173559
9185.0	0.173555
9190.0	0.168463
9195.0	0.168465
9200.0	0.168510
9205.0	0.169784
9210.0	0.162001
9215.0	0.155060
9220.0	0.151411
9225.0	0.143397
9230.0	0.142727
9235.0	0.147976
9240.0	0.154025
9245.0	0.166743
9250.0	0.164200
9255.0	0.164623
9260.0	0.172622
9265.0	0.171095
9270.0	0.167045
9275.0	0.176130
9280.0	0.175371
9285.0	0.177188
9290.0	0.174544
9295.0	0.166441
9300.0	0.178409
9305.0	0.162325
9310.0	0.155712
9315.0	0.153317
9320.0	0.150867
9325.0	0.142041
9330.0	0.153529
9335.0	0.140749
9340.0	0.136009
9345.0	0.137550
9350.0	0.161545
9355.0	0.136753
9360.0	0.146456
9365.0	0.149466
9370.0	0.150684
9375.0	0.152958
9380.0	0.141818
9385.0	0.165949
9390.0	0.173835
9395.0	0.180596
9400.0	0.173718
9405.0	0.183338
9410.0	0.170242
9415.0	0.174784
9420.0	0.162849
9425.0	0.150979
9430.0	0.127425
9435.0	0.157628
9440.0	0.139336
9445.0	0.145766
9450.0	0.150109
9455.0	0.150529
9460.0	0.152947
9465.0	0.148848
9470.0	0.148763
9475.0	0.162217
9480.0	0.146853
9485.0	0.154835
9490.0	0.155197
9495.0	0.146647
9500.0	0.139109
9505.0	0.165509
9510.0	0.178298
9515.0	0.145398
9520.0	0.134488
9525.0	0.153242
9530.0	0.140453
9535.0	0.135268
9540.0	0.129283
9545.0	0.114041
9550.0	0.121824
9555.0	0.104016
9560.0	0.137251
9565.0	0.137061
9570.0	0.151480
9575.0	0.156570
9580.0	0.162000
9585.0	0.170764
9590.0	0.152206
9595.0	0.138649
9600.0	0.135288
9605.0	0.138009
9610.0	0.145344
9615.0	0.140759
9620.0	0.142325
9625.0	0.142859
9630.0	0.147229
9635.0	0.145825
9640.0	0.146720
9645.0	0.142435
9650.0	0.143780
9655.0	0.141411
9660.0	0.141416
9665.0	0.123342
9670.0	0.149428
9675.0	0.152134
9680.0	0.135953
9685.0	0.143399
9690.0	0.143133
9695.0	0.147393
9700.0	0.136371
9705.0	0.135764
9710.0	0.136394
9715.0	0.137581
9720.0	0.138645
9725.0	0.139061
9730.0	0.138919
9735.0	0.138467
9740.0	0.137948
9745.0	0.137564
9750.0	0.137340
9755.0	0.137257
9760.0	0.137294
9765.0	0.137419
9770.0	0.137538
9775.0	0.137549
9780.0	0.137344
9785.0	0.136869
9790.0	0.136270
9795.0	0.135742
9800.0	0.135483
9805.0	0.135636
9810.0	0.136142
9815.0	0.136887
9820.0	0.137760
9825.0	0.138645
9830.0	0.139416
9835.0	0.139941
9840.0	0.140091
9845.0	0.139776
9850.0	0.139077
9855.0	0.138116
9860.0	0.137016
9865.0	0.135901
9870.0	0.134910
9875.0	0.134183
9880.0	0.133862
9885.0	0.134039
9890.0	0.134609
9895.0	0.135418
9900.0	0.136313
9905.0	0.137128
9910.0	0.137643
9915.0	0.137628
9920.0	0.136851
9925.0	0.135209
9930.0	0.133105
9935.0	0.131069
9940.0	0.129631
9945.0	0.129157
9950.0	0.129358
9955.0	0.129779
9960.0	0.129966
9965.0	0.129608
9970.0	0.128976
9975.0	0.128485
9980.0	0.128548
9985.0	0.129379
9990.0	0.130384
9995.0	0.130771
10000.0	0.129745
10005.0	0.126805
10010.0	0.122627
10015.0	0.118180
10020.0	0.114432
10025.0	0.112132
10030.0	0.111139
10035.0	0.111093
10040.0	0.111632
10045.0	0.112460
10050.0	0.113538
10055.0	0.114890
10060.0	0.116541
10065.0	0.118452
10070.0	0.120325
10075.0	0.121798
10080.0	0.122510
10085.0	0.122238
10090.0	0.121325
10095.0	0.120253
10100.0	0.119506
10105.0	0.119428
10110.0	0.119815
10115.0	0.120326
10120.0	0.120618
10125.0	0.120455
10130.0	0.120022
10135.0	0.119610
10140.0	0.119508
10145.0	0.119902
10150.0	0.120556
10155.0	0.121130
10160.0	0.121285
10165.0	0.120799
10170.0	0.119932
10175.0	0.119061
10180.0	0.118565
10185.0	0.118698
10190.0	0.119211
10195.0	0.119733
10200.0	0.119891
10205.0	0.119429
10210.0	0.118554
10215.0	0.117593
10220.0	0.116869
10225.0	0.116615
10230.0	0.116683
10235.0	0.116835
10240.0	0.116829
10245.0	0.116507
10250.0	0.116028
10255.0	0.115629
10260.0	0.115551
10265.0	0.115918
10270.0	0.116400
10275.0	0.116551
10280.0	0.115928
10285.0	0.114271
10290.0	0.112061
10295.0	0.109967
10300.0	0.108656
10305.0	0.108593
10310.0	0.109445
10315.0	0.110673
10320.0	0.111743
10325.0	0.112217
10330.0	0.112062
10335.0	0.111343
10340.0	0.110126
10345.0	0.108570
10350.0	0.107210
10355.0	0.106676
10360.0	0.107596
10365.0	0.110278
10370.0	0.113750
10375.0	0.116718
10380.0	0.117887
10385.0	0.116397
10390.0	0.113127
10395.0	0.109388
10400.0	0.106491
10405.0	0.105416
10410.0	0.105814
10415.0	0.107007
10420.0	0.108314
10425.0	0.109190
10430.0	0.109625
10435.0	0.109745
10440.0	0.109675
10445.0	0.109536
10450.0	0.109434
10455.0	0.109472
10460.0	0.109751
10465.0	0.110329
10470.0	0.111081
10475.0	0.111837
10480.0	0.112426
10485.0	0.112724
10490.0	0.112789
10495.0	0.112725
10500.0	0.112638
10505.0	0.112587
10510.0	0.112461
10515.0	0.112104
10520.0	0.111360
10525.0	0.110123
10530.0	0.108480
10535.0	0.106570
10540.0	0.104530
10545.0	0.102516
10550.0	0.100756
10555.0	0.099499
10560.0	0.098992
10565.0	0.099361
10570.0	0.100244
10575.0	0.101160
10580.0	0.101626
10585.0	0.101309
10590.0	0.100486
10595.0	0.099581
10600.0	0.099022
10605.0	0.099131
10610.0	0.099818
10615.0	0.100891
10620.0	0.102156
