#-- b3i
#\*l[Angstrom]	F(\*l)/F(555.6Angstrom]
1150.0	10.277709
1155.0	8.377217
1160.0	7.936257
1165.0	8.323269
1170.0	7.055511
1175.0	5.694718
1180.0	7.224735
1185.0	8.084704
1190.0	6.196263
1195.0	5.066886
1200.0	4.258538
1205.0	2.355778
1210.0	2.242455
1215.0	2.073498
1220.0	4.213542
1225.0	5.669512
1230.0	6.364416
1235.0	8.310771
1240.0	10.398778
1245.0	9.657912
1250.0	8.225660
1255.0	8.729335
1260.0	7.493419
1265.0	7.555439
1270.0	9.023658
1275.0	8.977379
1280.0	9.135174
1285.0	8.277356
1290.0	7.213993
1295.0	5.881287
1300.0	5.481084
1305.0	6.945757
1310.0	8.845069
1315.0	9.899487
1320.0	10.032453
1325.0	8.552743
1330.0	7.445570
1335.0	7.569311
1340.0	9.216653
1345.0	8.753964
1350.0	9.536081
1355.0	9.802718
1360.0	9.422842
1365.0	8.791453
1370.0	8.680458
1375.0	7.881489
1380.0	7.691145
1385.0	7.821867
1390.0	6.946896
1395.0	6.557394
1400.0	7.165282
1405.0	8.532839
1410.0	8.608630
1415.0	7.915738
1420.0	7.427890
1425.0	8.192764
1430.0	8.898673
1435.0	8.870767
1440.0	9.271611
1445.0	9.149354
1450.0	9.401783
1455.0	8.997087
1460.0	9.281334
1465.0	8.791833
1470.0	8.245023
1475.0	8.171882
1480.0	8.245081
1485.0	8.621533
1490.0	9.017461
1495.0	8.108274
1500.0	7.561114
1505.0	7.431353
1510.0	7.381595
1515.0	7.076334
1520.0	7.673853
1525.0	7.032627
1530.0	6.130529
1535.0	5.798634
1540.0	5.884028
1545.0	5.395650
1550.0	7.096327
1555.0	7.837659
1560.0	6.900173
1565.0	6.771106
1570.0	6.854515
1575.0	7.035464
1580.0	7.094765
1585.0	7.545028
1590.0	7.822956
1595.0	7.295528
1600.0	6.927829
1605.0	6.523828
1610.0	6.403255
1615.0	6.764768
1620.0	6.893658
1625.0	6.910854
1630.0	6.865196
1635.0	7.219674
1640.0	7.401273
1645.0	7.695653
1650.0	7.674196
1655.0	7.145671
1660.0	6.975770
1665.0	7.284713
1670.0	7.236509
1675.0	7.304541
1680.0	7.639642
1685.0	7.702495
1690.0	7.127398
1695.0	6.736904
1700.0	6.904277
1705.0	6.621723
1710.0	5.935454
1715.0	5.554090
1720.0	5.090903
1725.0	5.693442
1730.0	6.533632
1735.0	6.703651
1740.0	6.486789
1745.0	6.019352
1750.0	6.001526
1755.0	6.763338
1760.0	6.919333
1765.0	6.626630
1770.0	6.046245
1775.0	5.892990
1780.0	6.743637
1785.0	6.715726
1790.0	5.962167
1795.0	6.921725
1800.0	7.803958
1805.0	7.596396
1810.0	6.960474
1815.0	6.550095
1820.0	6.515735
1825.0	6.646003
1830.0	6.661601
1835.0	6.413379
1840.0	5.805017
1845.0	4.883004
1850.0	4.339304
1855.0	4.827968
1860.0	5.269483
1865.0	5.630766
1870.0	5.913666
1875.0	5.978544
1880.0	5.109012
1885.0	4.160526
1890.0	3.751040
1895.0	4.001487
1900.0	4.570061
1905.0	4.597343
1910.0	4.421146
1915.0	4.033010
1920.0	3.894261
1925.0	3.786315
1930.0	4.121559
1935.0	4.725405
1940.0	4.717888
1945.0	4.765872
1950.0	4.419002
1955.0	4.227437
1960.0	3.781096
1965.0	3.546242
1970.0	3.658728
1975.0	4.750617
1980.0	5.037118
1985.0	5.127407
1990.0	4.660585
1995.0	4.123725
2000.0	3.767849
2005.0	4.161553
2010.0	4.220773
2015.0	4.745977
2020.0	5.032046
2025.0	5.438131
2030.0	5.887423
2035.0	5.881728
2040.0	5.350406
2045.0	4.390413
2050.0	4.567683
2055.0	4.956131
2060.0	4.975492
2065.0	4.640472
2070.0	4.974538
2075.0	5.432525
2080.0	5.713606
2085.0	5.923181
2090.0	5.636420
2095.0	4.984327
2100.0	4.851808
2105.0	4.862775
2110.0	4.921061
2115.0	5.464712
2120.0	5.372380
2125.0	5.083711
2130.0	5.525495
2135.0	5.973526
2140.0	6.032779
2145.0	5.676974
2150.0	4.986349
2155.0	4.886577
2160.0	5.471500
2165.0	5.601171
2170.0	5.703205
2175.0	5.476244
2180.0	5.383813
2185.0	5.487590
2190.0	5.695791
2195.0	5.807936
2200.0	5.917401
2205.0	5.837944
2210.0	5.323760
2215.0	5.228223
2220.0	5.137443
2225.0	4.972635
2230.0	4.824605
2235.0	4.997943
2240.0	5.114806
2245.0	5.046309
2250.0	5.275707
2255.0	5.218322
2260.0	4.991113
2265.0	4.713698
2270.0	5.045127
2275.0	5.318826
2280.0	5.284162
2285.0	5.192894
2290.0	5.606518
2295.0	5.550897
2300.0	5.074947
2305.0	4.690254
2310.0	5.127560
2315.0	5.516922
2320.0	5.224828
2325.0	4.959097
2330.0	4.795264
2335.0	4.854336
2340.0	4.702047
2345.0	4.653965
2350.0	4.450277
2355.0	4.702820
2360.0	5.079316
2365.0	4.991478
2370.0	4.844830
2375.0	4.833836
2380.0	4.827037
2385.0	4.811517
2390.0	4.596106
2395.0	4.618009
2400.0	4.726925
2405.0	4.811791
2410.0	4.650477
2415.0	4.523459
2420.0	4.558220
2425.0	4.708394
2430.0	4.982697
2435.0	4.937270
2440.0	4.725852
2445.0	4.682407
2450.0	4.827713
2455.0	4.929191
2460.0	5.112308
2465.0	5.087240
2470.0	4.838854
2475.0	4.686449
2480.0	4.791314
2485.0	4.788483
2490.0	4.640751
2495.0	4.549710
2500.0	4.687314
2505.0	4.758463
2510.0	4.819614
2515.0	4.666363
2520.0	4.450275
2525.0	4.498981
2530.0	4.602979
2535.0	4.454309
2540.0	4.426081
2545.0	4.122981
2550.0	4.208589
2555.0	4.476792
2560.0	4.730182
2565.0	4.728045
2570.0	4.450717
2575.0	4.576565
2580.0	4.113874
2585.0	3.965456
2590.0	4.458904
2595.0	4.540211
2600.0	4.693779
2605.0	4.510000
2610.0	4.558309
2615.0	4.545074
2620.0	4.574239
2625.0	4.593330
2630.0	4.524899
2635.0	4.536489
2640.0	4.713177
2645.0	4.995937
2650.0	4.947657
2655.0	4.958678
2660.0	5.012756
2665.0	4.804102
2670.0	4.675882
2675.0	4.651492
2680.0	4.904062
2685.0	4.880037
2690.0	4.933202
2695.0	4.755039
2700.0	4.405487
2705.0	4.419426
2710.0	4.452293
2715.0	4.332366
2720.0	4.350900
2725.0	4.550941
2730.0	4.703783
2735.0	4.722110
2740.0	4.524137
2745.0	4.193021
2750.0	4.204561
2755.0	4.004997
2760.0	4.183454
2765.0	4.975475
2770.0	4.808034
2775.0	4.395271
2780.0	4.438030
2785.0	4.351859
2790.0	4.295117
2795.0	4.213952
2800.0	3.721569
2805.0	3.683912
2810.0	4.051059
2815.0	4.439089
2820.0	4.464475
2825.0	4.398848
2830.0	4.223469
2835.0	4.116827
2840.0	4.110620
2845.0	4.054460
2850.0	4.151393
2855.0	4.133696
2860.0	4.141829
2865.0	4.237001
2870.0	4.376415
2875.0	4.215962
2880.0	4.107402
2885.0	4.302176
2890.0	4.285616
2895.0	4.390532
2900.0	4.279331
2905.0	4.111824
2910.0	4.211908
2915.0	4.209560
2920.0	4.148506
2925.0	4.117376
2930.0	3.995529
2935.0	4.035691
2940.0	4.115662
2945.0	4.178915
2950.0	4.016589
2955.0	4.063237
2960.0	4.099142
2965.0	3.955965
2970.0	4.098199
2975.0	4.172331
2980.0	4.017648
2985.0	3.963133
2990.0	3.833807
2995.0	3.801254
3000.0	3.882725
3005.0	3.896271
3010.0	3.929901
3015.0	3.798886
3020.0	3.745189
3025.0	3.764863
3030.0	3.792441
3035.0	3.812346
3040.0	3.813468
3045.0	3.664701
3050.0	3.697375
3055.0	3.839771
3060.0	3.706688
3065.0	3.745474
3070.0	3.810296
3075.0	3.715922
3080.0	3.855690
3085.0	3.782197
3090.0	3.758743
3095.0	3.701906
3100.0	3.489267
3105.0	3.683870
3110.0	3.874645
3115.0	3.901716
3120.0	3.839899
3125.0	3.803132
3130.0	3.820568
3135.0	3.905824
3140.0	3.880121
3145.0	3.844065
3150.0	3.973972
3155.0	3.722730
3160.0	3.593864
3165.0	3.625944
3170.0	3.700187
3175.0	3.750519
3180.0	3.703152
3185.0	3.660063
3190.0	3.713831
3195.0	3.691684
3200.0	3.657280
3205.0	3.649024
3210.0	3.642473
3215.0	3.637330
3220.0	3.633303
3225.0	3.630096
3230.0	3.627416
3235.0	3.624967
3240.0	3.622457
3245.0	3.619590
3250.0	3.616071
3255.0	3.611651
3260.0	3.606250
3265.0	3.599830
3270.0	3.592357
3275.0	3.583793
3280.0	3.574103
3285.0	3.563250
3290.0	3.551198
3295.0	3.537911
3300.0	3.523352
3305.0	3.507523
3310.0	3.490579
3315.0	3.472710
3320.0	3.454111
3325.0	3.434972
3330.0	3.415486
3335.0	3.395845
3340.0	3.376241
3345.0	3.356866
3350.0	3.337912
3355.0	3.319531
3360.0	3.301711
3365.0	3.284400
3370.0	3.267545
3375.0	3.251095
3380.0	3.234996
3385.0	3.219198
3390.0	3.203646
3395.0	3.188290
3400.0	3.173077
3405.0	3.157966
3410.0	3.142963
3415.0	3.128084
3420.0	3.113347
3425.0	3.098768
3430.0	3.084365
3435.0	3.070154
3440.0	3.056153
3445.0	3.042377
3450.0	3.028846
3455.0	3.015569
3460.0	3.002538
3465.0	2.989735
3470.0	2.977146
3475.0	2.964755
3480.0	2.952546
3485.0	2.940503
3490.0	2.928612
3495.0	2.916856
3500.0	2.905220
3505.0	2.893688
3510.0	2.631194
3515.0	2.630781
3520.0	2.651968
3525.0	2.666178
3530.0	2.645329
3535.0	2.612126
3540.0	2.602700
3545.0	2.609078
3550.0	2.598910
3555.0	2.574760
3560.0	2.548505
3565.0	2.571596
3570.0	2.570453
3575.0	2.530504
3580.0	2.508671
3585.0	2.469813
3590.0	2.435546
3595.0	2.458667
3600.0	2.335120
3605.0	2.358380
3610.0	2.389436
3615.0	2.384384
3620.0	2.359449
3625.0	2.351982
3630.0	2.337411
3635.0	2.292674
3640.0	2.318130
3645.0	2.364285
3650.0	2.376088
3655.0	2.411301
3660.0	2.403059
3665.0	2.378556
3670.0	2.401465
3675.0	2.366227
3680.0	2.380306
3685.0	2.387667
3690.0	2.408927
3695.0	2.427085
3700.0	2.457510
3705.0	2.467953
3710.0	2.509173
3715.0	2.609081
3720.0	2.648122
3725.0	2.695486
3730.0	2.708497
3735.0	2.631138
3740.0	2.871827
3745.0	2.876604
3750.0	2.669007
3755.0	2.852293
3760.0	3.006781
3765.0	2.863217
3770.0	2.665048
3775.0	2.894677
3780.0	3.193284
3785.0	3.189244
3790.0	3.049607
3795.0	2.763266
3800.0	2.749534
3805.0	3.072917
3810.0	3.270729
3815.0	3.222576
3820.0	3.126714
3825.0	3.091671
3830.0	2.817072
3835.0	2.612493
3840.0	2.919078
3845.0	3.166079
3850.0	3.221103
3855.0	3.164822
3860.0	3.122710
3865.0	3.091976
3870.0	3.057132
3875.0	3.038659
3880.0	2.901022
3885.0	2.571250
3890.0	2.522651
3895.0	2.877554
3900.0	3.067698
3905.0	3.079947
3910.0	3.088364
3915.0	3.034446
3920.0	2.954473
3925.0	2.892272
3930.0	2.792748
3935.0	2.818389
3940.0	2.944633
3945.0	2.993682
3950.0	2.956878
3955.0	2.883389
3960.0	2.728284
3965.0	2.393407
3970.0	2.232303
3975.0	2.543921
3980.0	2.768558
3985.0	2.828944
3990.0	2.821998
3995.0	2.787376
4000.0	2.755751
4005.0	2.721494
4010.0	2.712998
4015.0	2.731368
4020.0	2.673788
4025.0	2.572306
4030.0	2.605337
4035.0	2.673107
4040.0	2.692916
4045.0	2.693642
4050.0	2.686694
4055.0	2.700749
4060.0	2.716692
4065.0	2.702966
4070.0	2.668926
4075.0	2.649434
4080.0	2.637556
4085.0	2.602934
4090.0	2.530146
4095.0	2.340240
4100.0	2.109850
4105.0	2.195764
4110.0	2.427880
4115.0	2.516927
4120.0	2.493119
4125.0	2.463315
4130.0	2.454442
4135.0	2.451899
4140.0	2.408709
4145.0	2.390990
4150.0	2.441611
4155.0	2.490943
4160.0	2.481201
4165.0	2.427766
4170.0	2.407517
4175.0	2.424390
4180.0	2.432515
4185.0	2.419550
4190.0	2.413840
4195.0	2.394585
4200.0	2.384879
4205.0	2.386047
4210.0	2.382312
4215.0	2.383060
4220.0	2.373971
4225.0	2.358488
4230.0	2.334883
4235.0	2.319994
4240.0	2.322025
4245.0	2.323040
4250.0	2.315973
4255.0	2.304821
4260.0	2.274209
4265.0	2.229994
4270.0	2.214834
4275.0	2.240540
4280.0	2.242197
4285.0	2.236263
4290.0	2.232235
4295.0	2.225095
4300.0	2.218596
4305.0	2.218442
4310.0	2.211473
4315.0	2.198980
4320.0	2.181914
4325.0	2.147453
4330.0	2.073169
4335.0	1.900091
4340.0	1.746811
4345.0	1.866187
4350.0	2.036326
4355.0	2.112769
4360.0	2.131552
4365.0	2.123372
4370.0	2.108119
4375.0	2.105603
4380.0	2.092117
4385.0	2.019217
4390.0	2.003480
4395.0	2.047946
4400.0	2.043940
4405.0	2.033071
4410.0	2.005909
4415.0	1.953443
4420.0	1.922458
4425.0	1.890378
4430.0	1.862412
4435.0	1.866930
4440.0	1.913051
4445.0	1.941182
4450.0	1.950548
4455.0	1.959055
4460.0	1.950876
4465.0	1.902538
4470.0	1.802834
4475.0	1.804815
4480.0	1.824670
4485.0	1.872405
4490.0	1.900309
4495.0	1.903671
4500.0	1.907577
4505.0	1.892801
4510.0	1.887998
4515.0	1.889688
4520.0	1.897424
4525.0	1.879042
4530.0	1.864855
4535.0	1.871687
4540.0	1.859348
4545.0	1.844231
4550.0	1.800577
4555.0	1.797957
4560.0	1.809808
4565.0	1.800923
4570.0	1.794163
4575.0	1.781904
4580.0	1.780762
4585.0	1.773849
4590.0	1.752397
4595.0	1.755177
4600.0	1.742387
4605.0	1.733346
4610.0	1.738643
4615.0	1.733742
4620.0	1.723024
4625.0	1.718035
4630.0	1.686734
4635.0	1.680398
4640.0	1.692684
4645.0	1.702374
4650.0	1.701379
4655.0	1.702730
4660.0	1.706099
4665.0	1.680838
4670.0	1.671208
4675.0	1.683130
4680.0	1.675262
4685.0	1.679033
4690.0	1.667697
4695.0	1.657475
4700.0	1.639820
4705.0	1.634354
4710.0	1.613774
4715.0	1.588659
4720.0	1.601411
4725.0	1.588439
4730.0	1.585533
4735.0	1.591162
4740.0	1.582649
4745.0	1.577867
4750.0	1.569660
4755.0	1.557597
4760.0	1.558436
4765.0	1.548484
4770.0	1.545566
4775.0	1.537863
4780.0	1.521488
4785.0	1.526734
4790.0	1.531548
4795.0	1.529064
4800.0	1.510308
4805.0	1.505506
4810.0	1.499877
4815.0	1.494481
4820.0	1.492880
4825.0	1.496149
4830.0	1.492551
4835.0	1.492528
4840.0	1.487776
4845.0	1.462888
4850.0	1.421558
4855.0	1.330889
4860.0	1.208527
4865.0	1.251709
4870.0	1.386179
4875.0	1.395048
4880.0	1.384374
4885.0	1.395505
4890.0	1.407257
4895.0	1.422226
4900.0	1.424357
4905.0	1.414730
4910.0	1.415395
4915.0	1.390890
4920.0	1.329250
4925.0	1.333910
4930.0	1.398882
4935.0	1.408520
4940.0	1.410150
4945.0	1.414613
4950.0	1.411361
4955.0	1.400818
4960.0	1.396499
4965.0	1.380029
4970.0	1.367235
4975.0	1.369678
4980.0	1.362984
4985.0	1.360470
4990.0	1.356925
4995.0	1.352847
5000.0	1.339206
5005.0	1.306752
5010.0	1.292883
5015.0	1.272089
5020.0	1.295574
5025.0	1.325166
5030.0	1.317221
5035.0	1.313579
5040.0	1.302842
5045.0	1.283998
5050.0	1.286301
5055.0	1.288163
5060.0	1.289822
5065.0	1.301733
5070.0	1.299889
5075.0	1.294134
5080.0	1.289199
5085.0	1.287389
5090.0	1.290883
5095.0	1.290333
5100.0	1.280441
5105.0	1.273578
5110.0	1.270465
5115.0	1.269682
5120.0	1.264617
5125.0	1.261438
5130.0	1.259277
5135.0	1.257147
5140.0	1.252066
5145.0	1.254320
5150.0	1.256958
5155.0	1.248122
5160.0	1.241349
5165.0	1.230845
5170.0	1.215604
5175.0	1.225100
5180.0	1.232837
5185.0	1.226531
5190.0	1.227051
5195.0	1.231739
5200.0	1.226085
5205.0	1.219725
5210.0	1.211021
5215.0	1.207941
5220.0	1.207708
5225.0	1.202343
5230.0	1.204430
5235.0	1.195919
5240.0	1.186080
5245.0	1.182295
5250.0	1.178837
5255.0	1.181299
5260.0	1.182219
5265.0	1.177212
5270.0	1.169019
5275.0	1.160339
5280.0	1.155178
5285.0	1.154268
5290.0	1.153643
5295.0	1.149087
5300.0	1.144501
5305.0	1.147629
5310.0	1.148650
5315.0	1.138442
5320.0	1.127633
5325.0	1.129386
5330.0	1.124199
5335.0	1.123838
5340.0	1.123260
5345.0	1.118925
5350.0	1.121415
5355.0	1.121128
5360.0	1.102574
5365.0	1.101707
5370.0	1.111526
5375.0	1.106573
5380.0	1.107707
5385.0	1.100365
5390.0	1.097358
5395.0	1.090332
5400.0	1.083654
5405.0	1.082310
5410.0	1.085264
5415.0	1.081315
5420.0	1.071997
5425.0	1.062368
5430.0	1.051567
5435.0	1.050476
5440.0	1.048092
5445.0	1.039376
5450.0	1.034225
5455.0	1.022807
5460.0	1.032559
5465.0	1.042800
5470.0	1.044774
5475.0	1.041501
5480.0	1.036811
5485.0	1.029367
5490.0	1.024815
5495.0	1.030496
5500.0	1.034667
5505.0	1.019556
5510.0	1.007991
5515.0	1.020282
5520.0	1.017760
5525.0	1.007317
5530.0	1.001945
5535.0	0.997521
5540.0	1.000342
5545.0	1.003910
5550.0	1.006532
5555.0	1.003784
5560.0	1.001292
5565.0	0.998269
5570.0	0.994550
5575.0	0.993344
5580.0	0.996519
5585.0	1.000661
5590.0	0.993604
5595.0	0.989375
5600.0	0.983116
5605.0	0.974852
5610.0	0.972950
5615.0	0.973338
5620.0	0.972483
5625.0	0.969136
5630.0	0.963271
5635.0	0.954402
5640.0	0.940742
5645.0	0.942843
5650.0	0.947909
5655.0	0.953357
5660.0	0.940768
5665.0	0.924820
5670.0	0.923613
5675.0	0.924209
5680.0	0.919561
5685.0	0.923381
5690.0	0.923601
5695.0	0.919722
5700.0	0.913130
5705.0	0.903820
5710.0	0.906122
5715.0	0.911746
5720.0	0.910168
5725.0	0.901918
5730.0	0.903675
5735.0	0.899562
5740.0	0.890191
5745.0	0.887744
5750.0	0.886554
5755.0	0.885654
5760.0	0.887489
5765.0	0.883348
5770.0	0.874234
5775.0	0.848362
5780.0	0.817067
5785.0	0.834885
5790.0	0.850743
5795.0	0.844136
5800.0	0.850288
5805.0	0.860490
5810.0	0.859513
5815.0	0.856643
5820.0	0.853957
5825.0	0.853319
5830.0	0.850018
5835.0	0.847957
5840.0	0.843211
5845.0	0.842379
5850.0	0.835087
5855.0	0.837829
5860.0	0.840470
5865.0	0.832205
5870.0	0.804760
5875.0	0.758116
5880.0	0.785927
5885.0	0.781768
5890.0	0.707164
5895.0	0.708300
5900.0	0.769668
5905.0	0.817717
5910.0	0.807017
5915.0	0.809820
5920.0	0.801124
5925.0	0.798918
5930.0	0.799725
5935.0	0.796654
5940.0	0.790405
5945.0	0.782051
5950.0	0.783302
5955.0	0.784693
5960.0	0.784468
5965.0	0.785340
5970.0	0.779599
5975.0	0.774896
5980.0	0.773131
5985.0	0.773332
5990.0	0.770218
5995.0	0.769714
6000.0	0.766950
6005.0	0.763709
6010.0	0.761399
6015.0	0.759819
6020.0	0.760745
6025.0	0.761109
6030.0	0.761999
6035.0	0.749900
6040.0	0.748164
6045.0	0.749774
6050.0	0.748971
6055.0	0.747274
6060.0	0.746431
6065.0	0.747753
6070.0	0.745066
6075.0	0.739341
6080.0	0.738471
6085.0	0.738331
6090.0	0.738662
6095.0	0.733103
6100.0	0.729618
6105.0	0.728226
6110.0	0.728386
6115.0	0.728561
6120.0	0.730237
6125.0	0.727305
6130.0	0.722234
6135.0	0.719465
6140.0	0.713626
6145.0	0.711307
6150.0	0.712564
6155.0	0.708129
6160.0	0.702992
6165.0	0.700624
6170.0	0.696934
6175.0	0.692702
6180.0	0.691117
6185.0	0.689587
6190.0	0.689895
6195.0	0.688322
6200.0	0.686191
6205.0	0.684300
6210.0	0.685532
6215.0	0.686122
6220.0	0.685108
6225.0	0.684693
6230.0	0.683044
6235.0	0.683057
6240.0	0.684221
6245.0	0.681756
6250.0	0.677355
6255.0	0.675394
6260.0	0.674074
6265.0	0.666916
6270.0	0.657700
6275.0	0.642552
6280.0	0.612539
6285.0	0.611116
6290.0	0.637795
6295.0	0.651222
6300.0	0.649242
6305.0	0.647267
6310.0	0.646447
6315.0	0.647567
6320.0	0.649532
6325.0	0.650206
6330.0	0.647077
6335.0	0.644020
6340.0	0.640210
6345.0	0.629418
6350.0	0.627947
6355.0	0.639687
6360.0	0.641530
6365.0	0.638433
6370.0	0.627012
6375.0	0.621719
6380.0	0.625875
6385.0	0.630697
6390.0	0.635197
6395.0	0.631696
6400.0	0.626032
6405.0	0.624869
6410.0	0.630279
6415.0	0.629349
6420.0	0.630104
6425.0	0.629182
6430.0	0.627270
6435.0	0.626391
6440.0	0.621122
6445.0	0.613618
6450.0	0.611346
6455.0	0.609774
6460.0	0.609692
6465.0	0.607729
6470.0	0.605383
6475.0	0.602795
6480.0	0.601160
6485.0	0.597092
6490.0	0.597720
6495.0	0.597736
6500.0	0.599986
6505.0	0.598734
6510.0	0.599537
6515.0	0.597241
6520.0	0.599059
6525.0	0.597364
6530.0	0.592945
6535.0	0.592986
6540.0	0.593457
6545.0	0.591692
6550.0	0.588832
6555.0	0.585758
6560.0	0.576315
6565.0	0.566906
6570.0	0.572948
6575.0	0.572176
6580.0	0.555707
6585.0	0.561549
6590.0	0.575180
6595.0	0.577100
6600.0	0.575273
6605.0	0.574884
6610.0	0.568985
6615.0	0.565374
6620.0	0.566773
6625.0	0.569358
6630.0	0.567687
6635.0	0.564672
6640.0	0.563157
6645.0	0.561787
6650.0	0.562658
6655.0	0.559369
6660.0	0.555984
6665.0	0.552500
6670.0	0.546403
6675.0	0.526230
6680.0	0.508962
6685.0	0.533849
6690.0	0.547532
6695.0	0.547991
6700.0	0.546231
6705.0	0.544582
6710.0	0.542878
6715.0	0.540672
6720.0	0.539808
6725.0	0.538651
6730.0	0.536567
6735.0	0.535266
6740.0	0.532752
6745.0	0.531703
6750.0	0.532909
6755.0	0.531035
6760.0	0.529732
6765.0	0.529165
6770.0	0.527227
6775.0	0.524759
6780.0	0.524317
6785.0	0.522723
6790.0	0.521149
6795.0	0.521360
6800.0	0.520395
6805.0	0.519375
6810.0	0.518978
6815.0	0.518241
6820.0	0.516408
6825.0	0.513243
6830.0	0.511766
6835.0	0.510359
6840.0	0.509949
6845.0	0.508732
6850.0	0.507451
6855.0	0.506255
6860.0	0.505081
6865.0	0.503913
6870.0	0.502765
6875.0	0.501601
6880.0	0.500487
6885.0	0.499369
6890.0	0.498262
6895.0	0.497148
6900.0	0.496031
6905.0	0.494913
6910.0	0.493796
6915.0	0.492677
6920.0	0.491599
6925.0	0.490525
6930.0	0.489491
6935.0	0.488478
6940.0	0.487448
6945.0	0.486455
6950.0	0.485462
6955.0	0.484409
6960.0	0.483351
6965.0	0.482281
6970.0	0.481235
6975.0	0.483046
6980.0	0.480297
6985.0	0.477406
6990.0	0.470565
6995.0	0.471060
7000.0	0.470935
7005.0	0.468294
7010.0	0.469295
7015.0	0.468887
7020.0	0.465698
7025.0	0.462027
7030.0	0.462152
7035.0	0.465823
7040.0	0.467340
7045.0	0.465403
7050.0	0.463346
7055.0	0.463081
7060.0	0.451858
7065.0	0.434513
7070.0	0.446129
7075.0	0.459142
7080.0	0.460632
7085.0	0.461656
7090.0	0.462237
7095.0	0.459540
7100.0	0.455705
7105.0	0.453923
7110.0	0.453751
7115.0	0.452222
7120.0	0.453252
7125.0	0.454475
7130.0	0.453084
7135.0	0.453421
7140.0	0.451582
7145.0	0.449681
7150.0	0.451304
7155.0	0.448038
7160.0	0.444117
7165.0	0.440865
7170.0	0.433599
7175.0	0.424962
7180.0	0.424064
7185.0	0.418859
7190.0	0.420409
7195.0	0.421103
7200.0	0.419777
7205.0	0.420749
7210.0	0.430797
7215.0	0.435242
7220.0	0.436219
7225.0	0.429785
7230.0	0.421440
7235.0	0.415693
7240.0	0.416005
7245.0	0.418443
7250.0	0.417411
7255.0	0.414301
7260.0	0.416234
7265.0	0.415627
7270.0	0.413641
7275.0	0.404956
7280.0	0.403566
7285.0	0.404197
7290.0	0.404325
7295.0	0.407209
7300.0	0.407546
7305.0	0.403623
7310.0	0.405525
7315.0	0.403408
7320.0	0.402279
7325.0	0.404119
7330.0	0.402610
7335.0	0.399349
7340.0	0.397805
7345.0	0.398306
7350.0	0.395668
7355.0	0.394619
7360.0	0.393730
7365.0	0.390655
7370.0	0.388983
7375.0	0.389028
7380.0	0.389321
7385.0	0.390107
7390.0	0.390875
7395.0	0.387479
7400.0	0.386405
7405.0	0.387384
7410.0	0.384903
7415.0	0.387312
7420.0	0.387685
7425.0	0.382373
7430.0	0.382087
7435.0	0.381466
7440.0	0.380619
7445.0	0.380900
7450.0	0.381206
7455.0	0.379914
7460.0	0.379551
7465.0	0.377806
7470.0	0.376067
7475.0	0.375931
7480.0	0.375090
7485.0	0.374971
7490.0	0.373441
7495.0	0.373478
7500.0	0.372599
7505.0	0.371361
7510.0	0.371881
7515.0	0.371330
7520.0	0.369882
7525.0	0.368596
7530.0	0.367459
7535.0	0.365229
7540.0	0.365031
7545.0	0.364020
7550.0	0.361894
7555.0	0.361073
7560.0	0.360179
7565.0	0.359285
7570.0	0.358373
7575.0	0.357483
7580.0	0.356591
7585.0	0.355692
7590.0	0.354796
7595.0	0.353899
7600.0	0.352973
7605.0	0.352067
7610.0	0.351144
7615.0	0.350199
7620.0	0.349255
7625.0	0.348311
7630.0	0.347365
7635.0	0.346419
7640.0	0.345472
7645.0	0.344526
7650.0	0.343582
7655.0	0.342639
7660.0	0.341698
7665.0	0.340760
7670.0	0.339834
7675.0	0.338933
7680.0	0.338034
7685.0	0.337141
7690.0	0.336248
7695.0	0.335341
7700.0	0.334463
7705.0	0.333630
7710.0	0.332935
7715.0	0.332521
7720.0	0.331929
7725.0	0.331105
7730.0	0.329942
7735.0	0.328884
7740.0	0.328301
7745.0	0.327689
7750.0	0.327539
7755.0	0.326963
7760.0	0.324632
7765.0	0.321004
7770.0	0.308329
7775.0	0.299860
7780.0	0.314467
7785.0	0.322462
7790.0	0.322489
7795.0	0.322431
7800.0	0.321505
7805.0	0.320323
7810.0	0.320332
7815.0	0.318607
7820.0	0.318137
7825.0	0.317585
7830.0	0.316370
7835.0	0.315491
7840.0	0.314651
7845.0	0.314233
7850.0	0.316049
7855.0	0.314586
7860.0	0.313187
7865.0	0.310414
7870.0	0.310330
7875.0	0.308580
7880.0	0.308109
7885.0	0.308371
7890.0	0.306649
7895.0	0.303942
7900.0	0.303508
7905.0	0.304704
7910.0	0.305358
7915.0	0.303639
7920.0	0.301640
7925.0	0.300352
7930.0	0.299453
7935.0	0.300039
7940.0	0.299621
7945.0	0.299516
7950.0	0.297679
7955.0	0.297057
7960.0	0.296736
7965.0	0.294891
7970.0	0.295494
7975.0	0.295642
7980.0	0.295621
7985.0	0.293947
7990.0	0.294652
7995.0	0.293999
8000.0	0.291705
8005.0	0.291514
8010.0	0.291293
8015.0	0.289450
8020.0	0.289675
8025.0	0.288131
8030.0	0.287254
8035.0	0.285817
8040.0	0.285534
8045.0	0.286519
8050.0	0.286483
8055.0	0.286073
8060.0	0.285189
8065.0	0.284939
8070.0	0.283423
8075.0	0.283650
8080.0	0.282452
8085.0	0.280191
8090.0	0.281434
8095.0	0.281497
8100.0	0.280906
8105.0	0.280856
8110.0	0.279749
8115.0	0.279539
8120.0	0.278747
8125.0	0.278219
8130.0	0.277278
8135.0	0.276031
8140.0	0.275499
8145.0	0.274742
8150.0	0.272318
8155.0	0.270448
8160.0	0.269478
8165.0	0.265222
8170.0	0.267722
8175.0	0.269381
8180.0	0.267356
8185.0	0.269281
8190.0	0.268493
8195.0	0.268592
8200.0	0.267425
8205.0	0.270162
8210.0	0.271248
8215.0	0.268905
8220.0	0.266557
8225.0	0.261800
8230.0	0.255227
8235.0	0.260022
8240.0	0.264801
8245.0	0.264764
8250.0	0.266128
8255.0	0.263508
8260.0	0.261382
8265.0	0.261789
8270.0	0.261507
8275.0	0.258656
8280.0	0.257593
8285.0	0.257971
8290.0	0.257178
8295.0	0.256469
8300.0	0.256684
8305.0	0.255387
8310.0	0.255320
8315.0	0.253785
8320.0	0.252764
8325.0	0.253090
8330.0	0.253801
8335.0	0.253200
8340.0	0.251831
8345.0	0.251622
8350.0	0.252033
8355.0	0.251169
8360.0	0.249163
8365.0	0.249235
8370.0	0.250042
8375.0	0.247113
8380.0	0.247496
8385.0	0.248710
8390.0	0.246722
8395.0	0.245641
8400.0	0.246190
8405.0	0.246500
8410.0	0.241884
8415.0	0.239340
8420.0	0.244616
8425.0	0.249697
8430.0	0.246362
8435.0	0.237496
8440.0	0.231374
8445.0	0.233790
8450.0	0.241433
8455.0	0.246691
8460.0	0.242010
8465.0	0.232015
8470.0	0.232263
8475.0	0.240793
8480.0	0.246065
8485.0	0.247242
8490.0	0.245292
8495.0	0.237516
8500.0	0.225349
8505.0	0.222829
8510.0	0.233936
8515.0	0.240863
8520.0	0.244123
8525.0	0.243829
8530.0	0.241128
8535.0	0.235683
8540.0	0.224977
8545.0	0.214638
8550.0	0.220094
8555.0	0.231914
8560.0	0.237894
8565.0	0.240032
8570.0	0.239537
8575.0	0.237706
8580.0	0.233919
8585.0	0.229440
8590.0	0.224122
8595.0	0.211968
8600.0	0.205812
8605.0	0.218472
8610.0	0.230633
8615.0	0.233437
8620.0	0.233491
8625.0	0.234814
8630.0	0.235965
8635.0	0.234204
8640.0	0.233071
8645.0	0.230519
8650.0	0.226799
8655.0	0.221269
8660.0	0.209180
8665.0	0.197642
8670.0	0.205385
8675.0	0.218546
8680.0	0.222527
8685.0	0.224845
8690.0	0.229062
8695.0	0.231527
8700.0	0.231709
8705.0	0.230196
8710.0	0.230121
8715.0	0.232125
8720.0	0.229670
8725.0	0.228283
8730.0	0.225288
8735.0	0.221273
8740.0	0.215817
8745.0	0.203321
8750.0	0.191314
8755.0	0.197445
8760.0	0.214088
8765.0	0.221006
8770.0	0.222128
8775.0	0.219383
8780.0	0.217890
8785.0	0.220403
8790.0	0.222294
8795.0	0.222229
8800.0	0.223276
8805.0	0.223643
8810.0	0.223848
8815.0	0.222565
8820.0	0.221448
8825.0	0.221824
8830.0	0.221108
8835.0	0.220225
8840.0	0.217823
8845.0	0.212361
8850.0	0.208867
8855.0	0.200662
8860.0	0.188475
8865.0	0.184721
8870.0	0.199956
8875.0	0.209155
8880.0	0.214275
8885.0	0.217059
8890.0	0.218216
8895.0	0.217830
8900.0	0.218518
8905.0	0.218209
8910.0	0.217772
8915.0	0.216760
8920.0	0.217331
8925.0	0.215757
8930.0	0.214583
8935.0	0.214257
8940.0	0.214606
8945.0	0.215055
8950.0	0.211548
8955.0	0.210083
8960.0	0.210280
8965.0	0.206611
8970.0	0.205802
8975.0	0.204470
8980.0	0.204546
8985.0	0.200978
8990.0	0.190144
8995.0	0.193957
9000.0	0.192163
9005.0	0.188480
9010.0	0.184196
9015.0	0.167844
9020.0	0.173146
9025.0	0.186030
9030.0	0.197911
9035.0	0.205637
9040.0	0.208004
9045.0	0.208263
9050.0	0.207754
9055.0	0.203877
9060.0	0.204210
9065.0	0.195381
9070.0	0.192355
9075.0	0.194408
9080.0	0.195286
9085.0	0.191828
9090.0	0.193120
9095.0	0.197631
9100.0	0.194148
9105.0	0.195468
9110.0	0.196596
9115.0	0.198879
9120.0	0.197345
9125.0	0.198149
9130.0	0.195363
9135.0	0.190385
9140.0	0.192788
9145.0	0.197330
9150.0	0.194025
9155.0	0.182453
9160.0	0.187573
9165.0	0.193222
9170.0	0.192061
9175.0	0.184870
9180.0	0.190182
9185.0	0.193685
9190.0	0.196689
9195.0	0.194644
9200.0	0.195545
9205.0	0.197598
9210.0	0.190481
9215.0	0.186265
9220.0	0.186354
9225.0	0.179797
9230.0	0.165149
9235.0	0.170997
9240.0	0.184319
9245.0	0.188818
9250.0	0.188191
9255.0	0.193792
9260.0	0.186960
9265.0	0.188559
9270.0	0.194981
9275.0	0.198703
9280.0	0.196724
9285.0	0.199589
9290.0	0.199064
9295.0	0.194626
9300.0	0.187099
9305.0	0.186678
9310.0	0.181094
9315.0	0.173289
9320.0	0.165491
9325.0	0.167113
9330.0	0.171885
9335.0	0.163059
9340.0	0.155516
9345.0	0.140482
9350.0	0.167452
9355.0	0.159477
9360.0	0.160038
9365.0	0.170732
9370.0	0.163519
9375.0	0.166430
9380.0	0.164818
9385.0	0.174698
9390.0	0.194023
9395.0	0.208723
9400.0	0.199020
9405.0	0.198895
9410.0	0.196757
9415.0	0.192137
9420.0	0.185860
9425.0	0.176537
9430.0	0.161015
9435.0	0.174672
9440.0	0.154354
9445.0	0.155789
9450.0	0.173902
9455.0	0.167360
9460.0	0.158824
9465.0	0.166485
9470.0	0.172493
9475.0	0.174820
9480.0	0.168017
9485.0	0.167618
9490.0	0.185427
9495.0	0.168704
9500.0	0.155416
9505.0	0.170826
9510.0	0.185809
9515.0	0.175269
9520.0	0.157794
9525.0	0.156405
9530.0	0.148407
9535.0	0.156070
9540.0	0.158584
9545.0	0.145075
9550.0	0.143990
9555.0	0.152133
9560.0	0.163906
9565.0	0.165347
9570.0	0.169816
9575.0	0.175734
9580.0	0.171904
9585.0	0.163519
9590.0	0.159448
9595.0	0.157001
9600.0	0.162391
9605.0	0.163730
9610.0	0.167086
9615.0	0.165225
9620.0	0.159788
9625.0	0.152162
9630.0	0.160940
9635.0	0.161179
9640.0	0.154237
9645.0	0.156633
9650.0	0.157685
9655.0	0.163618
9660.0	0.159371
9665.0	0.153305
9670.0	0.160572
9675.0	0.162023
9680.0	0.161553
9685.0	0.161258
9690.0	0.162771
9695.0	0.163473
9700.0	0.161152
9705.0	0.158284
9710.0	0.160036
9715.0	0.158246
9720.0	0.153268
9725.0	0.152781
9730.0	0.154082
9735.0	0.152513
9740.0	0.154770
9745.0	0.156336
9750.0	0.152921
9755.0	0.153201
9760.0	0.149330
9765.0	0.148917
9770.0	0.154901
9775.0	0.152711
9780.0	0.151559
9785.0	0.151632
9790.0	0.152714
9795.0	0.149372
9800.0	0.152452
9805.0	0.151793
9810.0	0.149843
9815.0	0.149389
9820.0	0.151414
9825.0	0.149139
9830.0	0.145557
9835.0	0.149385
9840.0	0.148694
9845.0	0.147556
9850.0	0.147060
9855.0	0.149897
9860.0	0.146660
9865.0	0.149400
9870.0	0.151976
9875.0	0.146356
9880.0	0.141844
9885.0	0.145460
9890.0	0.145750
9895.0	0.145256
9900.0	0.146372
9905.0	0.148687
9910.0	0.145060
9915.0	0.148124
9920.0	0.142203
9925.0	0.142088
9930.0	0.146439
9935.0	0.145955
9940.0	0.144943
9945.0	0.143747
9950.0	0.140919
9955.0	0.141012
9960.0	0.145032
9965.0	0.147469
9970.0	0.138375
9975.0	0.136064
9980.0	0.142846
9985.0	0.139396
9990.0	0.142387
9995.0	0.142233
10000.0	0.141347
10005.0	0.141499
10010.0	0.143644
10015.0	0.141473
10020.0	0.136782
10025.0	0.139548
10030.0	0.137950
10035.0	0.141011
10040.0	0.131616
10045.0	0.125600
10050.0	0.120809
10055.0	0.121174
10060.0	0.131105
10065.0	0.128448
10070.0	0.131072
10075.0	0.135785
10080.0	0.134108
10085.0	0.138949
10090.0	0.136399
10095.0	0.133557
10100.0	0.140066
10105.0	0.136749
10110.0	0.137613
10115.0	0.135990
10120.0	0.136967
10125.0	0.135518
10130.0	0.133936
10135.0	0.136805
10140.0	0.134119
10145.0	0.131522
10150.0	0.132898
10155.0	0.132666
10160.0	0.132458
10165.0	0.132267
10170.0	0.132086
10175.0	0.131908
10180.0	0.131727
10185.0	0.131537
10190.0	0.131329
10195.0	0.131099
10200.0	0.130838
10205.0	0.130543
10210.0	0.130220
10215.0	0.129879
10220.0	0.129529
10225.0	0.129179
10230.0	0.128837
10235.0	0.128514
10240.0	0.128219
10245.0	0.127960
10250.0	0.127747
10255.0	0.127586
10260.0	0.127468
10265.0	0.127382
10270.0	0.127317
10275.0	0.127261
10280.0	0.127203
10285.0	0.127131
10290.0	0.127034
10295.0	0.126899
10300.0	0.126717
10305.0	0.126479
10310.0	0.126193
10315.0	0.125871
10320.0	0.125526
10325.0	0.125169
10330.0	0.124812
10335.0	0.124467
10340.0	0.124147
10345.0	0.123863
10350.0	0.123626
10355.0	0.123446
10360.0	0.123315
10365.0	0.123220
10370.0	0.123150
10375.0	0.123093
10380.0	0.123038
10385.0	0.122972
10390.0	0.122885
10395.0	0.122763
10400.0	0.122596
10405.0	0.122375
10410.0	0.122108
10415.0	0.121803
10420.0	0.121472
10425.0	0.121125
10430.0	0.120772
10435.0	0.120423
10440.0	0.120089
10445.0	0.119780
10450.0	0.119506
10455.0	0.119274
10460.0	0.119084
10465.0	0.118930
10470.0	0.118807
10475.0	0.118712
10480.0	0.118638
10485.0	0.118583
10490.0	0.118540
10495.0	0.118506
10500.0	0.118475
10505.0	0.118445
10510.0	0.118413
10515.0	0.118381
10520.0	0.118348
10525.0	0.118314
10530.0	0.118280
10535.0	0.118244
10540.0	0.118208
10545.0	0.118171
10550.0	0.118133
10555.0	0.118094
10560.0	0.118055
10565.0	0.118014
10570.0	0.117973
10575.0	0.117931
10580.0	0.117888
10585.0	0.117845
10590.0	0.117800
10595.0	0.117755
10600.0	0.117709
10605.0	0.117662
10610.0	0.117615
10615.0	0.117566
10620.0	0.117517
