#-- b3iii
#\*l[Angstrom]	F(\*l)/F(555.6Angstrom]
1150.0	41.840851
1155.0	30.689465
1160.0	24.090151
1165.0	23.871496
1170.0	20.864693
1175.0	16.531000
1180.0	19.259575
1185.0	21.813398
1190.0	18.391584
1195.0	15.336345
1200.0	12.561270
1205.0	6.887948
1210.0	4.994263
1215.0	4.559591
1220.0	9.335598
1225.0	14.718299
1230.0	17.496855
1235.0	20.286835
1240.0	22.752468
1245.0	21.869368
1250.0	20.562391
1255.0	21.085979
1260.0	19.455708
1265.0	19.652901
1270.0	21.733366
1275.0	21.235163
1280.0	21.380228
1285.0	20.728727
1290.0	18.729637
1295.0	15.561623
1300.0	13.927346
1305.0	15.380256
1310.0	18.619810
1315.0	20.865482
1320.0	20.742617
1325.0	18.918056
1330.0	17.114006
1335.0	15.666258
1340.0	18.114281
1345.0	18.985037
1350.0	19.235771
1355.0	19.114843
1360.0	18.531347
1365.0	17.436972
1370.0	17.322607
1375.0	16.651804
1380.0	16.087574
1385.0	15.676275
1390.0	13.743819
1395.0	12.744454
1400.0	13.624058
1405.0	14.666944
1410.0	15.275439
1415.0	14.847779
1420.0	14.733349
1425.0	15.205817
1430.0	15.399096
1435.0	15.442472
1440.0	16.167984
1445.0	16.277758
1450.0	16.285620
1455.0	16.037395
1460.0	16.186289
1465.0	15.538831
1470.0	15.230975
1475.0	15.251977
1480.0	15.413118
1485.0	15.282339
1490.0	15.698807
1495.0	14.711073
1500.0	13.804553
1505.0	13.613629
1510.0	13.295915
1515.0	12.796185
1520.0	13.251414
1525.0	12.806873
1530.0	11.730997
1535.0	11.371466
1540.0	11.368567
1545.0	10.041272
1550.0	10.286930
1555.0	12.005475
1560.0	12.258532
1565.0	12.186838
1570.0	12.045185
1575.0	12.289775
1580.0	12.280875
1585.0	12.616515
1590.0	12.601618
1595.0	11.991306
1600.0	11.746590
1605.0	11.588952
1610.0	11.400382
1615.0	11.937174
1620.0	12.377307
1625.0	12.382113
1630.0	11.953010
1635.0	11.853568
1640.0	11.839644
1645.0	11.950033
1650.0	11.912451
1655.0	11.326685
1660.0	11.345251
1665.0	11.678164
1670.0	11.530293
1675.0	11.428124
1680.0	11.663000
1685.0	11.763447
1690.0	11.551032
1695.0	11.412723
1700.0	11.246058
1705.0	10.830338
1710.0	10.490933
1715.0	10.132352
1720.0	9.614215
1725.0	9.852149
1730.0	10.549395
1735.0	10.863365
1740.0	10.593860
1745.0	10.335449
1750.0	10.369751
1755.0	10.783031
1760.0	10.703043
1765.0	10.633457
1770.0	10.332238
1775.0	9.959282
1780.0	10.365556
1785.0	10.238552
1790.0	9.345263
1795.0	10.152493
1800.0	10.984908
1805.0	10.732045
1810.0	10.318864
1815.0	10.035318
1820.0	10.002160
1825.0	10.156920
1830.0	10.129560
1835.0	9.854777
1840.0	9.264677
1845.0	8.611675
1850.0	8.301704
1855.0	8.358732
1860.0	8.540063
1865.0	8.703991
1870.0	9.118657
1875.0	9.262348
1880.0	8.711812
1885.0	7.865895
1890.0	7.405287
1895.0	7.494446
1900.0	7.950949
1905.0	7.987834
1910.0	7.779191
1915.0	7.462731
1920.0	7.301484
1925.0	6.976667
1930.0	7.216070
1935.0	7.718379
1940.0	7.852427
1945.0	7.835706
1950.0	7.426609
1955.0	7.285757
1960.0	6.982098
1965.0	6.851182
1970.0	7.242912
1975.0	8.040431
1980.0	8.116179
1985.0	7.951756
1990.0	7.509889
1995.0	7.066195
2000.0	6.845473
2005.0	7.154503
2010.0	7.285114
2015.0	7.669665
2020.0	7.928763
2025.0	8.141651
2030.0	8.009180
2035.0	7.760941
2040.0	7.491302
2045.0	7.162580
2050.0	7.688098
2055.0	7.765459
2060.0	7.381057
2065.0	7.008885
2070.0	7.340380
2075.0	7.415130
2080.0	7.545906
2085.0	7.617029
2090.0	7.522392
2095.0	7.329680
2100.0	6.997594
2105.0	6.774957
2110.0	6.875367
2115.0	7.416681
2120.0	7.364830
2125.0	7.284710
2130.0	7.719303
2135.0	7.673121
2140.0	7.224916
2145.0	6.920174
2150.0	6.680120
2155.0	6.955977
2160.0	7.341970
2165.0	7.147964
2170.0	6.900460
2175.0	6.767896
2180.0	6.741836
2185.0	6.709911
2190.0	6.715438
2195.0	6.887768
2200.0	6.983832
2205.0	6.892181
2210.0	6.592607
2215.0	6.492750
2220.0	6.490471
2225.0	6.242634
2230.0	6.043723
2235.0	6.013350
2240.0	6.183140
2245.0	6.187934
2250.0	6.210834
2255.0	6.199705
2260.0	6.004788
2265.0	5.910126
2270.0	6.197706
2275.0	6.326440
2280.0	6.402836
2285.0	6.336821
2290.0	6.444247
2295.0	6.155270
2300.0	5.834966
2305.0	5.841418
2310.0	6.181917
2315.0	6.358899
2320.0	6.087810
2325.0	5.916316
2330.0	5.798517
2335.0	5.902799
2340.0	5.755342
2345.0	5.560380
2350.0	5.604122
2355.0	5.772737
2360.0	5.942628
2365.0	5.980300
2370.0	5.844886
2375.0	5.713054
2380.0	5.589355
2385.0	5.639158
2390.0	5.439287
2395.0	5.340204
2400.0	5.418575
2405.0	5.599714
2410.0	5.500259
2415.0	5.508901
2420.0	5.525750
2425.0	5.517076
2430.0	5.746656
2435.0	5.655138
2440.0	5.495908
2445.0	5.503943
2450.0	5.536307
2455.0	5.690223
2460.0	5.772109
2465.0	5.759869
2470.0	5.512853
2475.0	5.313511
2480.0	5.390017
2485.0	5.473989
2490.0	5.468050
2495.0	5.334830
2500.0	5.406973
2505.0	5.413285
2510.0	5.394854
2515.0	5.323816
2520.0	5.346264
2525.0	5.337454
2530.0	5.394674
2535.0	5.395238
2540.0	5.193970
2545.0	5.050864
2550.0	5.092351
2555.0	5.118517
2560.0	5.254869
2565.0	5.198751
2570.0	5.151981
2575.0	5.275660
2580.0	4.609396
2585.0	4.436519
2590.0	5.000047
2595.0	5.134057
2600.0	5.186597
2605.0	5.059168
2610.0	5.090822
2615.0	5.193610
2620.0	5.188883
2625.0	5.225585
2630.0	5.040378
2635.0	5.128421
2640.0	5.275167
2645.0	5.256166
2650.0	5.212819
2655.0	5.299000
2660.0	5.251774
2665.0	5.102521
2670.0	5.015196
2675.0	4.989673
2680.0	5.053693
2685.0	5.131038
2690.0	5.113580
2695.0	4.844469
2700.0	4.687869
2705.0	4.860626
2710.0	4.858716
2715.0	4.723477
2720.0	4.742724
2725.0	4.704451
2730.0	4.721249
2735.0	4.858325
2740.0	4.747584
2745.0	4.582126
2750.0	4.609346
2755.0	4.564458
2760.0	4.621657
2765.0	4.934391
2770.0	4.785839
2775.0	4.579762
2780.0	4.619887
2785.0	4.570086
2790.0	4.432395
2795.0	4.501031
2800.0	4.306810
2805.0	4.233335
2810.0	4.405518
2815.0	4.570413
2820.0	4.602504
2825.0	4.474468
2830.0	4.337596
2835.0	4.233897
2840.0	4.200503
2845.0	4.238629
2850.0	4.289678
2855.0	4.215570
2860.0	4.244826
2865.0	4.277167
2870.0	4.307568
2875.0	4.335718
2880.0	4.291011
2885.0	4.242270
2890.0	4.245763
2895.0	4.365929
2900.0	4.410199
2905.0	4.281754
2910.0	4.229131
2915.0	4.255305
2920.0	4.187747
2925.0	4.156812
2930.0	4.230038
2935.0	4.266141
2940.0	4.195659
2945.0	4.191389
2950.0	4.068748
2955.0	4.046884
2960.0	4.059013
2965.0	4.035268
2970.0	4.126647
2975.0	4.191610
2980.0	4.176297
2985.0	4.060822
2990.0	3.929216
2995.0	3.881281
3000.0	3.883242
3005.0	3.848028
3010.0	3.883861
3015.0	3.841807
3020.0	3.884883
3025.0	3.863974
3030.0	3.778191
3035.0	3.810368
3040.0	3.825976
3045.0	3.757446
3050.0	3.672014
3055.0	3.798032
3060.0	3.757275
3065.0	3.662907
3070.0	3.691962
3075.0	3.723125
3080.0	3.745860
3085.0	3.792079
3090.0	3.783755
3095.0	3.734993
3100.0	3.689901
3105.0	3.657701
3110.0	3.691402
3115.0	3.705824
3120.0	3.637760
3125.0	3.686941
3130.0	3.683288
3135.0	3.641975
3140.0	3.742207
3145.0	3.753168
3150.0	3.757764
3155.0	3.844793
3160.0	3.558997
3165.0	3.559133
3170.0	3.557188
3175.0	3.605976
3180.0	3.558493
3185.0	3.547159
3190.0	3.624567
3195.0	3.595218
3200.0	3.523189
3205.0	3.555586
3210.0	3.601595
3215.0	3.551647
3220.0	3.459619
3225.0	3.405691
3230.0	3.411808
3235.0	3.470579
3240.0	3.515513
3245.0	3.487851
3250.0	3.418879
3255.0	3.357102
3260.0	3.329848
3265.0	3.342209
3270.0	3.331487
3275.0	3.248718
3280.0	3.167649
3285.0	3.166752
3290.0	3.220675
3295.0	3.280611
3300.0	3.307737
3305.0	3.280600
3310.0	3.237228
3315.0	3.217396
3320.0	3.208396
3325.0	3.192417
3330.0	3.183697
3335.0	3.197549
3340.0	3.221526
3345.0	3.237863
3350.0	3.235273
3355.0	3.205940
3360.0	3.149437
3365.0	3.074926
3370.0	3.022542
3375.0	3.023015
3380.0	3.038485
3385.0	3.026634
3390.0	2.995898
3395.0	2.967511
3400.0	2.963148
3405.0	2.991642
3410.0	3.010023
3415.0	2.980762
3420.0	2.939889
3425.0	2.926061
3430.0	2.914865
3435.0	2.881261
3440.0	2.860756
3445.0	2.886510
3450.0	2.921715
3455.0	2.926562
3460.0	2.919195
3465.0	2.921661
3470.0	2.913663
3475.0	2.874061
3480.0	2.820668
3485.0	2.781139
3490.0	2.783515
3495.0	2.837998
3500.0	2.883047
3505.0	2.863516
3510.0	2.757059
3515.0	2.748742
3520.0	2.779916
3525.0	2.784152
3530.0	2.739195
3535.0	2.730482
3540.0	2.724216
3545.0	2.703648
3550.0	2.695329
3555.0	2.683712
3560.0	2.664487
3565.0	2.652861
3570.0	2.687845
3575.0	2.639409
3580.0	2.587491
3585.0	2.583165
3590.0	2.602455
3595.0	2.590554
3600.0	2.592574
3605.0	2.595267
3610.0	2.571366
3615.0	2.548405
3620.0	2.564738
3625.0	2.526481
3630.0	2.528747
3635.0	2.529989
3640.0	2.560751
3645.0	2.541178
3650.0	2.538930
3655.0	2.566134
3660.0	2.546025
3665.0	2.502843
3670.0	2.515307
3675.0	2.538917
3680.0	2.467147
3685.0	2.430134
3690.0	2.456603
3695.0	2.456588
3700.0	2.377358
3705.0	2.393397
3710.0	2.455635
3715.0	2.495369
3720.0	2.458720
3725.0	2.548656
3730.0	2.554402
3735.0	2.423799
3740.0	2.720370
3745.0	2.687534
3750.0	2.401453
3755.0	2.652512
3760.0	2.858646
3765.0	2.658339
3770.0	2.334059
3775.0	2.651189
3780.0	2.988145
3785.0	2.959860
3790.0	2.827204
3795.0	2.444964
3800.0	2.450362
3805.0	2.825847
3810.0	3.066952
3815.0	2.954015
3820.0	2.830239
3825.0	2.911325
3830.0	2.656319
3835.0	2.318177
3840.0	2.659980
3845.0	2.995733
3850.0	3.096476
3855.0	3.083369
3860.0	3.082289
3865.0	3.005562
3870.0	2.935829
3875.0	2.918098
3880.0	2.808776
3885.0	2.442151
3890.0	2.306707
3895.0	2.752705
3900.0	3.011585
3905.0	3.055196
3910.0	3.058499
3915.0	3.037191
3920.0	2.908789
3925.0	2.871533
3930.0	2.822129
3935.0	2.886467
3940.0	3.040572
3945.0	3.023123
3950.0	2.980866
3955.0	2.948567
3960.0	2.740984
3965.0	2.296398
3970.0	2.114710
3975.0	2.537950
3980.0	2.806859
3985.0	2.927320
3990.0	2.947963
3995.0	2.891155
4000.0	2.853216
4005.0	2.769987
4010.0	2.726719
4015.0	2.820708
4020.0	2.735549
4025.0	2.582159
4030.0	2.689947
4035.0	2.780781
4040.0	2.766972
4045.0	2.776786
4050.0	2.785887
4055.0	2.780759
4060.0	2.751585
4065.0	2.717621
4070.0	2.647274
4075.0	2.627695
4080.0	2.680440
4085.0	2.649041
4090.0	2.563541
4095.0	2.345188
4100.0	2.001120
4105.0	2.167266
4110.0	2.474746
4115.0	2.542490
4120.0	2.541908
4125.0	2.579280
4130.0	2.576864
4135.0	2.593753
4140.0	2.505604
4145.0	2.486892
4150.0	2.605654
4155.0	2.629525
4160.0	2.575760
4165.0	2.569258
4170.0	2.568500
4175.0	2.585694
4180.0	2.583915
4185.0	2.554150
4190.0	2.579059
4195.0	2.604244
4200.0	2.574741
4205.0	2.560311
4210.0	2.570081
4215.0	2.559505
4220.0	2.547577
4225.0	2.557454
4230.0	2.505427
4235.0	2.491708
4240.0	2.497187
4245.0	2.490627
4250.0	2.467491
4255.0	2.449945
4260.0	2.429024
4265.0	2.377740
4270.0	2.366338
4275.0	2.386267
4280.0	2.407043
4285.0	2.405859
4290.0	2.404894
4295.0	2.385698
4300.0	2.391264
4305.0	2.384015
4310.0	2.371129
4315.0	2.344451
4320.0	2.317547
4325.0	2.326941
4330.0	2.248941
4335.0	2.013153
4340.0	1.732199
4345.0	1.889142
4350.0	2.121726
4355.0	2.251484
4360.0	2.278582
4365.0	2.286898
4370.0	2.278068
4375.0	2.258781
4380.0	2.240132
4385.0	2.147502
4390.0	2.139359
4395.0	2.237598
4400.0	2.241699
4405.0	2.215109
4410.0	2.193819
4415.0	2.123239
4420.0	2.094060
4425.0	2.086516
4430.0	2.043902
4435.0	2.035744
4440.0	2.107442
4445.0	2.153115
4450.0	2.142779
4455.0	2.125452
4460.0	2.120118
4465.0	2.059422
4470.0	1.904662
4475.0	1.978272
4480.0	2.030097
4485.0	2.066006
4490.0	2.082504
4495.0	2.065506
4500.0	2.058454
4505.0	2.077410
4510.0	2.069787
4515.0	2.060943
4520.0	2.053581
4525.0	2.044743
4530.0	2.018636
4535.0	2.037304
4540.0	2.021484
4545.0	1.987065
4550.0	1.961368
4555.0	1.974211
4560.0	1.989808
4565.0	1.943666
4570.0	1.925263
4575.0	1.933788
4580.0	1.952712
4585.0	1.930918
4590.0	1.914669
4595.0	1.911073
4600.0	1.930908
4605.0	1.915904
4610.0	1.895261
4615.0	1.895841
4620.0	1.908530
4625.0	1.910056
4630.0	1.884979
4635.0	1.867410
4640.0	1.844544
4645.0	1.851801
4650.0	1.842239
4655.0	1.865952
4660.0	1.853506
4665.0	1.851107
4670.0	1.860547
4675.0	1.828813
4680.0	1.845825
4685.0	1.864404
4690.0	1.839742
4695.0	1.815425
4700.0	1.801838
4705.0	1.796528
4710.0	1.746102
4715.0	1.711246
4720.0	1.732943
4725.0	1.741886
4730.0	1.767701
4735.0	1.756442
4740.0	1.756218
4745.0	1.742233
4750.0	1.723360
4755.0	1.696301
4760.0	1.679141
4765.0	1.688828
4770.0	1.689710
4775.0	1.669785
4780.0	1.684379
4785.0	1.686538
4790.0	1.683068
4795.0	1.685846
4800.0	1.660223
4805.0	1.652179
4810.0	1.646644
4815.0	1.617870
4820.0	1.615679
4825.0	1.630429
4830.0	1.622415
4835.0	1.625453
4840.0	1.611852
4845.0	1.594424
4850.0	1.548086
4855.0	1.395086
4860.0	1.237580
4865.0	1.345055
4870.0	1.476586
4875.0	1.492647
4880.0	1.494792
4885.0	1.499840
4890.0	1.526695
4895.0	1.540986
4900.0	1.542873
4905.0	1.533320
4910.0	1.525906
4915.0	1.490835
4920.0	1.419784
4925.0	1.446840
4930.0	1.528712
4935.0	1.541605
4940.0	1.533008
4945.0	1.523476
4950.0	1.524800
4955.0	1.527837
4960.0	1.518710
4965.0	1.497885
4970.0	1.470916
4975.0	1.474206
4980.0	1.480187
4985.0	1.482756
4990.0	1.472673
4995.0	1.466383
5000.0	1.443512
5005.0	1.422371
5010.0	1.391642
5015.0	1.340608
5020.0	1.410064
5025.0	1.411122
5030.0	1.398496
5035.0	1.393915
5040.0	1.401318
5045.0	1.393166
5050.0	1.391146
5055.0	1.399740
5060.0	1.387430
5065.0	1.385469
5070.0	1.386953
5075.0	1.392967
5080.0	1.381877
5085.0	1.369588
5090.0	1.369346
5095.0	1.358858
5100.0	1.336883
5105.0	1.336910
5110.0	1.345506
5115.0	1.345612
5120.0	1.328735
5125.0	1.327237
5130.0	1.319929
5135.0	1.322251
5140.0	1.326109
5145.0	1.317203
5150.0	1.304608
5155.0	1.283771
5160.0	1.299122
5165.0	1.304848
5170.0	1.300548
5175.0	1.307753
5180.0	1.299791
5185.0	1.286827
5190.0	1.278971
5195.0	1.276330
5200.0	1.261542
5205.0	1.247798
5210.0	1.255926
5215.0	1.262811
5220.0	1.266595
5225.0	1.252707
5230.0	1.232986
5235.0	1.240237
5240.0	1.233881
5245.0	1.228020
5250.0	1.226026
5255.0	1.225579
5260.0	1.222437
5265.0	1.203035
5270.0	1.197519
5275.0	1.195583
5280.0	1.197974
5285.0	1.195728
5290.0	1.187390
5295.0	1.193822
5300.0	1.195427
5305.0	1.187371
5310.0	1.169311
5315.0	1.166483
5320.0	1.167912
5325.0	1.168251
5330.0	1.154216
5335.0	1.150269
5340.0	1.147517
5345.0	1.150632
5350.0	1.151405
5355.0	1.155670
5360.0	1.145287
5365.0	1.131880
5370.0	1.139737
5375.0	1.137165
5380.0	1.123998
5385.0	1.120494
5390.0	1.130330
5395.0	1.118914
5400.0	1.108796
5405.0	1.104542
5410.0	1.102556
5415.0	1.102675
5420.0	1.097297
5425.0	1.094826
5430.0	1.088889
5435.0	1.079694
5440.0	1.077022
5445.0	1.053701
5450.0	1.043085
5455.0	1.040258
5460.0	1.049392
5465.0	1.058663
5470.0	1.055583
5475.0	1.057418
5480.0	1.043867
5485.0	1.030459
5490.0	1.021114
5495.0	1.024654
5500.0	1.044372
5505.0	1.034284
5510.0	1.020129
5515.0	1.028670
5520.0	1.023403
5525.0	1.008438
5530.0	1.001046
5535.0	0.997294
5540.0	0.995139
5545.0	1.001954
5550.0	1.010910
5555.0	1.005413
5560.0	0.997148
5565.0	0.992899
5570.0	0.991275
5575.0	0.989399
5580.0	0.989729
5585.0	0.990091
5590.0	0.994357
5595.0	0.987106
5600.0	0.975871
5605.0	0.959455
5610.0	0.956602
5615.0	0.961068
5620.0	0.959846
5625.0	0.958587
5630.0	0.959765
5635.0	0.948699
5640.0	0.939981
5645.0	0.936343
5650.0	0.931991
5655.0	0.932742
5660.0	0.920905
5665.0	0.911200
5670.0	0.917888
5675.0	0.913560
5680.0	0.909466
5685.0	0.914242
5690.0	0.907892
5695.0	0.891278
5700.0	0.886662
5705.0	0.889839
5710.0	0.892414
5715.0	0.897359
5720.0	0.883626
5725.0	0.875282
5730.0	0.875272
5735.0	0.869077
5740.0	0.857463
5745.0	0.861907
5750.0	0.875405
5755.0	0.871101
5760.0	0.865645
5765.0	0.862557
5770.0	0.848694
5775.0	0.834991
5780.0	0.809076
5785.0	0.826903
5790.0	0.831347
5795.0	0.825372
5800.0	0.826806
5805.0	0.822289
5810.0	0.819945
5815.0	0.826437
5820.0	0.830285
5825.0	0.823116
5830.0	0.812867
5835.0	0.816647
5840.0	0.817699
5845.0	0.805483
5850.0	0.799843
5855.0	0.805633
5860.0	0.814815
5865.0	0.805552
5870.0	0.777411
5875.0	0.736269
5880.0	0.769610
5885.0	0.739536
5890.0	0.668689
5895.0	0.697026
5900.0	0.752700
5905.0	0.785801
5910.0	0.784337
5915.0	0.776986
5920.0	0.760639
5925.0	0.764572
5930.0	0.763127
5935.0	0.760925
5940.0	0.745013
5945.0	0.740673
5950.0	0.737903
5955.0	0.749618
5960.0	0.762001
5965.0	0.745294
5970.0	0.732410
5975.0	0.738141
5980.0	0.739300
5985.0	0.736535
5990.0	0.730827
5995.0	0.727829
6000.0	0.728094
6005.0	0.730448
6010.0	0.722791
6015.0	0.718014
6020.0	0.712456
6025.0	0.711214
6030.0	0.701655
6035.0	0.698483
6040.0	0.703838
6045.0	0.710551
6050.0	0.717957
6055.0	0.719801
6060.0	0.716487
6065.0	0.719200
6070.0	0.721757
6075.0	0.716575
6080.0	0.708521
6085.0	0.706840
6090.0	0.704399
6095.0	0.695138
6100.0	0.695008
6105.0	0.704598
6110.0	0.702009
6115.0	0.704587
6120.0	0.703687
6125.0	0.699293
6130.0	0.688614
6135.0	0.681356
6140.0	0.677964
6145.0	0.674458
6150.0	0.677824
6155.0	0.679727
6160.0	0.678601
6165.0	0.667614
6170.0	0.655712
6175.0	0.650021
6180.0	0.653342
6185.0	0.659679
6190.0	0.662135
6195.0	0.663733
6200.0	0.660389
6205.0	0.658609
6210.0	0.663156
6215.0	0.659905
6220.0	0.654024
6225.0	0.654463
6230.0	0.653230
6235.0	0.646905
6240.0	0.647511
6245.0	0.651434
6250.0	0.648458
6255.0	0.648273
6260.0	0.639072
6265.0	0.625189
6270.0	0.614356
6275.0	0.600915
6280.0	0.568997
6285.0	0.573309
6290.0	0.608163
6295.0	0.615448
6300.0	0.613107
6305.0	0.612258
6310.0	0.612961
6315.0	0.614720
6320.0	0.608209
6325.0	0.608435
6330.0	0.614436
6335.0	0.609356
6340.0	0.606806
6345.0	0.597042
6350.0	0.599190
6355.0	0.603610
6360.0	0.605264
6365.0	0.604810
6370.0	0.600537
6375.0	0.597670
6380.0	0.594617
6385.0	0.598538
6390.0	0.597545
6395.0	0.594816
6400.0	0.592132
6405.0	0.589248
6410.0	0.589036
6415.0	0.583430
6420.0	0.582139
6425.0	0.578249
6430.0	0.579002
6435.0	0.581610
6440.0	0.582310
6445.0	0.579241
6450.0	0.572574
6455.0	0.569069
6460.0	0.571172
6465.0	0.570225
6470.0	0.568709
6475.0	0.568722
6480.0	0.567293
6485.0	0.562594
6490.0	0.562411
6495.0	0.563567
6500.0	0.568553
6505.0	0.560698
6510.0	0.563335
6515.0	0.566112
6520.0	0.563216
6525.0	0.563245
6530.0	0.554628
6535.0	0.553259
6540.0	0.558569
6545.0	0.557844
6550.0	0.551578
6555.0	0.529596
6560.0	0.482219
6565.0	0.491131
6570.0	0.523843
6575.0	0.520724
6580.0	0.510552
6585.0	0.530625
6590.0	0.542609
6595.0	0.539749
6600.0	0.542461
6605.0	0.540028
6610.0	0.529851
6615.0	0.530767
6620.0	0.535520
6625.0	0.534741
6630.0	0.533846
6635.0	0.531436
6640.0	0.528727
6645.0	0.524537
6650.0	0.528255
6655.0	0.530185
6660.0	0.531228
6665.0	0.530535
6670.0	0.522971
6675.0	0.495247
6680.0	0.493421
6685.0	0.519065
6690.0	0.518192
6695.0	0.517070
6700.0	0.514325
6705.0	0.517491
6710.0	0.517771
6715.0	0.513449
6720.0	0.509740
6725.0	0.508317
6730.0	0.507289
6735.0	0.508010
6740.0	0.504963
6745.0	0.506459
6750.0	0.506723
6755.0	0.504102
6760.0	0.503631
6765.0	0.502912
6770.0	0.501676
6775.0	0.499015
6780.0	0.494715
6785.0	0.493260
6790.0	0.496149
6795.0	0.496977
6800.0	0.497255
6805.0	0.496993
6810.0	0.492928
6815.0	0.491178
6820.0	0.490086
6825.0	0.489204
6830.0	0.490798
6835.0	0.488143
6840.0	0.486626
6845.0	0.485521
6850.0	0.484377
6855.0	0.483330
6860.0	0.482358
6865.0	0.481457
6870.0	0.480498
6875.0	0.479465
6880.0	0.478504
6885.0	0.477494
6890.0	0.476474
6895.0	0.475416
6900.0	0.474283
6905.0	0.473147
6910.0	0.472008
6915.0	0.470840
6920.0	0.469710
6925.0	0.468714
6930.0	0.467847
6935.0	0.466831
6940.0	0.465779
6945.0	0.464815
6950.0	0.463735
6955.0	0.462694
6960.0	0.461663
6965.0	0.460685
6970.0	0.459561
6975.0	0.462884
6980.0	0.459585
6985.0	0.455105
6990.0	0.452199
6995.0	0.453519
7000.0	0.451738
7005.0	0.449729
7010.0	0.448984
7015.0	0.448077
7020.0	0.447831
7025.0	0.446174
7030.0	0.446187
7035.0	0.446384
7040.0	0.444249
7045.0	0.445950
7050.0	0.443629
7055.0	0.441217
7060.0	0.434639
7065.0	0.418870
7070.0	0.432992
7075.0	0.438409
7080.0	0.438425
7085.0	0.439032
7090.0	0.440429
7095.0	0.437387
7100.0	0.435388
7105.0	0.436267
7110.0	0.436584
7115.0	0.433512
7120.0	0.434412
7125.0	0.435994
7130.0	0.436619
7135.0	0.434607
7140.0	0.430645
7145.0	0.429980
7150.0	0.429263
7155.0	0.432466
7160.0	0.428524
7165.0	0.417271
7170.0	0.407346
7175.0	0.400664
7180.0	0.397129
7185.0	0.387856
7190.0	0.393272
7195.0	0.395144
7200.0	0.392338
7205.0	0.397196
7210.0	0.412240
7215.0	0.418690
7220.0	0.420736
7225.0	0.415553
7230.0	0.402762
7235.0	0.394722
7240.0	0.394625
7245.0	0.399609
7250.0	0.400811
7255.0	0.397439
7260.0	0.398457
7265.0	0.392675
7270.0	0.390311
7275.0	0.379342
7280.0	0.379938
7285.0	0.391205
7290.0	0.384230
7295.0	0.385174
7300.0	0.382257
7305.0	0.382915
7310.0	0.386601
7315.0	0.386412
7320.0	0.388764
7325.0	0.390027
7330.0	0.386272
7335.0	0.384032
7340.0	0.388117
7345.0	0.387617
7350.0	0.380669
7355.0	0.379571
7360.0	0.380102
7365.0	0.377230
7370.0	0.376005
7375.0	0.374369
7380.0	0.371049
7385.0	0.369090
7390.0	0.371778
7395.0	0.369394
7400.0	0.367720
7405.0	0.372639
7410.0	0.367502
7415.0	0.363631
7420.0	0.363651
7425.0	0.371921
7430.0	0.371423
7435.0	0.370900
7440.0	0.371865
7445.0	0.368806
7450.0	0.368401
7455.0	0.368320
7460.0	0.370978
7465.0	0.367451
7470.0	0.363728
7475.0	0.365436
7480.0	0.363877
7485.0	0.362854
7490.0	0.362056
7495.0	0.361564
7500.0	0.361323
7505.0	0.359202
7510.0	0.360879
7515.0	0.359358
7520.0	0.359995
7525.0	0.359333
7530.0	0.357549
7535.0	0.356108
7540.0	0.354007
7545.0	0.354614
7550.0	0.353856
7555.0	0.353146
7560.0	0.352406
7565.0	0.351670
7570.0	0.350896
7575.0	0.350195
7580.0	0.349463
7585.0	0.348779
7590.0	0.348085
7595.0	0.347347
7600.0	0.346584
7605.0	0.345780
7610.0	0.345027
7615.0	0.344279
7620.0	0.343535
7625.0	0.342797
7630.0	0.342063
7635.0	0.341333
7640.0	0.340606
7645.0	0.339882
7650.0	0.339160
7655.0	0.338439
7660.0	0.337721
7665.0	0.337008
7670.0	0.336264
7675.0	0.335501
7680.0	0.334736
7685.0	0.333992
7690.0	0.333221
7695.0	0.332486
7700.0	0.331741
7705.0	0.330940
7710.0	0.330095
7715.0	0.329394
7720.0	0.328592
7725.0	0.327662
7730.0	0.328054
7735.0	0.327374
7740.0	0.327138
7745.0	0.325655
7750.0	0.325761
7755.0	0.323898
7760.0	0.323816
7765.0	0.324603
7770.0	0.323847
7775.0	0.320556
7780.0	0.321744
7785.0	0.321009
7790.0	0.318568
7795.0	0.317033
7800.0	0.316723
7805.0	0.319210
7810.0	0.316614
7815.0	0.313712
7820.0	0.314696
7825.0	0.314213
7830.0	0.314306
7835.0	0.313672
7840.0	0.312408
7845.0	0.310064
7850.0	0.311411
7855.0	0.312190
7860.0	0.308957
7865.0	0.308687
7870.0	0.309897
7875.0	0.310267
7880.0	0.307745
7885.0	0.304719
7890.0	0.306621
7895.0	0.305031
7900.0	0.305255
7905.0	0.304139
7910.0	0.299807
7915.0	0.300848
7920.0	0.302710
7925.0	0.302452
7930.0	0.298713
7935.0	0.300107
7940.0	0.299569
7945.0	0.297420
7950.0	0.296293
7955.0	0.295656
7960.0	0.296061
7965.0	0.294966
7970.0	0.294237
7975.0	0.294856
7980.0	0.292683
7985.0	0.292816
7990.0	0.294977
7995.0	0.292320
8000.0	0.290747
8005.0	0.289983
8010.0	0.291285
8015.0	0.288477
8020.0	0.288307
8025.0	0.287524
8030.0	0.287874
8035.0	0.287654
8040.0	0.283317
8045.0	0.287247
8050.0	0.286198
8055.0	0.287481
8060.0	0.286922
8065.0	0.284768
8070.0	0.282808
8075.0	0.283589
8080.0	0.284620
8085.0	0.282059
8090.0	0.281411
8095.0	0.283516
8100.0	0.282637
8105.0	0.283121
8110.0	0.281714
8115.0	0.281409
8120.0	0.281921
8125.0	0.279868
8130.0	0.276525
8135.0	0.271244
8140.0	0.272647
8145.0	0.271446
8150.0	0.266231
8155.0	0.264277
8160.0	0.259012
8165.0	0.257690
8170.0	0.265212
8175.0	0.265173
8180.0	0.262184
8185.0	0.269853
8190.0	0.266657
8195.0	0.266180
8200.0	0.268689
8205.0	0.275423
8210.0	0.276460
8215.0	0.273506
8220.0	0.265034
8225.0	0.250852
8230.0	0.240818
8235.0	0.259646
8240.0	0.266005
8245.0	0.266353
8250.0	0.268434
8255.0	0.262802
8260.0	0.260138
8265.0	0.261669
8270.0	0.261190
8275.0	0.255210
8280.0	0.254643
8285.0	0.256991
8290.0	0.255453
8295.0	0.256029
8300.0	0.257494
8305.0	0.252851
8310.0	0.250463
8315.0	0.252272
8320.0	0.253337
8325.0	0.250940
8330.0	0.252777
8335.0	0.251144
8340.0	0.255035
8345.0	0.252589
8350.0	0.251211
8355.0	0.250205
8360.0	0.249462
8365.0	0.249381
8370.0	0.249847
8375.0	0.247174
8380.0	0.245925
8385.0	0.250405
8390.0	0.251283
8395.0	0.245247
8400.0	0.244280
8405.0	0.244627
8410.0	0.243914
8415.0	0.243865
8420.0	0.242449
8425.0	0.242109
8430.0	0.242749
8435.0	0.242246
8440.0	0.242456
8445.0	0.243450
8450.0	0.241148
8455.0	0.241301
8460.0	0.240656
8465.0	0.235772
8470.0	0.235866
8475.0	0.235878
8480.0	0.235557
8485.0	0.234587
8490.0	0.234021
8495.0	0.233336
8500.0	0.231762
8505.0	0.232473
8510.0	0.233285
8515.0	0.232296
8520.0	0.233323
8525.0	0.233843
8530.0	0.229509
8535.0	0.229345
8540.0	0.230708
8545.0	0.226813
8550.0	0.229173
8555.0	0.230955
8560.0	0.230625
8565.0	0.232045
8570.0	0.231072
8575.0	0.230163
8580.0	0.227600
8585.0	0.224457
8590.0	0.224062
8595.0	0.220753
8600.0	0.220055
8605.0	0.225690
8610.0	0.227396
8615.0	0.229379
8620.0	0.231142
8625.0	0.232241
8630.0	0.234465
8635.0	0.232067
8640.0	0.230570
8645.0	0.227491
8650.0	0.224058
8655.0	0.222385
8660.0	0.216145
8665.0	0.212194
8670.0	0.217633
8675.0	0.221019
8680.0	0.224005
8685.0	0.226011
8690.0	0.229321
8695.0	0.228696
8700.0	0.230789
8705.0	0.230037
8710.0	0.226868
8715.0	0.229638
8720.0	0.228682
8725.0	0.226202
8730.0	0.220760
8735.0	0.218472
8740.0	0.216982
8745.0	0.211846
8750.0	0.206931
8755.0	0.210170
8760.0	0.214674
8765.0	0.216730
8770.0	0.216823
8775.0	0.215382
8780.0	0.215406
8785.0	0.221920
8790.0	0.220878
8795.0	0.220926
8800.0	0.220621
8805.0	0.223046
8810.0	0.221504
8815.0	0.214595
8820.0	0.212714
8825.0	0.215348
8830.0	0.214442
8835.0	0.212636
8840.0	0.208454
8845.0	0.204258
8850.0	0.202361
8855.0	0.201221
8860.0	0.195553
8865.0	0.191995
8870.0	0.202423
8875.0	0.204293
8880.0	0.207223
8885.0	0.207554
8890.0	0.212943
8895.0	0.214512
8900.0	0.214878
8905.0	0.215394
8910.0	0.215185
8915.0	0.215366
8920.0	0.217193
8925.0	0.215393
8930.0	0.210449
8935.0	0.209629
8940.0	0.211989
8945.0	0.212695
8950.0	0.211068
8955.0	0.209651
8960.0	0.209008
8965.0	0.205858
8970.0	0.205557
8975.0	0.204905
8980.0	0.201087
8985.0	0.195704
8990.0	0.185281
8995.0	0.186426
9000.0	0.183302
9005.0	0.183604
9010.0	0.187451
9015.0	0.179647
9020.0	0.187344
9025.0	0.190132
9030.0	0.198674
9035.0	0.208119
9040.0	0.209814
9045.0	0.210070
9050.0	0.210123
9055.0	0.206936
9060.0	0.200137
9065.0	0.193818
9070.0	0.190072
9075.0	0.199779
9080.0	0.193759
9085.0	0.196155
9090.0	0.196159
9095.0	0.192542
9100.0	0.194469
9105.0	0.195848
9110.0	0.200877
9115.0	0.199875
9120.0	0.197763
9125.0	0.199884
9130.0	0.190524
9135.0	0.186942
9140.0	0.194114
9145.0	0.198921
9150.0	0.190103
9155.0	0.180032
9160.0	0.191072
9165.0	0.193294
9170.0	0.188811
9175.0	0.184683
9180.0	0.189016
9185.0	0.189335
9190.0	0.191259
9195.0	0.187956
9200.0	0.190018
9205.0	0.189379
9210.0	0.183574
9215.0	0.181261
9220.0	0.181887
9225.0	0.179625
9230.0	0.172895
9235.0	0.178949
9240.0	0.182169
9245.0	0.185671
9250.0	0.192753
9255.0	0.192886
9260.0	0.187387
9265.0	0.193257
9270.0	0.197023
9275.0	0.194322
9280.0	0.190080
9285.0	0.185088
9290.0	0.194687
9295.0	0.189009
9300.0	0.183955
9305.0	0.172659
9310.0	0.174728
9315.0	0.172441
9320.0	0.175448
9325.0	0.171787
9330.0	0.170840
9335.0	0.166265
9340.0	0.160507
9345.0	0.157432
9350.0	0.164915
9355.0	0.155762
9360.0	0.163134
9365.0	0.167341
9370.0	0.162409
9375.0	0.169707
9380.0	0.170452
9385.0	0.183207
9390.0	0.195793
9395.0	0.197021
9400.0	0.186933
9405.0	0.190242
9410.0	0.181186
9415.0	0.174546
9420.0	0.170792
9425.0	0.162715
9430.0	0.163223
9435.0	0.168577
9440.0	0.159174
9445.0	0.163313
9450.0	0.171089
9455.0	0.160501
9460.0	0.155614
9465.0	0.158114
9470.0	0.156897
9475.0	0.165364
9480.0	0.158326
9485.0	0.161103
9490.0	0.167181
9495.0	0.158603
9500.0	0.156164
9505.0	0.166625
9510.0	0.165253
9515.0	0.153627
9520.0	0.144735
9525.0	0.142861
9530.0	0.142755
9535.0	0.150314
9540.0	0.150643
9545.0	0.149180
9550.0	0.147365
9555.0	0.141695
9560.0	0.146668
9565.0	0.147059
9570.0	0.156434
9575.0	0.163780
9580.0	0.161686
9585.0	0.159899
9590.0	0.155641
9595.0	0.156242
9600.0	0.156693
9605.0	0.155782
9610.0	0.158129
9615.0	0.158170
9620.0	0.154677
9625.0	0.153158
9630.0	0.162492
9635.0	0.164416
9640.0	0.162627
9645.0	0.160512
9650.0	0.159459
9655.0	0.158072
9660.0	0.152857
9665.0	0.153410
9670.0	0.157827
9675.0	0.159876
9680.0	0.160745
9685.0	0.158786
9690.0	0.156727
9695.0	0.158430
9700.0	0.157358
9705.0	0.156975
9710.0	0.157064
9715.0	0.157082
9720.0	0.154132
9725.0	0.151024
9730.0	0.150192
9735.0	0.148333
9740.0	0.148738
9745.0	0.146214
9750.0	0.148276
9755.0	0.154070
9760.0	0.156038
9765.0	0.157431
9770.0	0.159362
9775.0	0.154768
9780.0	0.151963
9785.0	0.149103
9790.0	0.149783
9795.0	0.141829
9800.0	0.147993
9805.0	0.144492
9810.0	0.146424
9815.0	0.141520
9820.0	0.142789
9825.0	0.145583
9830.0	0.148821
9835.0	0.149169
9840.0	0.150051
9845.0	0.149984
9850.0	0.149498
9855.0	0.149670
9860.0	0.146697
9865.0	0.141086
9870.0	0.140152
9875.0	0.140798
9880.0	0.142765
9885.0	0.139868
9890.0	0.143901
9895.0	0.150561
9900.0	0.147364
9905.0	0.145367
9910.0	0.145342
9915.0	0.142275
9920.0	0.140423
9925.0	0.140171
9930.0	0.136200
9935.0	0.136122
9940.0	0.145970
9945.0	0.145625
9950.0	0.142040
9955.0	0.139781
9960.0	0.140525
9965.0	0.142521
9970.0	0.139709
9975.0	0.132140
9980.0	0.141300
9985.0	0.136801
9990.0	0.137812
9995.0	0.137279
10000.0	0.136269
10005.0	0.135817
10010.0	0.134731
10015.0	0.132989
10020.0	0.130565
10025.0	0.127575
10030.0	0.124677
10035.0	0.122666
10040.0	0.122337
10045.0	0.124124
10050.0	0.127009
10055.0	0.129614
10060.0	0.130559
10065.0	0.128960
10070.0	0.125903
10075.0	0.122970
10080.0	0.121741
10085.0	0.123283
10090.0	0.126602
10095.0	0.130187
10100.0	0.132531
10105.0	0.132545
10110.0	0.130829
10115.0	0.128408
10120.0	0.126301
10125.0	0.125283
10130.0	0.125124
10135.0	0.125345
10140.0	0.125466
10145.0	0.125126
10150.0	0.124433
10155.0	0.123613
10160.0	0.122892
10165.0	0.122471
10170.0	0.122465
10175.0	0.122963
10180.0	0.124055
10185.0	0.125718
10190.0	0.127474
10195.0	0.128736
10200.0	0.128913
10205.0	0.127610
10210.0	0.125213
10215.0	0.122302
10220.0	0.119457
10225.0	0.117145
10230.0	0.115383
10235.0	0.114072
10240.0	0.113116
10245.0	0.112462
10250.0	0.112233
10255.0	0.112599
10260.0	0.113726
10265.0	0.115620
10270.0	0.117628
10275.0	0.118935
10280.0	0.118724
10285.0	0.116541
10290.0	0.113379
10295.0	0.110594
10300.0	0.109540
10305.0	0.111132
10310.0	0.114531
10315.0	0.118458
10320.0	0.121631
10325.0	0.123068
10330.0	0.122964
10335.0	0.121811
10340.0	0.120098
10345.0	0.118240
10350.0	0.116339
10355.0	0.114421
10360.0	0.112512
10365.0	0.110726
10370.0	0.109534
10375.0	0.109496
10380.0	0.111170
10385.0	0.114764
10390.0	0.119066
10395.0	0.122512
10400.0	0.123535
10405.0	0.121210
10410.0	0.117166
10415.0	0.113672
10420.0	0.112995
10425.0	0.116553
10430.0	0.122359
10435.0	0.127578
10440.0	0.129372
10445.0	0.125891
10450.0	0.119230
10455.0	0.112472
10460.0	0.108697
10465.0	0.109996
10470.0	0.114498
10475.0	0.119339
10480.0	0.121656
10485.0	0.119470
10490.0	0.114333
10495.0	0.108681
10500.0	0.104948
10505.0	0.104881
10510.0	0.107470
10515.0	0.111018
10520.0	0.113825
10525.0	0.114620
10530.0	0.113837
10535.0	0.112336
10540.0	0.110977
10545.0	0.110402
10550.0	0.110380
10555.0	0.110459
10560.0	0.110189
10565.0	0.109266
10570.0	0.107976
10575.0	0.106750
10580.0	0.106019
10585.0	0.106060
10590.0	0.106522
10595.0	0.106900
10600.0	0.106688
10605.0	0.105509
10610.0	0.103509
10615.0	0.100960
10620.0	0.098137
