#-- b5i
#\*l[Angstrom]	F(\*l)/F(555.6Angstrom]
1150.0	8.453187
1155.0	6.820466
1160.0	6.227903
1165.0	6.314741
1170.0	5.703541
1175.0	4.743167
1180.0	5.545461
1185.0	5.835412
1190.0	4.442760
1195.0	3.425070
1200.0	2.707309
1205.0	1.277817
1210.0	0.887630
1215.0	0.796896
1220.0	1.695169
1225.0	3.131439
1230.0	4.415824
1235.0	5.905135
1240.0	7.478426
1245.0	7.328770
1250.0	6.638159
1255.0	6.976542
1260.0	5.670106
1265.0	5.773029
1270.0	7.129881
1275.0	6.993999
1280.0	7.318699
1285.0	7.182537
1290.0	6.458522
1295.0	5.356989
1300.0	4.642964
1305.0	4.978525
1310.0	6.399639
1315.0	8.033667
1320.0	8.199872
1325.0	7.168270
1330.0	6.412168
1335.0	5.946573
1340.0	7.255865
1345.0	7.486057
1350.0	7.843868
1355.0	7.777391
1360.0	7.351834
1365.0	6.706155
1370.0	6.762109
1375.0	6.734920
1380.0	6.718630
1385.0	6.922940
1390.0	6.306220
1395.0	5.741408
1400.0	6.175116
1405.0	6.660765
1410.0	6.831835
1415.0	6.506279
1420.0	6.249966
1425.0	6.823714
1430.0	7.236362
1435.0	7.162015
1440.0	7.610860
1445.0	7.614293
1450.0	7.792153
1455.0	7.672908
1460.0	7.803586
1465.0	7.441377
1470.0	6.985239
1475.0	7.022460
1480.0	7.066513
1485.0	7.159101
1490.0	7.542347
1495.0	7.014956
1500.0	6.774666
1505.0	6.577842
1510.0	6.540220
1515.0	6.469320
1520.0	6.735830
1525.0	6.257535
1530.0	5.739502
1535.0	5.526872
1540.0	5.636603
1545.0	4.892794
1550.0	5.276331
1555.0	6.208998
1560.0	5.954300
1565.0	5.983721
1570.0	6.006270
1575.0	6.126379
1580.0	6.237036
1585.0	6.442217
1590.0	6.548567
1595.0	6.297031
1600.0	5.896742
1605.0	5.710594
1610.0	5.667091
1615.0	5.983460
1620.0	5.979784
1625.0	5.939276
1630.0	5.942705
1635.0	5.995558
1640.0	6.017573
1645.0	6.101079
1650.0	6.031672
1655.0	5.740652
1660.0	5.694307
1665.0	6.049489
1670.0	5.892515
1675.0	5.770488
1680.0	6.138637
1685.0	6.091805
1690.0	5.780603
1695.0	5.657226
1700.0	5.729993
1705.0	5.539926
1710.0	5.094034
1715.0	4.942769
1720.0	4.638016
1725.0	4.892010
1730.0	5.406663
1735.0	5.536167
1740.0	5.421625
1745.0	5.152807
1750.0	5.126394
1755.0	5.589442
1760.0	5.419081
1765.0	5.402972
1770.0	5.327959
1775.0	5.293413
1780.0	5.684301
1785.0	5.473256
1790.0	4.970935
1795.0	5.558799
1800.0	6.059553
1805.0	5.872593
1810.0	5.627327
1815.0	5.501031
1820.0	5.425435
1825.0	5.546395
1830.0	5.384350
1835.0	5.263122
1840.0	4.945451
1845.0	4.559691
1850.0	4.256236
1855.0	4.166877
1860.0	4.241334
1865.0	4.456493
1870.0	4.905108
1875.0	5.036115
1880.0	4.598895
1885.0	4.005392
1890.0	3.709297
1895.0	3.770338
1900.0	4.123675
1905.0	4.282934
1910.0	4.165008
1915.0	3.834182
1920.0	3.731555
1925.0	3.605623
1930.0	3.723879
1935.0	4.113236
1940.0	4.213595
1945.0	4.269259
1950.0	4.094551
1955.0	3.925403
1960.0	3.610398
1965.0	3.521355
1970.0	3.625107
1975.0	4.065402
1980.0	4.309789
1985.0	4.306828
1990.0	3.889534
1995.0	3.486808
2000.0	3.492100
2005.0	3.555412
2010.0	3.443694
2015.0	3.797916
2020.0	4.048384
2025.0	4.140805
2030.0	4.193077
2035.0	4.128282
2040.0	3.880551
2045.0	3.653858
2050.0	3.783982
2055.0	3.915621
2060.0	3.761540
2065.0	3.483114
2070.0	3.673074
2075.0	3.835754
2080.0	3.915125
2085.0	4.034917
2090.0	3.871928
2095.0	3.630244
2100.0	3.527285
2105.0	3.588001
2110.0	3.545298
2115.0	3.666752
2120.0	3.626292
2125.0	3.570884
2130.0	3.877702
2135.0	3.720905
2140.0	3.569581
2145.0	3.498788
2150.0	3.390326
2155.0	3.401888
2160.0	3.673706
2165.0	3.668223
2170.0	3.515661
2175.0	3.465117
2180.0	3.372951
2185.0	3.262558
2190.0	3.412925
2195.0	3.664236
2200.0	3.630501
2205.0	3.520231
2210.0	3.313549
2215.0	3.263893
2220.0	3.186123
2225.0	2.924172
2230.0	2.891565
2235.0	3.013244
2240.0	3.140844
2245.0	3.158448
2250.0	3.180698
2255.0	3.238302
2260.0	3.143909
2265.0	3.010877
2270.0	3.204510
2275.0	3.304211
2280.0	3.278348
2285.0	3.115928
2290.0	3.319339
2295.0	3.419526
2300.0	3.317510
2305.0	3.112665
2310.0	3.252322
2315.0	3.393535
2320.0	3.217673
2325.0	3.197380
2330.0	3.124184
2335.0	3.118755
2340.0	3.049134
2345.0	3.016743
2350.0	2.870463
2355.0	2.995350
2360.0	3.181012
2365.0	3.067150
2370.0	3.057905
2375.0	3.197117
2380.0	3.145744
2385.0	3.036075
2390.0	2.850536
2395.0	3.023968
2400.0	3.090254
2405.0	3.188559
2410.0	3.109303
2415.0	2.989799
2420.0	2.964475
2425.0	3.124454
2430.0	3.312850
2435.0	3.251503
2440.0	3.114287
2445.0	3.111737
2450.0	3.197435
2455.0	3.322876
2460.0	3.482470
2465.0	3.371446
2470.0	3.171047
2475.0	3.112080
2480.0	3.189204
2485.0	3.285073
2490.0	3.277563
2495.0	3.142159
2500.0	3.227758
2505.0	3.264635
2510.0	3.318490
2515.0	3.279849
2520.0	3.234051
2525.0	3.175274
2530.0	3.224998
2535.0	3.246968
2540.0	3.160023
2545.0	2.993512
2550.0	3.037288
2555.0	3.049860
2560.0	3.325469
2565.0	3.288934
2570.0	3.188812
2575.0	3.357485
2580.0	3.003397
2585.0	2.844652
2590.0	3.213343
2595.0	3.377357
2600.0	3.320430
2605.0	3.185418
2610.0	3.252369
2615.0	3.232628
2620.0	3.337090
2625.0	3.430027
2630.0	3.276313
2635.0	3.254328
2640.0	3.430336
2645.0	3.677916
2650.0	3.687099
2655.0	3.652868
2660.0	3.624023
2665.0	3.516521
2670.0	3.361833
2675.0	3.371063
2680.0	3.532104
2685.0	3.551646
2690.0	3.581931
2695.0	3.500421
2700.0	3.321512
2705.0	3.419938
2710.0	3.396790
2715.0	3.256492
2720.0	3.194524
2725.0	3.225823
2730.0	3.286062
2735.0	3.372931
2740.0	3.463804
2745.0	3.240925
2750.0	3.160749
2755.0	3.052910
2760.0	3.148304
2765.0	3.446646
2770.0	3.432459
2775.0	3.199773
2780.0	3.279889
2785.0	3.215502
2790.0	3.157255
2795.0	3.310457
2800.0	3.061410
2805.0	2.961999
2810.0	3.094702
2815.0	3.424964
2820.0	3.523624
2825.0	3.512173
2830.0	3.287775
2835.0	3.184847
2840.0	3.153243
2845.0	3.136017
2850.0	3.230097
2855.0	3.099386
2860.0	3.112394
2865.0	3.179616
2870.0	3.276893
2875.0	3.261525
2880.0	3.241481
2885.0	3.299707
2890.0	3.289477
2895.0	3.417136
2900.0	3.331457
2905.0	3.284175
2910.0	3.374890
2915.0	3.417370
2920.0	3.330258
2925.0	3.270788
2930.0	3.200380
2935.0	3.190816
2940.0	3.140743
2945.0	3.206220
2950.0	3.151683
2955.0	3.188252
2960.0	3.201869
2965.0	3.133044
2970.0	3.154257
2975.0	3.126286
2980.0	3.211230
2985.0	3.155229
2990.0	3.097813
2995.0	3.125803
3000.0	3.103199
3005.0	3.081987
3010.0	3.077541
3015.0	3.114276
3020.0	3.097948
3025.0	3.101895
3030.0	3.085092
3035.0	3.101366
3040.0	3.074162
3045.0	3.059790
3050.0	2.995285
3055.0	3.015072
3060.0	2.943722
3065.0	2.985589
3070.0	3.025893
3075.0	2.969585
3080.0	2.974394
3085.0	2.973590
3090.0	2.981628
3095.0	3.017673
3100.0	3.035870
3105.0	3.059184
3110.0	3.002041
3115.0	2.964304
3120.0	2.975625
3125.0	2.947289
3130.0	3.031953
3135.0	3.047504
3140.0	3.080348
3145.0	3.163608
3150.0	3.200215
3155.0	3.151258
3160.0	2.924937
3165.0	2.930842
3170.0	2.939361
3175.0	2.973567
3180.0	2.918407
3185.0	2.870018
3190.0	2.876957
3195.0	2.871756
3200.0	2.840899
3205.0	2.921793
3210.0	2.972264
3215.0	2.905453
3220.0	2.822125
3225.0	2.833982
3230.0	2.908847
3235.0	2.982616
3240.0	3.007377
3245.0	2.961125
3250.0	2.909298
3255.0	2.917171
3260.0	2.961920
3265.0	2.998128
3270.0	2.978102
3275.0	2.877708
3280.0	2.769316
3285.0	2.726120
3290.0	2.728119
3295.0	2.741336
3300.0	2.769089
3305.0	2.813863
3310.0	2.837527
3315.0	2.810612
3320.0	2.778931
3325.0	2.788460
3330.0	2.810545
3335.0	2.809780
3340.0	2.798362
3345.0	2.795190
3350.0	2.798356
3355.0	2.799752
3360.0	2.787249
3365.0	2.757089
3370.0	2.742997
3375.0	2.769875
3380.0	2.789849
3385.0	2.758303
3390.0	2.716426
3395.0	2.708899
3400.0	2.708564
3405.0	2.687597
3410.0	2.687337
3415.0	2.739770
3420.0	2.770298
3425.0	2.713511
3430.0	2.647342
3435.0	2.651853
3440.0	2.672294
3445.0	2.645756
3450.0	2.611496
3455.0	2.614847
3460.0	2.623254
3465.0	2.601778
3470.0	2.583811
3475.0	2.602157
3480.0	2.618940
3485.0	2.596104
3490.0	2.565547
3495.0	2.562895
3500.0	2.568729
3505.0	2.558093
3510.0	2.465075
3515.0	2.502225
3520.0	2.469600
3525.0	2.448300
3530.0	2.466394
3535.0	2.442523
3540.0	2.485134
3545.0	2.483920
3550.0	2.421571
3555.0	2.374661
3560.0	2.418643
3565.0	2.436071
3570.0	2.449059
3575.0	2.417860
3580.0	2.367800
3585.0	2.394496
3590.0	2.386459
3595.0	2.377410
3600.0	2.357927
3605.0	2.354431
3610.0	2.287414
3615.0	2.202732
3620.0	2.209349
3625.0	2.360126
3630.0	2.369866
3635.0	2.250499
3640.0	2.187260
3645.0	2.246251
3650.0	2.239283
3655.0	2.250997
3660.0	2.289532
3665.0	2.262260
3670.0	2.223769
3675.0	2.193914
3680.0	2.249708
3685.0	2.276444
3690.0	2.283909
3695.0	2.244447
3700.0	2.304023
3705.0	2.330935
3710.0	2.408708
3715.0	2.502116
3720.0	2.448810
3725.0	2.536856
3730.0	2.526283
3735.0	2.365632
3740.0	2.739749
3745.0	2.657693
3750.0	2.322096
3755.0	2.597725
3760.0	2.809831
3765.0	2.683131
3770.0	2.404552
3775.0	2.703382
3780.0	2.989755
3785.0	2.975942
3790.0	2.879119
3795.0	2.527251
3800.0	2.577373
3805.0	2.874206
3810.0	3.008085
3815.0	2.956380
3820.0	2.886454
3825.0	2.903733
3830.0	2.584145
3835.0	2.274758
3840.0	2.672185
3845.0	2.923054
3850.0	2.916074
3855.0	2.837085
3860.0	2.844282
3865.0	2.794659
3870.0	2.746972
3875.0	2.759640
3880.0	2.701889
3885.0	2.346870
3890.0	2.211658
3895.0	2.626826
3900.0	2.856928
3905.0	2.869117
3910.0	2.809116
3915.0	2.756625
3920.0	2.682540
3925.0	2.642620
3930.0	2.522070
3935.0	2.515983
3940.0	2.709705
3945.0	2.769786
3950.0	2.751583
3955.0	2.658276
3960.0	2.578899
3965.0	2.204646
3970.0	2.009181
3975.0	2.406818
3980.0	2.549078
3985.0	2.590839
3990.0	2.567937
3995.0	2.560639
4000.0	2.536823
4005.0	2.457644
4010.0	2.449212
4015.0	2.497315
4020.0	2.468288
4025.0	2.322953
4030.0	2.387276
4035.0	2.470312
4040.0	2.463747
4045.0	2.453867
4050.0	2.463867
4055.0	2.443798
4060.0	2.423329
4065.0	2.393231
4070.0	2.378510
4075.0	2.339340
4080.0	2.338798
4085.0	2.332438
4090.0	2.303547
4095.0	2.116948
4100.0	1.808646
4105.0	1.977346
4110.0	2.231020
4115.0	2.255951
4120.0	2.216199
4125.0	2.235040
4130.0	2.194088
4135.0	2.217201
4140.0	2.166197
4145.0	2.165802
4150.0	2.234556
4155.0	2.241713
4160.0	2.226644
4165.0	2.201875
4170.0	2.189448
4175.0	2.171190
4180.0	2.148415
4185.0	2.173164
4190.0	2.169692
4195.0	2.181963
4200.0	2.168318
4205.0	2.139355
4210.0	2.137581
4215.0	2.121973
4220.0	2.091875
4225.0	2.072262
4230.0	2.069339
4235.0	2.059890
4240.0	2.084878
4245.0	2.093153
4250.0	2.087901
4255.0	2.072474
4260.0	2.052093
4265.0	2.026961
4270.0	1.993171
4275.0	2.028317
4280.0	2.022545
4285.0	2.027089
4290.0	2.034456
4295.0	2.034136
4300.0	2.046739
4305.0	2.029509
4310.0	2.022681
4315.0	2.000454
4320.0	2.001610
4325.0	1.995726
4330.0	1.945685
4335.0	1.754411
4340.0	1.539398
4345.0	1.723544
4350.0	1.872558
4355.0	1.929157
4360.0	1.956064
4365.0	1.981284
4370.0	1.956987
4375.0	1.952490
4380.0	1.921485
4385.0	1.837219
4390.0	1.843508
4395.0	1.908134
4400.0	1.918269
4405.0	1.909716
4410.0	1.889538
4415.0	1.848678
4420.0	1.776027
4425.0	1.695807
4430.0	1.654179
4435.0	1.687222
4440.0	1.746041
4445.0	1.789962
4450.0	1.815854
4455.0	1.840715
4460.0	1.818047
4465.0	1.782401
4470.0	1.696247
4475.0	1.704992
4480.0	1.727776
4485.0	1.780776
4490.0	1.791781
4495.0	1.796414
4500.0	1.799398
4505.0	1.794420
4510.0	1.807543
4515.0	1.791707
4520.0	1.786387
4525.0	1.759562
4530.0	1.738777
4535.0	1.763664
4540.0	1.756475
4545.0	1.731632
4550.0	1.710393
4555.0	1.717932
4560.0	1.740729
4565.0	1.749230
4570.0	1.734580
4575.0	1.713322
4580.0	1.719840
4585.0	1.695723
4590.0	1.725020
4595.0	1.721333
4600.0	1.716275
4605.0	1.693612
4610.0	1.706664
4615.0	1.717342
4620.0	1.692943
4625.0	1.683147
4630.0	1.680020
4635.0	1.686951
4640.0	1.680596
4645.0	1.690820
4650.0	1.676468
4655.0	1.684787
4660.0	1.691618
4665.0	1.676216
4670.0	1.672907
4675.0	1.684546
4680.0	1.696208
4685.0	1.691959
4690.0	1.666329
4695.0	1.651740
4700.0	1.649669
4705.0	1.664121
4710.0	1.617644
4715.0	1.608466
4720.0	1.631292
4725.0	1.576134
4730.0	1.580777
4735.0	1.601889
4740.0	1.596839
4745.0	1.619978
4750.0	1.618890
4755.0	1.600553
4760.0	1.552608
4765.0	1.545032
4770.0	1.563044
4775.0	1.555866
4780.0	1.541128
4785.0	1.566321
4790.0	1.570950
4795.0	1.539620
4800.0	1.537196
4805.0	1.550419
4810.0	1.545770
4815.0	1.505022
4820.0	1.497306
4825.0	1.509167
4830.0	1.527329
4835.0	1.555742
4840.0	1.560926
4845.0	1.537229
4850.0	1.487206
4855.0	1.332284
4860.0	1.179330
4865.0	1.295840
4870.0	1.408824
4875.0	1.420471
4880.0	1.433142
4885.0	1.440507
4890.0	1.456800
4895.0	1.452921
4900.0	1.455799
4905.0	1.472049
4910.0	1.486147
4915.0	1.440846
4920.0	1.368751
4925.0	1.381233
4930.0	1.460870
4935.0	1.480939
4940.0	1.480150
4945.0	1.477979
4950.0	1.442978
4955.0	1.450736
4960.0	1.454780
4965.0	1.418759
4970.0	1.406719
4975.0	1.415964
4980.0	1.417402
4985.0	1.433918
4990.0	1.417335
4995.0	1.397279
5000.0	1.366106
5005.0	1.356809
5010.0	1.355286
5015.0	1.311470
5020.0	1.350806
5025.0	1.371573
5030.0	1.346604
5035.0	1.343611
5040.0	1.346110
5045.0	1.339895
5050.0	1.333658
5055.0	1.325946
5060.0	1.338010
5065.0	1.345863
5070.0	1.342492
5075.0	1.328686
5080.0	1.344658
5085.0	1.328933
5090.0	1.332703
5095.0	1.328828
5100.0	1.323341
5105.0	1.316047
5110.0	1.305398
5115.0	1.307928
5120.0	1.310876
5125.0	1.302073
5130.0	1.296510
5135.0	1.298654
5140.0	1.302711
5145.0	1.299470
5150.0	1.292565
5155.0	1.277492
5160.0	1.272323
5165.0	1.271157
5170.0	1.274016
5175.0	1.282861
5180.0	1.283774
5185.0	1.284471
5190.0	1.277251
5195.0	1.277565
5200.0	1.268927
5205.0	1.257295
5210.0	1.244259
5215.0	1.241142
5220.0	1.254720
5225.0	1.247859
5230.0	1.234389
5235.0	1.221217
5240.0	1.228698
5245.0	1.222360
5250.0	1.209862
5255.0	1.214047
5260.0	1.203792
5265.0	1.200314
5270.0	1.189959
5275.0	1.172733
5280.0	1.178019
5285.0	1.175322
5290.0	1.181284
5295.0	1.170520
5300.0	1.176579
5305.0	1.182025
5310.0	1.178156
5315.0	1.166144
5320.0	1.157628
5325.0	1.148412
5330.0	1.144590
5335.0	1.151790
5340.0	1.150092
5345.0	1.140493
5350.0	1.132460
5355.0	1.133736
5360.0	1.130282
5365.0	1.131216
5370.0	1.123339
5375.0	1.115949
5380.0	1.112313
5385.0	1.117179
5390.0	1.112074
5395.0	1.101840
5400.0	1.100865
5405.0	1.094890
5410.0	1.098582
5415.0	1.087815
5420.0	1.077114
5425.0	1.076769
5430.0	1.072545
5435.0	1.069567
5440.0	1.068183
5445.0	1.051958
5450.0	1.037816
5455.0	1.036551
5460.0	1.046114
5465.0	1.046653
5470.0	1.047494
5475.0	1.038620
5480.0	1.034068
5485.0	1.032033
5490.0	1.029477
5495.0	1.033516
5500.0	1.040866
5505.0	1.024828
5510.0	1.010977
5515.0	1.025030
5520.0	1.012753
5525.0	1.004976
5530.0	1.000298
5535.0	1.001062
5540.0	1.004100
5545.0	0.997642
5550.0	0.998230
5555.0	1.004769
5560.0	1.004476
5565.0	0.994358
5570.0	0.991963
5575.0	0.996379
5580.0	0.989979
5585.0	0.991123
5590.0	0.988906
5595.0	0.989154
5600.0	0.990425
5605.0	0.986746
5610.0	0.985217
5615.0	0.977514
5620.0	0.976687
5625.0	0.965500
5630.0	0.961420
5635.0	0.953267
5640.0	0.936720
5645.0	0.938236
5650.0	0.939906
5655.0	0.941423
5660.0	0.935783
5665.0	0.927968
5670.0	0.927041
5675.0	0.922227
5680.0	0.919303
5685.0	0.926052
5690.0	0.920605
5695.0	0.907504
5700.0	0.903306
5705.0	0.890480
5710.0	0.898374
5715.0	0.908015
5720.0	0.905286
5725.0	0.903853
5730.0	0.903442
5735.0	0.893479
5740.0	0.882901
5745.0	0.885417
5750.0	0.885273
5755.0	0.890670
5760.0	0.892084
5765.0	0.879686
5770.0	0.870209
5775.0	0.848669
5780.0	0.799130
5785.0	0.827370
5790.0	0.846553
5795.0	0.838230
5800.0	0.843907
5805.0	0.849261
5810.0	0.857552
5815.0	0.862877
5820.0	0.855654
5825.0	0.859230
5830.0	0.850936
5835.0	0.852486
5840.0	0.845874
5845.0	0.838816
5850.0	0.839071
5855.0	0.843800
5860.0	0.849430
5865.0	0.850146
5870.0	0.820621
5875.0	0.769948
5880.0	0.806429
5885.0	0.793542
5890.0	0.723274
5895.0	0.733848
5900.0	0.785613
5905.0	0.823314
5910.0	0.815277
5915.0	0.811603
5920.0	0.806451
5925.0	0.802755
5930.0	0.805669
5935.0	0.807229
5940.0	0.792197
5945.0	0.774954
5950.0	0.774951
5955.0	0.781442
5960.0	0.789000
5965.0	0.791149
5970.0	0.786154
5975.0	0.773383
5980.0	0.775919
5985.0	0.779027
5990.0	0.770517
5995.0	0.764939
6000.0	0.763091
6005.0	0.771836
6010.0	0.767762
6015.0	0.769593
6020.0	0.767897
6025.0	0.762706
6030.0	0.760479
6035.0	0.752937
6040.0	0.750225
6045.0	0.762075
6050.0	0.763429
6055.0	0.762180
6060.0	0.757905
6065.0	0.753444
6070.0	0.754976
6075.0	0.750880
6080.0	0.749449
6085.0	0.751725
6090.0	0.752230
6095.0	0.742680
6100.0	0.743984
6105.0	0.747560
6110.0	0.746406
6115.0	0.748017
6120.0	0.744642
6125.0	0.739942
6130.0	0.740168
6135.0	0.733411
6140.0	0.727679
6145.0	0.723366
6150.0	0.724578
6155.0	0.720022
6160.0	0.724434
6165.0	0.724393
6170.0	0.716795
6175.0	0.713333
6180.0	0.711877
6185.0	0.713419
6190.0	0.716731
6195.0	0.716317
6200.0	0.707822
6205.0	0.706630
6210.0	0.710647
6215.0	0.710265
6220.0	0.712470
6225.0	0.714467
6230.0	0.709338
6235.0	0.706699
6240.0	0.707092
6245.0	0.706821
6250.0	0.703486
6255.0	0.706837
6260.0	0.702090
6265.0	0.690987
6270.0	0.681257
6275.0	0.671263
6280.0	0.639967
6285.0	0.647383
6290.0	0.674547
6295.0	0.679104
6300.0	0.678199
6305.0	0.676506
6310.0	0.677880
6315.0	0.677427
6320.0	0.676294
6325.0	0.679330
6330.0	0.680675
6335.0	0.674049
6340.0	0.670711
6345.0	0.651989
6350.0	0.653366
6355.0	0.672319
6360.0	0.672665
6365.0	0.662018
6370.0	0.648543
6375.0	0.648379
6380.0	0.653539
6385.0	0.657179
6390.0	0.661252
6395.0	0.659244
6400.0	0.654020
6405.0	0.652624
6410.0	0.654656
6415.0	0.650873
6420.0	0.655202
6425.0	0.655688
6430.0	0.652402
6435.0	0.651658
6440.0	0.649233
6445.0	0.639977
6450.0	0.636576
6455.0	0.637841
6460.0	0.636437
6465.0	0.632879
6470.0	0.630085
6475.0	0.629794
6480.0	0.626003
6485.0	0.624720
6490.0	0.628345
6495.0	0.630833
6500.0	0.632486
6505.0	0.624997
6510.0	0.625399
6515.0	0.624274
6520.0	0.631087
6525.0	0.629596
6530.0	0.622834
6535.0	0.622524
6540.0	0.622470
6545.0	0.619327
6550.0	0.616618
6555.0	0.600750
6560.0	0.561745
6565.0	0.565927
6570.0	0.600477
6575.0	0.601586
6580.0	0.591343
6585.0	0.603533
6590.0	0.611958
6595.0	0.613966
6600.0	0.614686
6605.0	0.614737
6610.0	0.606520
6615.0	0.603592
6620.0	0.608995
6625.0	0.614494
6630.0	0.607828
6635.0	0.605874
6640.0	0.605555
6645.0	0.602683
6650.0	0.599676
6655.0	0.600142
6660.0	0.597665
6665.0	0.595436
6670.0	0.588495
6675.0	0.558014
6680.0	0.548304
6685.0	0.579167
6690.0	0.591114
6695.0	0.586099
6700.0	0.585584
6705.0	0.585680
6710.0	0.585801
6715.0	0.578063
6720.0	0.578810
6725.0	0.582151
6730.0	0.581257
6735.0	0.578902
6740.0	0.577119
6745.0	0.574919
6750.0	0.572415
6755.0	0.571519
6760.0	0.572999
6765.0	0.572472
6770.0	0.569594
6775.0	0.570341
6780.0	0.567987
6785.0	0.566287
6790.0	0.564843
6795.0	0.566405
6800.0	0.563812
6805.0	0.561464
6810.0	0.563484
6815.0	0.559501
6820.0	0.558843
6825.0	0.559087
6830.0	0.556160
6835.0	0.554711
6840.0	0.543921
6845.0	0.542756
6850.0	0.541507
6855.0	0.540279
6860.0	0.539197
6865.0	0.537929
6870.0	0.536532
6875.0	0.535335
6880.0	0.534196
6885.0	0.533051
6890.0	0.531869
6895.0	0.530713
6900.0	0.529600
6905.0	0.528475
6910.0	0.527344
6915.0	0.526193
6920.0	0.525038
6925.0	0.524066
6930.0	0.523110
6935.0	0.522077
6940.0	0.520982
6945.0	0.519940
6950.0	0.518745
6955.0	0.517469
6960.0	0.516164
6965.0	0.515035
6970.0	0.513846
6975.0	0.523327
6980.0	0.522643
6985.0	0.514615
6990.0	0.508354
6995.0	0.509124
7000.0	0.509553
7005.0	0.511229
7010.0	0.517708
7015.0	0.518248
7020.0	0.515459
7025.0	0.508515
7030.0	0.508870
7035.0	0.509283
7040.0	0.510264
7045.0	0.510232
7050.0	0.507194
7055.0	0.505251
7060.0	0.496745
7065.0	0.479275
7070.0	0.491294
7075.0	0.504514
7080.0	0.505126
7085.0	0.505608
7090.0	0.504987
7095.0	0.503951
7100.0	0.499604
7105.0	0.499328
7110.0	0.502468
7115.0	0.503424
7120.0	0.501301
7125.0	0.500260
7130.0	0.502986
7135.0	0.502990
7140.0	0.502713
7145.0	0.500523
7150.0	0.499181
7155.0	0.497729
7160.0	0.496533
7165.0	0.490085
7170.0	0.478426
7175.0	0.470357
7180.0	0.466994
7185.0	0.457650
7190.0	0.456922
7195.0	0.459970
7200.0	0.459485
7205.0	0.467994
7210.0	0.485595
7215.0	0.492626
7220.0	0.487587
7225.0	0.482561
7230.0	0.472082
7235.0	0.460426
7240.0	0.458808
7245.0	0.461671
7250.0	0.463088
7255.0	0.467145
7260.0	0.467382
7265.0	0.462559
7270.0	0.462069
7275.0	0.450865
7280.0	0.451928
7285.0	0.451749
7290.0	0.445531
7295.0	0.450939
7300.0	0.454465
7305.0	0.450912
7310.0	0.450420
7315.0	0.448357
7320.0	0.452200
7325.0	0.451324
7330.0	0.446021
7335.0	0.445605
7340.0	0.445887
7345.0	0.443384
7350.0	0.437925
7355.0	0.439647
7360.0	0.438040
7365.0	0.432131
7370.0	0.427673
7375.0	0.431516
7380.0	0.432485
7385.0	0.427496
7390.0	0.428371
7395.0	0.426689
7400.0	0.425000
7405.0	0.426701
7410.0	0.419918
7415.0	0.419596
7420.0	0.424769
7425.0	0.425297
7430.0	0.424992
7435.0	0.423666
7440.0	0.423434
7445.0	0.419291
7450.0	0.421459
7455.0	0.421415
7460.0	0.418923
7465.0	0.415332
7470.0	0.413234
7475.0	0.416008
7480.0	0.416119
7485.0	0.414018
7490.0	0.412005
7495.0	0.411672
7500.0	0.411101
7505.0	0.409248
7510.0	0.410797
7515.0	0.410635
7520.0	0.407588
7525.0	0.407759
7530.0	0.406116
7535.0	0.403517
7540.0	0.404104
7545.0	0.399988
7550.0	0.400509
7555.0	0.399404
7560.0	0.398595
7565.0	0.397764
7570.0	0.396923
7575.0	0.396182
7580.0	0.395467
7585.0	0.394683
7590.0	0.393950
7595.0	0.393189
7600.0	0.392391
7605.0	0.391634
7610.0	0.390783
7615.0	0.389983
7620.0	0.389184
7625.0	0.388393
7630.0	0.387607
7635.0	0.386827
7640.0	0.386052
7645.0	0.385281
7650.0	0.384515
7655.0	0.383752
7660.0	0.382994
7665.0	0.382243
7670.0	0.381463
7675.0	0.380657
7680.0	0.379918
7685.0	0.379178
7690.0	0.378459
7695.0	0.377637
7700.0	0.376847
7705.0	0.376152
7710.0	0.375853
7715.0	0.376427
7720.0	0.376515
7725.0	0.375721
7730.0	0.376046
7735.0	0.375600
7740.0	0.373268
7745.0	0.372492
7750.0	0.371292
7755.0	0.373323
7760.0	0.371087
7765.0	0.368037
7770.0	0.355880
7775.0	0.334133
7780.0	0.349387
7785.0	0.365299
7790.0	0.364656
7795.0	0.364358
7800.0	0.365524
7805.0	0.365946
7810.0	0.362423
7815.0	0.361433
7820.0	0.360334
7825.0	0.361025
7830.0	0.359831
7835.0	0.358074
7840.0	0.355638
7845.0	0.355907
7850.0	0.357419
7855.0	0.355741
7860.0	0.353236
7865.0	0.349755
7870.0	0.352017
7875.0	0.350297
7880.0	0.347511
7885.0	0.349444
7890.0	0.348724
7895.0	0.346718
7900.0	0.345311
7905.0	0.346588
7910.0	0.348494
7915.0	0.347119
7920.0	0.345027
7925.0	0.343857
7930.0	0.342683
7935.0	0.342942
7940.0	0.345546
7945.0	0.341797
7950.0	0.338004
7955.0	0.339169
7960.0	0.340747
7965.0	0.336260
7970.0	0.337455
7975.0	0.337203
7980.0	0.334786
7985.0	0.337190
7990.0	0.336745
7995.0	0.334414
8000.0	0.332901
8005.0	0.333682
8010.0	0.334167
8015.0	0.329782
8020.0	0.331097
8025.0	0.329648
8030.0	0.330145
8035.0	0.330862
8040.0	0.326741
8045.0	0.327827
8050.0	0.327102
8055.0	0.326789
8060.0	0.326913
8065.0	0.321305
8070.0	0.325162
8075.0	0.325389
8080.0	0.323243
8085.0	0.321431
8090.0	0.323195
8095.0	0.322975
8100.0	0.322155
8105.0	0.324443
8110.0	0.321076
8115.0	0.318671
8120.0	0.321848
8125.0	0.321572
8130.0	0.320630
8135.0	0.316208
8140.0	0.317055
8145.0	0.314684
8150.0	0.311544
8155.0	0.306358
8160.0	0.306749
8165.0	0.299527
8170.0	0.304428
8175.0	0.309262
8180.0	0.304461
8185.0	0.307261
8190.0	0.306646
8195.0	0.308198
8200.0	0.307374
8205.0	0.312184
8210.0	0.313774
8215.0	0.312666
8220.0	0.305579
8225.0	0.297722
8230.0	0.284120
8235.0	0.295891
8240.0	0.305947
8245.0	0.305963
8250.0	0.310716
8255.0	0.304115
8260.0	0.302389
8265.0	0.304242
8270.0	0.303292
8275.0	0.295433
8280.0	0.295162
8285.0	0.296414
8290.0	0.296431
8295.0	0.294321
8300.0	0.295640
8305.0	0.292765
8310.0	0.294219
8315.0	0.293614
8320.0	0.289387
8325.0	0.290988
8330.0	0.293501
8335.0	0.292588
8340.0	0.290094
8345.0	0.289185
8350.0	0.290668
8355.0	0.290872
8360.0	0.288297
8365.0	0.287130
8370.0	0.288133
8375.0	0.285369
8380.0	0.285475
8385.0	0.291128
8390.0	0.286236
8395.0	0.282910
8400.0	0.286713
8405.0	0.291230
8410.0	0.286275
8415.0	0.276892
8420.0	0.284509
8425.0	0.293401
8430.0	0.287944
8435.0	0.280973
8440.0	0.270876
8445.0	0.272571
8450.0	0.280151
8455.0	0.290138
8460.0	0.286563
8465.0	0.275359
8470.0	0.271140
8475.0	0.280255
8480.0	0.287053
8485.0	0.289042
8490.0	0.291931
8495.0	0.284904
8500.0	0.269823
8505.0	0.258562
8510.0	0.271987
8515.0	0.281243
8520.0	0.286591
8525.0	0.285572
8530.0	0.283285
8535.0	0.281174
8540.0	0.271349
8545.0	0.255172
8550.0	0.254451
8555.0	0.274126
8560.0	0.284983
8565.0	0.285668
8570.0	0.286511
8575.0	0.284606
8580.0	0.280824
8585.0	0.276349
8590.0	0.272248
8595.0	0.260180
8600.0	0.244475
8605.0	0.256617
8610.0	0.276424
8615.0	0.283518
8620.0	0.286055
8625.0	0.288353
8630.0	0.288261
8635.0	0.287618
8640.0	0.289292
8645.0	0.288333
8650.0	0.282903
8655.0	0.276173
8660.0	0.266831
8665.0	0.244992
8670.0	0.246178
8675.0	0.264051
8680.0	0.275224
8685.0	0.272845
8690.0	0.281393
8695.0	0.287594
8700.0	0.288280
8705.0	0.287332
8710.0	0.287553
8715.0	0.287897
8720.0	0.284785
8725.0	0.284699
8730.0	0.280148
8735.0	0.274359
8740.0	0.267717
8745.0	0.260150
8750.0	0.240286
8755.0	0.240634
8760.0	0.261159
8765.0	0.271181
8770.0	0.272968
8775.0	0.272232
8780.0	0.271172
8785.0	0.272841
8790.0	0.273953
8795.0	0.275469
8800.0	0.276835
8805.0	0.277472
8810.0	0.273721
8815.0	0.274337
8820.0	0.273243
8825.0	0.271225
8830.0	0.272890
8835.0	0.270558
8840.0	0.269391
8845.0	0.266764
8850.0	0.258183
8855.0	0.251400
8860.0	0.236381
8865.0	0.224543
8870.0	0.242937
8875.0	0.255203
8880.0	0.261227
8885.0	0.264319
8890.0	0.267791
8895.0	0.266129
8900.0	0.267750
8905.0	0.267077
8910.0	0.268939
8915.0	0.268182
8920.0	0.267054
8925.0	0.263752
8930.0	0.263283
8935.0	0.262808
8940.0	0.262554
8945.0	0.260740
8950.0	0.258285
8955.0	0.258471
8960.0	0.258150
8965.0	0.253289
8970.0	0.252014
8975.0	0.252638
8980.0	0.250309
8985.0	0.247979
8990.0	0.234533
8995.0	0.240044
9000.0	0.239050
9005.0	0.233121
9010.0	0.225940
9015.0	0.206862
9020.0	0.214329
9025.0	0.231446
9030.0	0.246176
9035.0	0.254922
9040.0	0.259128
9045.0	0.257190
9050.0	0.256407
9055.0	0.253164
9060.0	0.253440
9065.0	0.242608
9070.0	0.239268
9075.0	0.243714
9080.0	0.242605
9085.0	0.235992
9090.0	0.239801
9095.0	0.244304
9100.0	0.242574
9105.0	0.237623
9110.0	0.242383
9115.0	0.243390
9120.0	0.240803
9125.0	0.242746
9130.0	0.237078
9135.0	0.230225
9140.0	0.233440
9145.0	0.240135
9150.0	0.231173
9155.0	0.219969
9160.0	0.231691
9165.0	0.236310
9170.0	0.232279
9175.0	0.226288
9180.0	0.233471
9185.0	0.235913
9190.0	0.234906
9195.0	0.236562
9200.0	0.235187
9205.0	0.230882
9210.0	0.225803
9215.0	0.221947
9220.0	0.219681
9225.0	0.213351
9230.0	0.204767
9235.0	0.209701
9240.0	0.217995
9245.0	0.222574
9250.0	0.223683
9255.0	0.225029
9260.0	0.222913
9265.0	0.221780
9270.0	0.224979
9275.0	0.226962
9280.0	0.224132
9285.0	0.228255
9290.0	0.226239
9295.0	0.222919
9300.0	0.218352
9305.0	0.216936
9310.0	0.211193
9315.0	0.205630
9320.0	0.201776
9325.0	0.201435
9330.0	0.206451
9335.0	0.206932
9340.0	0.202637
9345.0	0.196582
9350.0	0.211698
9355.0	0.206382
9360.0	0.206764
9365.0	0.211954
9370.0	0.209136
9375.0	0.213762
9380.0	0.214590
9385.0	0.221360
9390.0	0.229467
9395.0	0.236960
9400.0	0.231377
9405.0	0.227996
9410.0	0.219877
9415.0	0.214464
9420.0	0.209011
9425.0	0.201465
9430.0	0.195525
9435.0	0.201740
9440.0	0.193417
9445.0	0.198369
9450.0	0.207117
9455.0	0.203772
9460.0	0.198934
9465.0	0.204804
9470.0	0.210930
9475.0	0.208999
9480.0	0.203133
9485.0	0.202135
9490.0	0.206586
9495.0	0.196474
9500.0	0.190439
9505.0	0.201830
9510.0	0.211032
9515.0	0.207435
9520.0	0.198129
9525.0	0.195934
9530.0	0.193471
9535.0	0.193679
9540.0	0.188657
9545.0	0.177665
9550.0	0.176934
9555.0	0.180130
9560.0	0.191673
9565.0	0.194765
9570.0	0.194483
9575.0	0.203729
9580.0	0.202278
9585.0	0.199987
9590.0	0.197254
9595.0	0.197533
9600.0	0.201342
9605.0	0.196541
9610.0	0.197285
9615.0	0.196394
9620.0	0.187183
9625.0	0.190217
9630.0	0.193937
9635.0	0.191925
9640.0	0.190222
9645.0	0.193687
9650.0	0.196213
9655.0	0.195730
9660.0	0.194984
9665.0	0.194029
9670.0	0.194755
9675.0	0.196082
9680.0	0.193578
9685.0	0.193168
9690.0	0.186863
9695.0	0.185231
9700.0	0.184476
9705.0	0.187811
9710.0	0.188629
9715.0	0.190336
9720.0	0.194247
9725.0	0.190066
9730.0	0.188288
9735.0	0.187954
9740.0	0.182841
9745.0	0.185702
9750.0	0.184991
9755.0	0.187456
9760.0	0.186065
9765.0	0.187537
9770.0	0.194401
9775.0	0.190539
9780.0	0.189518
9785.0	0.186382
9790.0	0.185010
9795.0	0.182143
9800.0	0.182780
9805.0	0.182111
9810.0	0.177552
9815.0	0.178243
9820.0	0.178716
9825.0	0.181936
9830.0	0.181524
9835.0	0.185370
9840.0	0.188849
9845.0	0.185787
9850.0	0.184767
9855.0	0.176510
9860.0	0.174995
9865.0	0.176859
9870.0	0.178842
9875.0	0.178386
9880.0	0.174841
9885.0	0.176870
9890.0	0.183036
9895.0	0.179064
9900.0	0.179684
9905.0	0.181239
9910.0	0.185518
9915.0	0.181983
9920.0	0.178455
9925.0	0.177118
9930.0	0.180038
9935.0	0.181299
9940.0	0.176711
9945.0	0.177693
9950.0	0.174790
9955.0	0.176551
9960.0	0.181550
9965.0	0.172988
9970.0	0.170434
9975.0	0.170473
9980.0	0.176646
9985.0	0.167460
9990.0	0.170751
9995.0	0.171557
10000.0	0.173246
10005.0	0.169208
10010.0	0.169003
10015.0	0.164169
10020.0	0.161056
10025.0	0.160272
10030.0	0.161189
10035.0	0.160992
10040.0	0.157788
10045.0	0.161787
10050.0	0.151308
10055.0	0.159961
10060.0	0.160214
10065.0	0.158987
10070.0	0.161668
10075.0	0.165690
10080.0	0.169482
10085.0	0.168384
10090.0	0.164614
10095.0	0.166584
10100.0	0.161155
10105.0	0.160507
10110.0	0.164104
10115.0	0.165072
10120.0	0.166775
10125.0	0.166769
10130.0	0.159957
10135.0	0.158084
10140.0	0.163003
10145.0	0.169355
10150.0	0.161042
10155.0	0.162093
10160.0	0.163111
10165.0	0.163578
10170.0	0.163583
10175.0	0.163368
10180.0	0.163173
10185.0	0.163117
10190.0	0.162826
10195.0	0.161802
10200.0	0.159548
10205.0	0.155828
10210.0	0.151450
10215.0	0.147486
10220.0	0.145005
10225.0	0.144789
10230.0	0.146465
10235.0	0.149374
10240.0	0.152853
10245.0	0.156260
10250.0	0.159023
10255.0	0.160590
10260.0	0.160406
10265.0	0.158228
10270.0	0.155046
10275.0	0.152161
10280.0	0.150874
10285.0	0.152008
10290.0	0.154485
10295.0	0.156750
10300.0	0.157248
10305.0	0.154963
10310.0	0.151027
10315.0	0.147110
10320.0	0.144882
10325.0	0.145524
10330.0	0.148253
10335.0	0.151798
10340.0	0.154888
10345.0	0.156502
10350.0	0.156636
10355.0	0.155534
10360.0	0.153443
10365.0	0.150697
10370.0	0.147984
10375.0	0.146080
10380.0	0.145762
10385.0	0.147439
10390.0	0.150051
10395.0	0.152174
10400.0	0.152382
10405.0	0.149746
10410.0	0.145317
10415.0	0.140643
10420.0	0.137272
10425.0	0.136311
10430.0	0.137115
10435.0	0.138599
10440.0	0.139680
10445.0	0.139584
10450.0	0.138788
10455.0	0.138077
10460.0	0.138241
10465.0	0.139806
10470.0	0.142267
10475.0	0.144855
10480.0	0.146806
10485.0	0.147556
10490.0	0.147357
10495.0	0.146665
10500.0	0.145935
10505.0	0.145456
10510.0	0.144837
10515.0	0.143521
10520.0	0.140952
10525.0	0.136902
10530.0	0.132464
10535.0	0.129064
10540.0	0.128123
10545.0	0.130540
10550.0	0.135102
10555.0	0.140072
10560.0	0.143709
10565.0	0.144739
10570.0	0.143738
10575.0	0.141745
10580.0	0.139802
10585.0	0.138714
10590.0	0.138359
10595.0	0.138382
10600.0	0.138427
10605.0	0.138212
10610.0	0.137748
10615.0	0.137116
10620.0	0.136402
