#-- b6iv
#\*l[Angstrom]	F(\*l)/F(555.6Angstrom]
1150.0	18.509659
1155.0	12.548846
1160.0	9.857400
1165.0	10.857321
1170.0	9.055951
1175.0	7.657356
1180.0	8.748858
1185.0	7.730671
1190.0	5.943404
1195.0	4.988496
1200.0	4.105004
1205.0	2.045101
1210.0	0.774134
1215.0	1.017639
1220.0	2.125201
1225.0	3.742340
1230.0	5.777863
1235.0	7.543119
1240.0	8.560764
1245.0	8.761810
1250.0	8.930081
1255.0	8.456956
1260.0	7.458289
1265.0	8.021891
1270.0	8.959655
1275.0	8.995112
1280.0	9.436010
1285.0	9.376376
1290.0	8.533734
1295.0	7.282310
1300.0	6.343729
1305.0	6.117345
1310.0	7.557652
1315.0	9.432969
1320.0	9.524662
1325.0	8.603067
1330.0	7.934414
1335.0	7.610141
1340.0	8.761810
1345.0	9.199364
1350.0	9.042075
1355.0	8.916147
1360.0	8.537318
1365.0	8.084936
1370.0	8.353030
1375.0	8.361147
1380.0	8.122998
1385.0	8.010047
1390.0	7.782070
1395.0	7.762035
1400.0	7.783846
1405.0	7.627935
1410.0	7.594646
1415.0	7.714478
1420.0	7.679324
1425.0	7.794544
1430.0	7.838313
1435.0	7.727480
1440.0	8.006009
1445.0	8.247594
1450.0	8.213481
1455.0	8.273888
1460.0	8.378939
1465.0	8.060495
1470.0	7.895610
1475.0	7.873312
1480.0	7.898009
1485.0	7.981312
1490.0	8.298858
1495.0	7.950192
1500.0	7.601722
1505.0	7.370292
1510.0	7.256972
1515.0	7.238935
1520.0	7.306488
1525.0	6.996245
1530.0	6.820767
1535.0	6.970931
1540.0	7.081628
1545.0	7.060490
1550.0	7.022240
1555.0	7.064052
1560.0	6.797040
1565.0	6.807832
1570.0	6.887621
1575.0	6.636851
1580.0	6.557715
1585.0	6.928606
1590.0	6.852242
1595.0	6.678206
1600.0	6.539420
1605.0	6.364519
1610.0	6.270168
1615.0	6.320884
1620.0	6.351457
1625.0	6.364018
1630.0	6.206809
1635.0	6.138709
1640.0	6.149868
1645.0	6.072753
1650.0	5.926076
1655.0	5.716138
1660.0	5.756933
1665.0	5.987097
1670.0	5.875975
1675.0	5.889421
1680.0	5.940453
1685.0	5.900270
1690.0	5.897727
1695.0	5.975757
1700.0	5.879805
1705.0	5.638693
1710.0	5.361850
1715.0	5.357283
1720.0	5.213732
1725.0	5.233992
1730.0	5.454011
1735.0	5.515223
1740.0	5.555739
1745.0	5.540062
1750.0	5.504320
1755.0	5.637328
1760.0	5.443652
1765.0	5.430201
1770.0	5.386956
1775.0	5.308934
1780.0	5.276059
1785.0	4.761302
1790.0	4.825357
1795.0	5.338511
1800.0	5.516786
1805.0	5.457668
1810.0	5.430882
1815.0	5.430898
1820.0	5.307406
1825.0	5.230242
1830.0	5.143746
1835.0	5.069918
1840.0	4.941768
1845.0	4.811052
1850.0	4.634512
1855.0	4.479667
1860.0	4.583064
1865.0	4.713234
1870.0	4.851003
1875.0	4.968969
1880.0	4.875566
1885.0	4.637527
1890.0	4.464973
1895.0	4.393677
1900.0	4.454948
1905.0	4.551492
1910.0	4.563527
1915.0	4.420928
1920.0	4.323461
1925.0	4.217034
1930.0	4.288687
1935.0	4.380273
1940.0	4.402369
1945.0	4.411505
1950.0	4.315741
1955.0	4.106464
1960.0	3.990463
1965.0	4.170524
1970.0	4.392726
1975.0	4.390033
1980.0	4.292762
1985.0	4.052582
1990.0	3.851161
1995.0	3.775777
2000.0	3.776140
2005.0	3.813841
2010.0	3.822905
2015.0	3.911969
2020.0	3.968067
2025.0	3.944948
2030.0	3.834737
2035.0	3.867314
2040.0	3.818155
2045.0	3.819541
2050.0	3.979099
2055.0	3.943011
2060.0	3.683839
2065.0	3.650717
2070.0	3.764014
2075.0	3.705879
2080.0	3.794678
2085.0	3.822973
2090.0	3.602658
2095.0	3.444048
2100.0	3.506267
2105.0	3.585332
2110.0	3.489845
2115.0	3.560958
2120.0	3.571565
2125.0	3.440834
2130.0	3.421585
2135.0	3.336914
2140.0	3.252550
2145.0	3.428239
2150.0	3.391374
2155.0	3.319342
2160.0	3.339772
2165.0	3.242615
2170.0	3.126371
2175.0	3.179778
2180.0	3.147860
2185.0	3.142054
2190.0	3.138308
2195.0	3.138175
2200.0	3.150204
2205.0	3.036855
2210.0	2.869474
2215.0	2.870238
2220.0	2.929992
2225.0	2.854074
2230.0	2.875191
2235.0	2.831373
2240.0	2.893796
2245.0	2.939674
2250.0	2.869252
2255.0	2.827939
2260.0	2.863563
2265.0	2.950299
2270.0	2.965385
2275.0	2.916877
2280.0	2.931146
2285.0	2.946537
2290.0	2.974300
2295.0	3.021209
2300.0	2.914103
2305.0	2.781762
2310.0	2.832473
2315.0	2.845446
2320.0	2.790742
2325.0	2.799812
2330.0	2.779406
2335.0	2.795678
2340.0	2.802375
2345.0	2.724458
2350.0	2.687243
2355.0	2.739823
2360.0	2.732254
2365.0	2.759193
2370.0	2.706527
2375.0	2.657870
2380.0	2.615404
2385.0	2.597157
2390.0	2.660095
2395.0	2.599084
2400.0	2.500561
2405.0	2.517648
2410.0	2.565784
2415.0	2.653216
2420.0	2.662897
2425.0	2.623683
2430.0	2.587489
2435.0	2.667712
2440.0	2.729287
2445.0	2.774653
2450.0	2.798920
2455.0	2.804912
2460.0	2.737549
2465.0	2.668440
2470.0	2.611563
2475.0	2.551702
2480.0	2.528644
2485.0	2.544816
2490.0	2.669276
2495.0	2.680449
2500.0	2.673188
2505.0	2.662627
2510.0	2.630380
2515.0	2.572073
2520.0	2.541747
2525.0	2.544367
2530.0	2.554581
2535.0	2.613675
2540.0	2.507937
2545.0	2.476212
2550.0	2.524439
2555.0	2.554289
2560.0	2.632551
2565.0	2.699545
2570.0	2.582784
2575.0	2.592191
2580.0	2.469597
2585.0	2.467422
2590.0	2.678456
2595.0	2.704578
2600.0	2.636487
2605.0	2.588201
2610.0	2.578968
2615.0	2.575088
2620.0	2.612516
2625.0	2.668061
2630.0	2.616983
2635.0	2.605234
2640.0	2.687670
2645.0	2.691261
2650.0	2.655394
2655.0	2.623346
2660.0	2.569907
2665.0	2.525002
2670.0	2.596678
2675.0	2.585146
2680.0	2.573571
2685.0	2.561166
2690.0	2.519426
2695.0	2.550287
2700.0	2.513392
2705.0	2.454032
2710.0	2.433172
2715.0	2.410996
2720.0	2.436155
2725.0	2.428045
2730.0	2.395638
2735.0	2.379712
2740.0	2.365586
2745.0	2.340673
2750.0	2.320383
2755.0	2.307520
2760.0	2.293500
2765.0	2.395341
2770.0	2.444533
2775.0	2.381052
2780.0	2.397182
2785.0	2.346942
2790.0	2.189023
2795.0	2.220188
2800.0	2.257556
2805.0	2.281840
2810.0	2.385988
2815.0	2.392320
2820.0	2.314741
2825.0	2.283743
2830.0	2.221944
2835.0	2.200679
2840.0	2.273818
2845.0	2.308302
2850.0	2.234145
2855.0	2.263231
2860.0	2.254438
2865.0	2.284092
2870.0	2.278631
2875.0	2.248931
2880.0	2.230942
2885.0	2.257140
2890.0	2.205633
2895.0	2.216019
2900.0	2.203234
2905.0	2.229002
2910.0	2.278099
2915.0	2.256117
2920.0	2.236223
2925.0	2.223503
2930.0	2.168239
2935.0	2.245124
2940.0	2.174670
2945.0	2.158906
2950.0	2.212875
2955.0	2.162975
2960.0	2.146367
2965.0	2.172496
2970.0	2.173223
2975.0	2.123727
2980.0	2.153585
2985.0	2.100320
2990.0	2.103050
2995.0	2.127423
3000.0	2.142803
3005.0	2.104054
3010.0	2.118853
3015.0	2.082693
3020.0	2.013759
3025.0	1.983934
3030.0	2.028000
3035.0	2.042347
3040.0	2.056972
3045.0	2.090920
3050.0	2.025142
3055.0	2.014729
3060.0	1.991302
3065.0	1.874625
3070.0	1.937506
3075.0	1.946871
3080.0	1.948813
3085.0	1.960460
3090.0	1.933924
3095.0	1.936102
3100.0	1.944506
3105.0	1.922682
3110.0	1.854866
3115.0	1.939441
3120.0	2.010592
3125.0	2.021611
3130.0	1.972648
3135.0	1.978033
3140.0	2.102120
3145.0	1.988973
3150.0	1.821688
3155.0	1.913736
3160.0	2.002565
3165.0	1.977644
3170.0	1.921175
3175.0	1.919004
3180.0	1.903349
3185.0	1.929210
3190.0	1.838846
3195.0	1.806749
3200.0	1.946686
3205.0	1.964702
3210.0	1.979008
3215.0	2.003677
3220.0	2.005484
3225.0	1.960516
3230.0	1.929400
3235.0	1.964334
3240.0	1.999232
3245.0	1.966502
3250.0	1.910802
3255.0	1.888539
3260.0	1.890852
3265.0	1.894651
3270.0	1.885179
3275.0	1.856058
3280.0	1.826078
3285.0	1.814405
3290.0	1.816536
3295.0	1.821659
3300.0	1.817406
3305.0	1.797109
3310.0	1.778467
3315.0	1.778402
3320.0	1.786357
3325.0	1.787925
3330.0	1.780780
3335.0	1.768543
3340.0	1.766535
3345.0	1.784386
3350.0	1.797242
3355.0	1.782107
3360.0	1.757879
3365.0	1.746699
3370.0	1.741770
3375.0	1.733321
3380.0	1.728614
3385.0	1.734624
3390.0	1.740151
3395.0	1.733455
3400.0	1.718821
3405.0	1.704665
3410.0	1.699914
3415.0	1.708131
3420.0	1.710920
3425.0	1.691982
3430.0	1.665377
3435.0	1.649294
3440.0	1.648064
3445.0	1.659830
3450.0	1.671829
3455.0	1.672625
3460.0	1.666998
3465.0	1.661569
3470.0	1.654107
3475.0	1.641912
3480.0	1.629264
3485.0	1.621373
3490.0	1.620175
3495.0	1.625044
3500.0	1.628374
3505.0	1.624258
3510.0	1.620583
3515.0	1.623881
3520.0	1.621462
3525.0	1.603958
3530.0	1.594492
3535.0	1.611971
3540.0	1.625927
3545.0	1.607396
3550.0	1.582806
3555.0	1.581512
3560.0	1.589215
3565.0	1.586288
3570.0	1.575475
3575.0	1.563645
3580.0	1.551797
3585.0	1.540473
3590.0	1.534248
3595.0	1.535528
3600.0	1.534012
3605.0	1.521446
3610.0	1.510467
3615.0	1.513368
3620.0	1.520165
3625.0	1.518749
3630.0	1.510784
3635.0	1.500900
3640.0	1.491819
3645.0	1.485469
3650.0	1.482516
3655.0	1.482596
3660.0	1.482497
3665.0	1.478391
3670.0	1.466841
3675.0	1.447703
3680.0	1.433619
3685.0	1.436078
3690.0	1.449170
3695.0	1.463775
3700.0	1.475356
3705.0	1.482888
3710.0	1.494833
3715.0	1.518532
3720.0	1.547346
3725.0	1.574156
3730.0	1.603885
3735.0	1.641734
3740.0	1.681988
3745.0	1.719723
3750.0	1.764113
3755.0	1.819189
3760.0	1.854317
3765.0	1.852838
3770.0	1.888667
3775.0	2.019352
3780.0	2.146402
3785.0	2.163529
3790.0	2.089296
3795.0	1.986959
3800.0	1.973707
3805.0	2.132653
3810.0	2.356689
3815.0	2.503744
3820.0	2.482111
3825.0	2.261844
3830.0	2.009666
3835.0	1.906776
3840.0	1.995602
3845.0	2.252954
3850.0	2.531938
3855.0	2.693289
3860.0	2.751956
3865.0	2.745587
3870.0	2.648419
3875.0	2.438786
3880.0	2.174819
3885.0	1.940125
3890.0	1.840410
3895.0	1.948054
3900.0	2.180032
3905.0	2.424241
3910.0	2.607671
3915.0	2.687423
3920.0	2.701961
3925.0	2.701310
3930.0	2.700397
3935.0	2.703278
3940.0	2.705623
3945.0	2.692177
3950.0	2.612352
3955.0	2.426289
3960.0	2.172357
3965.0	1.924401
3970.0	1.819931
3975.0	1.958815
3980.0	2.226688
3985.0	2.478003
3990.0	2.656709
3995.0	2.742507
4000.0	2.768618
4005.0	2.773183
4010.0	2.760518
4015.0	2.730962
4020.0	2.702784
4025.0	2.693676
4030.0	2.701076
4035.0	2.716186
4040.0	2.725487
4045.0	2.718508
4050.0	2.701681
4055.0	2.683062
4060.0	2.660294
4065.0	2.630000
4070.0	2.595126
4075.0	2.551828
4080.0	2.462765
4085.0	2.296297
4090.0	2.077082
4095.0	1.856789
4100.0	1.738852
4105.0	1.803628
4110.0	1.987402
4115.0	2.197131
4120.0	2.366520
4125.0	2.453301
4130.0	2.484567
4135.0	2.498107
4140.0	2.505161
4145.0	2.509376
4150.0	2.510607
4155.0	2.507493
4160.0	2.497621
4165.0	2.481528
4170.0	2.472598
4175.0	2.480824
4180.0	2.489770
4185.0	2.483341
4190.0	2.473225
4195.0	2.472190
4200.0	2.469556
4205.0	2.454422
4210.0	2.438461
4215.0	2.433148
4220.0	2.426601
4225.0	2.407316
4230.0	2.388649
4235.0	2.384303
4240.0	2.384511
4245.0	2.377485
4250.0	2.366836
4255.0	2.358223
4260.0	2.350097
4265.0	2.340111
4270.0	2.329919
4275.0	2.321759
4280.0	2.316207
4285.0	2.311524
4290.0	2.298371
4295.0	2.269765
4300.0	2.235758
4305.0	2.205786
4310.0	2.169787
4315.0	2.111820
4320.0	2.011940
4325.0	1.859593
4330.0	1.685801
4335.0	1.538813
4340.0	1.494220
4345.0	1.602075
4350.0	1.782938
4355.0	1.942997
4360.0	2.060429
4365.0	2.131191
4370.0	2.150345
4375.0	2.122454
4380.0	2.090980
4385.0	2.094037
4390.0	2.109457
4395.0	2.108817
4400.0	2.098967
4405.0	2.092545
4410.0	2.090087
4415.0	2.088883
4420.0	2.085347
4425.0	2.076825
4430.0	2.065281
4435.0	2.053859
4440.0	2.045826
4445.0	2.042347
4450.0	2.036064
4455.0	2.019072
4460.0	1.989800
4465.0	1.950979
4470.0	1.916205
4475.0	1.898790
4480.0	1.900021
4485.0	1.916122
4490.0	1.935095
4495.0	1.945563
4500.0	1.946862
4505.0	1.940895
4510.0	1.929106
4515.0	1.914073
4520.0	1.903354
4525.0	1.901917
4530.0	1.899374
4535.0	1.885931
4540.0	1.869516
4545.0	1.859790
4550.0	1.855617
4555.0	1.853599
4560.0	1.852099
4565.0	1.849926
4570.0	1.845931
4575.0	1.839659
4580.0	1.833397
4585.0	1.829257
4590.0	1.825904
4595.0	1.821597
4600.0	1.816405
4605.0	1.811482
4610.0	1.810511
4615.0	1.815077
4620.0	1.815857
4625.0	1.805256
4630.0	1.793511
4635.0	1.790851
4640.0	1.789632
4645.0	1.781525
4650.0	1.773334
4655.0	1.771885
4660.0	1.768969
4665.0	1.756869
4670.0	1.744889
4675.0	1.742948
4680.0	1.746398
4685.0	1.747041
4690.0	1.737030
4695.0	1.714091
4700.0	1.697861
4705.0	1.704603
4710.0	1.715145
4715.0	1.709193
4720.0	1.697379
4725.0	1.693779
4730.0	1.695334
4735.0	1.695625
4740.0	1.691961
4745.0	1.683584
4750.0	1.673744
4755.0	1.665653
4760.0	1.658361
4765.0	1.650950
4770.0	1.646793
4775.0	1.647971
4780.0	1.647117
4785.0	1.637561
4790.0	1.624884
4795.0	1.615657
4800.0	1.608165
4805.0	1.599898
4810.0	1.593452
4815.0	1.590470
4820.0	1.583669
4825.0	1.566157
4830.0	1.541539
4835.0	1.510804
4840.0	1.453987
4845.0	1.354403
4850.0	1.229448
4855.0	1.110961
4860.0	1.054478
4865.0	1.101087
4870.0	1.210390
4875.0	1.326965
4880.0	1.416794
4885.0	1.460681
4890.0	1.477315
4895.0	1.489063
4900.0	1.495123
4905.0	1.490809
4910.0	1.479078
4915.0	1.465161
4920.0	1.455737
4925.0	1.456136
4930.0	1.464830
4935.0	1.477206
4940.0	1.483165
4945.0	1.475459
4950.0	1.463730
4955.0	1.458280
4960.0	1.455167
4965.0	1.449348
4970.0	1.445614
4975.0	1.448275
4980.0	1.449878
4985.0	1.443195
4990.0	1.433679
4995.0	1.427577
5000.0	1.421651
5005.0	1.412342
5010.0	1.404305
5015.0	1.402097
5020.0	1.401690
5025.0	1.398303
5030.0	1.392738
5035.0	1.386849
5040.0	1.381111
5045.0	1.375413
5050.0	1.368675
5055.0	1.360569
5060.0	1.354746
5065.0	1.353911
5070.0	1.353012
5075.0	1.346875
5080.0	1.337611
5085.0	1.328504
5090.0	1.320269
5095.0	1.313127
5100.0	1.307908
5105.0	1.305215
5110.0	1.304125
5115.0	1.303516
5120.0	1.302986
5125.0	1.302578
5130.0	1.303404
5135.0	1.305841
5140.0	1.306265
5145.0	1.301204
5150.0	1.291787
5155.0	1.280607
5160.0	1.271526
5165.0	1.267210
5170.0	1.264302
5175.0	1.258937
5180.0	1.251271
5185.0	1.242845
5190.0	1.236735
5195.0	1.235023
5200.0	1.234290
5205.0	1.230727
5210.0	1.224483
5215.0	1.216816
5220.0	1.209482
5225.0	1.203792
5230.0	1.198804
5235.0	1.193410
5240.0	1.188110
5245.0	1.183842
5250.0	1.181702
5255.0	1.182004
5260.0	1.181785
5265.0	1.178377
5270.0	1.173566
5275.0	1.169588
5280.0	1.166031
5285.0	1.162550
5290.0	1.161712
5295.0	1.164674
5300.0	1.164037
5305.0	1.153818
5310.0	1.142268
5315.0	1.137854
5320.0	1.135664
5325.0	1.129936
5330.0	1.124889
5335.0	1.124862
5340.0	1.124700
5345.0	1.119420
5350.0	1.114227
5355.0	1.114021
5360.0	1.112289
5365.0	1.103031
5370.0	1.093706
5375.0	1.091979
5380.0	1.092877
5385.0	1.090087
5390.0	1.084571
5395.0	1.079029
5400.0	1.075833
5405.0	1.076154
5410.0	1.076686
5415.0	1.074124
5420.0	1.069659
5425.0	1.065394
5430.0	1.062587
5435.0	1.061491
5440.0	1.059185
5445.0	1.053356
5450.0	1.047292
5455.0	1.044385
5460.0	1.042856
5465.0	1.040280
5470.0	1.036817
5475.0	1.033394
5480.0	1.031410
5485.0	1.031703
5490.0	1.032382
5495.0	1.031215
5500.0	1.027329
5505.0	1.020874
5510.0	1.014720
5515.0	1.011535
5520.0	1.010438
5525.0	1.010058
5530.0	1.010596
5535.0	1.012130
5540.0	1.012672
5545.0	1.010485
5550.0	1.006894
5555.0	1.003534
5560.0	1.000209
5565.0	0.996636
5570.0	0.994003
5575.0	0.993247
5580.0	0.992801
5585.0	0.990675
5590.0	0.985695
5595.0	0.977975
5600.0	0.971971
5605.0	0.971183
5610.0	0.970952
5615.0	0.966099
5620.0	0.957536
5625.0	0.948068
5630.0	0.941988
5635.0	0.941896
5640.0	0.942134
5645.0	0.937387
5650.0	0.931971
5655.0	0.930735
5660.0	0.931021
5665.0	0.929273
5670.0	0.925843
5675.0	0.922284
5680.0	0.921055
5685.0	0.923322
5690.0	0.924204
5695.0	0.919480
5700.0	0.913637
5705.0	0.911482
5710.0	0.910411
5715.0	0.907479
5720.0	0.905786
5725.0	0.908069
5730.0	0.909564
5735.0	0.905398
5740.0	0.897765
5745.0	0.890057
5750.0	0.883392
5755.0	0.878319
5760.0	0.875388
5765.0	0.874871
5770.0	0.875926
5775.0	0.877435
5780.0	0.878279
5785.0	0.877617
5790.0	0.875719
5795.0	0.873135
5800.0	0.870413
5805.0	0.868004
5810.0	0.865964
5815.0	0.864255
5820.0	0.862835
5825.0	0.861590
5830.0	0.860105
5835.0	0.857890
5840.0	0.854457
5845.0	0.849546
5850.0	0.843818
5855.0	0.838164
5860.0	0.833474
5865.0	0.830385
5870.0	0.828508
5875.0	0.827198
5880.0	0.825813
5885.0	0.823891
5890.0	0.821701
5895.0	0.819694
5900.0	0.818321
5905.0	0.817866
5910.0	0.817935
5915.0	0.817967
5920.0	0.817401
5925.0	0.815834
5930.0	0.813500
5935.0	0.810790
5940.0	0.808097
5945.0	0.805738
5950.0	0.803736
5955.0	0.802036
5960.0	0.800587
5965.0	0.799316
5970.0	0.798074
5975.0	0.796696
5980.0	0.795012
5985.0	0.792917
5990.0	0.790547
5995.0	0.788098
6000.0	0.785768
6005.0	0.783702
6010.0	0.781851
6015.0	0.780114
6020.0	0.778391
6025.0	0.776572
6030.0	0.774503
6035.0	0.772023
6040.0	0.768969
6045.0	0.765309
6050.0	0.761533
6055.0	0.758262
6060.0	0.756115
6065.0	0.755506
6070.0	0.756021
6075.0	0.757041
6080.0	0.757947
6085.0	0.758222
6090.0	0.757771
6095.0	0.756600
6100.0	0.754719
6105.0	0.752158
6110.0	0.749050
6115.0	0.745550
6120.0	0.741812
6125.0	0.738005
6130.0	0.734334
6135.0	0.731020
6140.0	0.728281
6145.0	0.726243
6150.0	0.724662
6155.0	0.723201
6160.0	0.721523
6165.0	0.719387
6170.0	0.716926
6175.0	0.714372
6180.0	0.711952
6185.0	0.709850
6190.0	0.708056
6195.0	0.706513
6200.0	0.705164
6205.0	0.703954
6210.0	0.702836
6215.0	0.701762
6220.0	0.700686
6225.0	0.699532
6230.0	0.698099
6235.0	0.696156
6240.0	0.693472
6245.0	0.689939
6250.0	0.685933
6255.0	0.681957
6260.0	0.678509
6265.0	0.675991
6270.0	0.674403
6275.0	0.673646
6280.0	0.673619
6285.0	0.674149
6290.0	0.674761
6295.0	0.674904
6300.0	0.674028
6305.0	0.671788
6310.0	0.668654
6315.0	0.665302
6320.0	0.662407
6325.0	0.660454
6330.0	0.659164
6335.0	0.658065
6340.0	0.656689
6345.0	0.654702
6350.0	0.652317
6355.0	0.649886
6360.0	0.647760
6365.0	0.646197
6370.0	0.645079
6375.0	0.644197
6380.0	0.643338
6385.0	0.642337
6390.0	0.641208
6395.0	0.640009
6400.0	0.638797
6405.0	0.637616
6410.0	0.636446
6415.0	0.635253
6420.0	0.634004
6425.0	0.632666
6430.0	0.631209
6435.0	0.629606
6440.0	0.627829
6445.0	0.625864
6450.0	0.623753
6455.0	0.621556
6460.0	0.619328
6465.0	0.617167
6470.0	0.615324
6475.0	0.614090
6480.0	0.613756
6485.0	0.614464
6490.0	0.615757
6495.0	0.617031
6500.0	0.617682
6505.0	0.617088
6510.0	0.614561
6515.0	0.609399
6520.0	0.600898
6525.0	0.588767
6530.0	0.574367
6535.0	0.559472
6540.0	0.545855
6545.0	0.535077
6550.0	0.527844
6555.0	0.524649
6560.0	0.525984
6565.0	0.532010
6570.0	0.541562
6575.0	0.553145
6580.0	0.565261
6585.0	0.576563
6590.0	0.586293
6595.0	0.593841
6600.0	0.598599
6605.0	0.600256
6610.0	0.599696
6615.0	0.598102
6620.0	0.596659
6625.0	0.596206
6630.0	0.596218
6635.0	0.595825
6640.0	0.594158
6645.0	0.590681
6650.0	0.586183
6655.0	0.581785
6660.0	0.578610
6665.0	0.577433
6670.0	0.577648
6675.0	0.578305
6680.0	0.578452
6685.0	0.577385
6690.0	0.575392
6695.0	0.573006
6700.0	0.570763
6705.0	0.569072
6710.0	0.567842
6715.0	0.566856
6720.0	0.565898
6725.0	0.564790
6730.0	0.563516
6735.0	0.562100
6740.0	0.560563
6745.0	0.558901
6750.0	0.556993
6755.0	0.554691
6760.0	0.551847
6765.0	0.548438
6770.0	0.544943
6775.0	0.541969
6780.0	0.540121
6785.0	0.539768
6790.0	0.540334
6795.0	0.541007
6800.0	0.540972
6805.0	0.539707
6810.0	0.537853
6815.0	0.536340
6820.0	0.536099
6825.0	0.537651
6830.0	0.539881
6835.0	0.541265
6840.0	0.540279
6845.0	0.535910
6850.0	0.529204
6855.0	0.521715
6860.0	0.515002
6865.0	0.510295
6870.0	0.507526
6875.0	0.506303
6880.0	0.506232
6885.0	0.506947
6890.0	0.508201
6895.0	0.509770
6900.0	0.511434
6905.0	0.512954
6910.0	0.514020
6915.0	0.514306
6920.0	0.513483
6925.0	0.511393
6930.0	0.508544
6935.0	0.505612
6940.0	0.503273
6945.0	0.501999
6950.0	0.501451
6955.0	0.501083
6960.0	0.500351
6965.0	0.498848
6970.0	0.496712
6975.0	0.494216
6980.0	0.491634
6985.0	0.489214
6990.0	0.487091
6995.0	0.485375
7000.0	0.484173
7005.0	0.483515
7010.0	0.483108
7015.0	0.482578
7020.0	0.481552
7025.0	0.479785
7030.0	0.477538
7035.0	0.475202
7040.0	0.473164
7045.0	0.471737
7050.0	0.470916
7055.0	0.470621
7060.0	0.470772
7065.0	0.471253
7070.0	0.471823
7075.0	0.472208
7080.0	0.472132
7085.0	0.471390
7090.0	0.470051
7095.0	0.468256
7100.0	0.466144
7105.0	0.463843
7110.0	0.461445
7115.0	0.459029
7120.0	0.456678
7125.0	0.454473
7130.0	0.452506
7135.0	0.450873
7140.0	0.449669
7145.0	0.448946
7150.0	0.448590
7155.0	0.448445
7160.0	0.448356
7165.0	0.448181
7170.0	0.447838
7175.0	0.447256
7180.0	0.446366
7185.0	0.445145
7190.0	0.443752
7195.0	0.442388
7200.0	0.441259
7205.0	0.440474
7210.0	0.439767
7215.0	0.438780
7220.0	0.437153
7225.0	0.434680
7230.0	0.431758
7235.0	0.428938
7240.0	0.426769
7245.0	0.425650
7250.0	0.425371
7255.0	0.425571
7260.0	0.425890
7265.0	0.426044
7270.0	0.426069
7275.0	0.426077
7280.0	0.426181
7285.0	0.426462
7290.0	0.426859
7295.0	0.427281
7300.0	0.427635
7305.0	0.427810
7310.0	0.427620
7315.0	0.426862
7320.0	0.425331
7325.0	0.422961
7330.0	0.420230
7335.0	0.417754
7340.0	0.416148
7345.0	0.415813
7350.0	0.416277
7355.0	0.416856
7360.0	0.416863
7365.0	0.415828
7370.0	0.414144
7375.0	0.412422
7380.0	0.411269
7385.0	0.411091
7390.0	0.411475
7395.0	0.411806
7400.0	0.411467
7405.0	0.410034
7410.0	0.407856
7415.0	0.405475
7420.0	0.403433
7425.0	0.402131
7430.0	0.401413
7435.0	0.400984
7440.0	0.400546
7445.0	0.399846
7450.0	0.398800
7455.0	0.397366
7460.0	0.395501
7465.0	0.393210
7470.0	0.390690
7475.0	0.388183
7480.0	0.385932
7485.0	0.384157
7490.0	0.382986
7495.0	0.382522
7500.0	0.382868
7505.0	0.384044
7510.0	0.385724
7515.0	0.387499
7520.0	0.388957
7525.0	0.389803
7530.0	0.390205
7535.0	0.390443
7540.0	0.390800
7545.0	0.391372
7550.0	0.391513
7555.0	0.390391
7560.0	0.387175
7565.0	0.381183
7570.0	0.372329
7575.0	0.360678
7580.0	0.346295
7585.0	0.329917
7590.0	0.314981
7595.0	0.305596
7600.0	0.305872
7605.0	0.318213
7610.0	0.338190
7615.0	0.359670
7620.0	0.376518
7625.0	0.384169
7630.0	0.384334
7635.0	0.380291
7640.0	0.375319
7645.0	0.371912
7650.0	0.369424
7655.0	0.366424
7660.0	0.361479
7665.0	0.353765
7670.0	0.344876
7675.0	0.337012
7680.0	0.332373
7685.0	0.332464
7690.0	0.336012
7695.0	0.341050
7700.0	0.345611
7705.0	0.348164
7710.0	0.348918
7715.0	0.348518
7720.0	0.347611
7725.0	0.346734
7730.0	0.345985
7735.0	0.345358
7740.0	0.344844
7745.0	0.344401
7750.0	0.343864
7755.0	0.343033
7760.0	0.341708
7765.0	0.339800
7770.0	0.337659
7775.0	0.335742
7780.0	0.334509
7785.0	0.334266
7790.0	0.334707
7795.0	0.335376
7800.0	0.335816
7805.0	0.335648
7810.0	0.334819
7815.0	0.333350
7820.0	0.331267
7825.0	0.328655
7830.0	0.325851
7835.0	0.323250
7840.0	0.321249
7845.0	0.320114
7850.0	0.319580
7855.0	0.319250
7860.0	0.318725
7865.0	0.317722
7870.0	0.316398
7875.0	0.315022
7880.0	0.313865
7885.0	0.313141
7890.0	0.312842
7895.0	0.312903
7900.0	0.313262
7905.0	0.313827
7910.0	0.314403
7915.0	0.314768
7920.0	0.314698
7925.0	0.314068
7930.0	0.313132
7935.0	0.312240
7940.0	0.311742
7945.0	0.311859
7950.0	0.312290
7955.0	0.312601
7960.0	0.312363
7965.0	0.311297
7970.0	0.309746
7975.0	0.308203
7980.0	0.307165
7985.0	0.306971
7990.0	0.307335
7995.0	0.307815
8000.0	0.307967
8005.0	0.307473
8010.0	0.306498
8015.0	0.305334
8020.0	0.304268
8025.0	0.303532
8030.0	0.303123
8035.0	0.302981
8040.0	0.303043
8045.0	0.303246
8050.0	0.303513
8055.0	0.303763
8060.0	0.303916
8065.0	0.303869
8070.0	0.303420
8075.0	0.302347
8080.0	0.300423
8085.0	0.297591
8090.0	0.294446
8095.0	0.291750
8100.0	0.290263
8105.0	0.290502
8110.0	0.292002
8115.0	0.294053
8120.0	0.295944
8125.0	0.297074
8130.0	0.297266
8135.0	0.296451
8140.0	0.294560
8145.0	0.291647
8150.0	0.288261
8155.0	0.285072
8160.0	0.282752
8165.0	0.281801
8170.0	0.282029
8175.0	0.283075
8180.0	0.284577
8185.0	0.286170
8190.0	0.287472
8195.0	0.288096
8200.0	0.287654
8205.0	0.285982
8210.0	0.283795
8215.0	0.282032
8220.0	0.281630
8225.0	0.283156
8230.0	0.285693
8235.0	0.287955
8240.0	0.288657
8245.0	0.286914
8250.0	0.283453
8255.0	0.279404
8260.0	0.275898
8265.0	0.273803
8270.0	0.272942
8275.0	0.272874
8280.0	0.273162
8285.0	0.273479
8290.0	0.273950
8295.0	0.274813
8300.0	0.276307
8305.0	0.278512
8310.0	0.280882
8315.0	0.282711
8320.0	0.283296
8325.0	0.282173
8330.0	0.279847
8335.0	0.277061
8340.0	0.274562
8345.0	0.272923
8350.0	0.272040
8355.0	0.271639
8360.0	0.271443
8365.0	0.271256
8370.0	0.271194
8375.0	0.271451
8380.0	0.272221
8385.0	0.273562
8390.0	0.274990
8395.0	0.275885
8400.0	0.275628
8405.0	0.273829
8410.0	0.271020
8415.0	0.267962
8420.0	0.265418
8425.0	0.263973
8430.0	0.263514
8435.0	0.263751
8440.0	0.264396
8445.0	0.265166
8450.0	0.265810
8455.0	0.266083
8460.0	0.265739
8465.0	0.264666
8470.0	0.263270
8475.0	0.262091
8480.0	0.261667
8485.0	0.262337
8490.0	0.263649
8495.0	0.264949
8500.0	0.265586
8505.0	0.265098
8510.0	0.263794
8515.0	0.262175
8520.0	0.260740
8525.0	0.259868
8530.0	0.259451
8535.0	0.259258
8540.0	0.259059
8545.0	0.258643
8550.0	0.257874
8555.0	0.256636
8560.0	0.254813
8565.0	0.252401
8570.0	0.249849
8575.0	0.247721
8580.0	0.246579
8585.0	0.246852
8590.0	0.248439
8595.0	0.251105
8600.0	0.254617
8605.0	0.258654
8610.0	0.262560
8615.0	0.265595
8620.0	0.267017
8625.0	0.266306
8630.0	0.263825
8635.0	0.260155
8640.0	0.255878
8645.0	0.251627
8650.0	0.248229
8655.0	0.246562
8660.0	0.247501
8665.0	0.251516
8670.0	0.257436
8675.0	0.263686
8680.0	0.268686
8685.0	0.271220
8690.0	0.271522
8695.0	0.270184
8700.0	0.267802
8705.0	0.264874
8710.0	0.261515
8715.0	0.257748
8720.0	0.253593
8725.0	0.249181
8730.0	0.245091
8735.0	0.242010
8740.0	0.240627
8745.0	0.241402
8750.0	0.243889
8755.0	0.247413
8760.0	0.251300
8765.0	0.254974
8770.0	0.258251
8775.0	0.261044
8780.0	0.263269
8785.0	0.264896
8790.0	0.266122
8795.0	0.267199
8800.0	0.268380
8805.0	0.269722
8810.0	0.270496
8815.0	0.269776
8820.0	0.266637
8825.0	0.260529
8830.0	0.252411
8835.0	0.243620
8840.0	0.235490
8845.0	0.229142
8850.0	0.224834
8855.0	0.222611
8860.0	0.222517
8865.0	0.224481
8870.0	0.227981
8875.0	0.232383
8880.0	0.237050
8885.0	0.241411
8890.0	0.245140
8895.0	0.247977
8900.0	0.249660
8905.0	0.250068
8910.0	0.249629
8915.0	0.248912
8920.0	0.248485
8925.0	0.248733
8930.0	0.249300
8935.0	0.249646
8940.0	0.249232
8945.0	0.247671
8950.0	0.245185
8955.0	0.242151
8960.0	0.238944
8965.0	0.235799
8970.0	0.232388
8975.0	0.228240
8980.0	0.222885
8985.0	0.216174
8990.0	0.209241
8995.0	0.203543
9000.0	0.200537
9005.0	0.201282
9010.0	0.205255
9015.0	0.211539
9020.0	0.219214
9025.0	0.227329
9030.0	0.234801
9035.0	0.240512
9040.0	0.243347
9045.0	0.242640
9050.0	0.239536
9055.0	0.235633
9060.0	0.232527
9065.0	0.231428
9070.0	0.231996
9075.0	0.233504
9080.0	0.235223
9085.0	0.236589
9090.0	0.237681
9095.0	0.238742
9100.0	0.240012
9105.0	0.241583
9110.0	0.242938
9115.0	0.243412
9120.0	0.242335
9125.0	0.239309
9130.0	0.234998
9135.0	0.230332
9140.0	0.226244
9145.0	0.223501
9150.0	0.222220
9155.0	0.222357
9160.0	0.223865
9165.0	0.226493
9170.0	0.229160
9175.0	0.230578
9180.0	0.229459
9185.0	0.224986
9190.0	0.218220
9195.0	0.210693
9200.0	0.203934
9205.0	0.199167
9210.0	0.196370
9215.0	0.195216
9220.0	0.195373
9225.0	0.196505
9230.0	0.198245
9235.0	0.200216
9240.0	0.202042
9245.0	0.203505
9250.0	0.205013
9255.0	0.207127
9260.0	0.210414
9265.0	0.215137
9270.0	0.220375
9275.0	0.224905
9280.0	0.227507
9285.0	0.227314
9290.0	0.224878
9295.0	0.221104
9300.0	0.216899
9305.0	0.213103
9310.0	0.210296
9315.0	0.208990
9320.0	0.209698
9325.0	0.212620
9330.0	0.216698
9335.0	0.220559
9340.0	0.222830
9345.0	0.222531
9350.0	0.220245
9355.0	0.216946
9360.0	0.213606
9365.0	0.211103
9370.0	0.209922
9375.0	0.210450
9380.0	0.213073
9385.0	0.217805
9390.0	0.223155
9395.0	0.227256
9400.0	0.228244
9405.0	0.224853
9410.0	0.218226
9415.0	0.210107
9420.0	0.202240
9425.0	0.196093
9430.0	0.192032
9435.0	0.190150
9440.0	0.190538
9445.0	0.193110
9450.0	0.197064
9455.0	0.201421
9460.0	0.205202
9465.0	0.207591
9470.0	0.208436
9475.0	0.207750
9480.0	0.205545
9485.0	0.201929
9490.0	0.197387
9495.0	0.192500
9500.0	0.187850
9505.0	0.183892
9510.0	0.180586
9515.0	0.177768
9520.0	0.175272
9525.0	0.173022
9530.0	0.171299
9535.0	0.170470
9540.0	0.170906
9545.0	0.172845
9550.0	0.176003
9555.0	0.179964
9560.0	0.184316
9565.0	0.188655
9570.0	0.192623
9575.0	0.195873
9580.0	0.198058
9585.0	0.198941
9590.0	0.198721
9595.0	0.197708
9600.0	0.196212
9605.0	0.194529
9610.0	0.192905
9615.0	0.191574
9620.0	0.190769
9625.0	0.190635
9630.0	0.190958
9635.0	0.191440
9640.0	0.191778
9645.0	0.191766
9650.0	0.191573
9655.0	0.191465
9660.0	0.191705
9665.0	0.192434
9670.0	0.193292
9675.0	0.193796
9680.0	0.193463
9685.0	0.192013
9690.0	0.189985
9695.0	0.188120
9700.0	0.187159
9705.0	0.187602
9710.0	0.188971
9715.0	0.190548
9720.0	0.191613
9725.0	0.191654
9730.0	0.190991
9735.0	0.190151
9740.0	0.189663
9745.0	0.189894
9750.0	0.190570
9755.0	0.191257
9760.0	0.191524
9765.0	0.191056
9770.0	0.190023
9775.0	0.188714
9780.0	0.187420
9785.0	0.186361
9790.0	0.185486
9795.0	0.184674
9800.0	0.183805
9805.0	0.182811
9810.0	0.181838
9815.0	0.181086
9820.0	0.180754
9825.0	0.180953
9830.0	0.181445
9835.0	0.181905
9840.0	0.182004
9845.0	0.181517
9850.0	0.180613
9855.0	0.179560
9860.0	0.178626
9865.0	0.178021
9870.0	0.177716
9875.0	0.177626
9880.0	0.177665
9885.0	0.177761
9890.0	0.177902
9895.0	0.178093
9900.0	0.178337
9905.0	0.178633
9910.0	0.178951
9915.0	0.179259
9920.0	0.179522
9925.0	0.179686
9930.0	0.179630
9935.0	0.179210
9940.0	0.178286
9945.0	0.176818
9950.0	0.175183
9955.0	0.173859
9960.0	0.173324
9965.0	0.173866
9970.0	0.175000
9975.0	0.176049
9980.0	0.176337
9985.0	0.175348
9990.0	0.173214
9995.0	0.170231
10000.0	0.166692
10005.0	0.162865
10010.0	0.158918
10015.0	0.154993
10020.0	0.151233
10025.0	0.147811
10030.0	0.145028
10035.0	0.143215
10040.0	0.142704
10045.0	0.143701
10050.0	0.145909
10055.0	0.148902
10060.0	0.152258
10065.0	0.155565
10070.0	0.158464
10075.0	0.160610
10080.0	0.161657
10085.0	0.161431
10090.0	0.160435
10095.0	0.159347
10100.0	0.158842
10105.0	0.159405
10110.0	0.160755
10115.0	0.162420
10120.0	0.163928
10125.0	0.164915
10130.0	0.165439
10135.0	0.165666
10140.0	0.165763
10145.0	0.165841
10150.0	0.165795
10155.0	0.165468
10160.0	0.164699
10165.0	0.163433
10170.0	0.162024
10175.0	0.160928
10180.0	0.160601
10185.0	0.161326
10190.0	0.162682
10195.0	0.164073
10200.0	0.164905
10205.0	0.164736
10210.0	0.163735
10215.0	0.162224
10220.0	0.160527
10225.0	0.158945
10230.0	0.157709
10235.0	0.157028
10240.0	0.157112
10245.0	0.158057
10250.0	0.159505
10255.0	0.160983
10260.0	0.162020
10265.0	0.162268
10270.0	0.161873
10275.0	0.161108
10280.0	0.160243
10285.0	0.159489
10290.0	0.158817
10295.0	0.158134
10300.0	0.157351
10305.0	0.156414
10310.0	0.155425
10315.0	0.154524
10320.0	0.153850
10325.0	0.153488
10330.0	0.153303
10335.0	0.153103
10340.0	0.152697
10345.0	0.151971
10350.0	0.151113
10355.0	0.150386
10360.0	0.150054
10365.0	0.150294
10370.0	0.150931
10375.0	0.151704
10380.0	0.152350
10385.0	0.152659
10390.0	0.152632
10395.0	0.152320
10400.0	0.151776
10405.0	0.151034
10410.0	0.150059
10415.0	0.148796
10420.0	0.147192
10425.0	0.145270
10430.0	0.143357
10435.0	0.141857
10440.0	0.141173
10445.0	0.141590
10450.0	0.142918
10455.0	0.144848
10460.0	0.147068
10465.0	0.149261
10470.0	0.151061
10475.0	0.152095
10480.0	0.151989
10485.0	0.150520
10490.0	0.148073
10495.0	0.145182
10500.0	0.142385
10505.0	0.140141
10510.0	0.138612
10515.0	0.137887
10520.0	0.138053
10525.0	0.139120
10530.0	0.140793
10535.0	0.142699
10540.0	0.144466
10545.0	0.145739
10550.0	0.146233
10555.0	0.145683
10560.0	0.143821
10565.0	0.140615
10570.0	0.136960
10575.0	0.133988
10580.0	0.132828
10585.0	0.134208
10590.0	0.137244
10595.0	0.140651
10600.0	0.143143
10605.0	0.143740
10610.0	0.142687
10615.0	0.140534
10620.0	0.137831
