#-- b8i
#\*l[Angstrom]	F(\*l)/F(555.6Angstrom]
1150.0	0.412320
1155.0	0.229507
1160.0	0.122171
1165.0	0.136122
1170.0	0.181900
1175.0	0.151325
1180.0	0.168630
1185.0	0.158584
1190.0	0.034372
1195.0	0.045680
1200.0	0.062538
1205.0	0.104686
1210.0	0.246143
1215.0	0.270442
1220.0	0.168299
1225.0	0.131535
1230.0	0.211219
1235.0	0.334912
1240.0	0.436917
1245.0	0.393979
1250.0	0.367643
1255.0	0.387400
1260.0	0.308644
1265.0	0.348625
1270.0	0.451105
1275.0	0.461119
1280.0	0.501980
1285.0	0.525676
1290.0	0.483771
1295.0	0.418344
1300.0	0.378010
1305.0	0.414787
1310.0	0.550163
1315.0	0.701643
1320.0	0.725121
1325.0	0.655677
1330.0	0.612681
1335.0	0.623942
1340.0	0.775728
1345.0	0.761059
1350.0	0.793181
1355.0	0.832847
1360.0	0.749843
1365.0	0.666835
1370.0	0.700661
1375.0	0.773426
1380.0	0.753882
1385.0	0.818267
1390.0	0.779519
1395.0	0.764807
1400.0	0.850409
1405.0	0.896403
1410.0	0.881919
1415.0	0.858479
1420.0	0.864973
1425.0	0.971266
1430.0	0.999923
1435.0	0.996304
1440.0	1.018324
1445.0	1.059793
1450.0	1.141617
1455.0	1.187832
1460.0	1.262278
1465.0	1.166564
1470.0	1.091780
1475.0	1.093725
1480.0	1.129213
1485.0	1.214525
1490.0	1.270855
1495.0	1.215546
1500.0	1.181541
1505.0	1.131591
1510.0	1.083098
1515.0	1.147577
1520.0	1.261509
1525.0	1.161182
1530.0	1.094645
1535.0	1.088225
1540.0	1.150410
1545.0	1.114273
1550.0	1.124553
1555.0	1.137631
1560.0	1.059922
1565.0	1.093553
1570.0	1.115339
1575.0	1.137698
1580.0	1.227932
1585.0	1.291683
1590.0	1.358315
1595.0	1.313017
1600.0	1.203262
1605.0	1.137450
1610.0	1.098750
1615.0	1.190312
1620.0	1.161419
1625.0	1.136840
1630.0	1.152621
1635.0	1.163600
1640.0	1.227757
1645.0	1.244686
1650.0	1.187268
1655.0	1.076716
1660.0	1.139920
1665.0	1.234632
1670.0	1.178258
1675.0	1.187727
1680.0	1.285923
1685.0	1.276763
1690.0	1.215669
1695.0	1.197861
1700.0	1.184317
1705.0	1.113732
1710.0	1.056499
1715.0	1.021928
1720.0	0.977762
1725.0	1.050156
1730.0	1.154779
1735.0	1.151282
1740.0	1.137072
1745.0	1.132545
1750.0	1.176534
1755.0	1.272560
1760.0	1.218064
1765.0	1.199285
1770.0	1.184295
1775.0	1.204787
1780.0	1.257901
1785.0	1.084243
1790.0	0.936867
1795.0	1.248224
1800.0	1.344958
1805.0	1.283225
1810.0	1.248907
1815.0	1.200983
1820.0	1.177755
1825.0	1.182348
1830.0	1.147817
1835.0	1.135644
1840.0	1.047221
1845.0	0.959258
1850.0	0.916058
1855.0	0.897002
1860.0	0.912099
1865.0	0.974752
1870.0	1.053117
1875.0	1.040561
1880.0	0.962459
1885.0	0.863171
1890.0	0.802567
1895.0	0.835518
1900.0	0.873909
1905.0	0.882173
1910.0	0.862629
1915.0	0.796638
1920.0	0.765575
1925.0	0.733082
1930.0	0.761136
1935.0	0.808686
1940.0	0.823084
1945.0	0.828032
1950.0	0.796720
1955.0	0.806036
1960.0	0.787524
1965.0	0.655363
1970.0	0.739987
1975.0	0.887329
1980.0	0.828807
1985.0	0.852685
1990.0	0.760040
1995.0	0.590829
2000.0	0.605270
2005.0	0.613045
2010.0	0.624083
2015.0	0.652376
2020.0	0.623898
2025.0	0.611687
2030.0	0.640132
2035.0	0.607059
2040.0	0.523948
2045.0	0.478477
2050.0	0.453454
2055.0	0.504419
2060.0	0.521784
2065.0	0.483261
2070.0	0.486426
2075.0	0.515874
2080.0	0.538163
2085.0	0.477838
2090.0	0.488892
2095.0	0.370151
2100.0	0.306397
2105.0	0.425502
2110.0	0.525076
2115.0	0.445945
2120.0	0.417657
2125.0	0.554016
2130.0	0.495619
2135.0	0.386250
2140.0	0.367944
2145.0	0.384584
2150.0	0.380903
2155.0	0.418297
2160.0	0.464434
2165.0	0.393905
2170.0	0.364213
2175.0	0.265638
2180.0	0.223139
2185.0	0.290441
2190.0	0.286555
2195.0	0.295500
2200.0	0.309602
2205.0	0.321845
2210.0	0.315584
2215.0	0.290519
2220.0	0.256953
2225.0	0.298632
2230.0	0.341145
2235.0	0.361153
2240.0	0.343878
2245.0	0.245050
2250.0	0.353898
2255.0	0.459061
2260.0	0.346091
2265.0	0.336951
2270.0	0.442956
2275.0	0.407683
2280.0	0.399038
2285.0	0.385065
2290.0	0.462922
2295.0	0.493365
2300.0	0.505719
2305.0	0.535001
2310.0	0.597171
2315.0	0.638045
2320.0	0.546936
2325.0	0.578226
2330.0	0.705555
2335.0	0.644971
2340.0	0.565888
2345.0	0.657717
2350.0	0.674208
2355.0	0.626296
2360.0	0.623266
2365.0	0.589891
2370.0	0.572960
2375.0	0.673553
2380.0	0.763177
2385.0	0.773624
2390.0	0.708704
2395.0	0.718055
2400.0	0.884579
2405.0	0.790534
2410.0	0.695972
2415.0	0.638871
2420.0	0.701426
2425.0	0.846270
2430.0	0.945578
2435.0	0.860382
2440.0	0.798387
2445.0	0.928310
2450.0	0.963021
2455.0	1.014711
2460.0	1.122243
2465.0	1.083579
2470.0	0.961126
2475.0	1.010292
2480.0	1.002160
2485.0	0.978105
2490.0	1.011175
2495.0	0.988956
2500.0	1.145952
2505.0	1.215984
2510.0	1.163413
2515.0	1.191861
2520.0	1.173606
2525.0	1.163430
2530.0	1.095455
2535.0	1.135091
2540.0	1.160540
2545.0	1.106668
2550.0	1.145381
2555.0	1.232004
2560.0	1.294113
2565.0	1.322337
2570.0	1.332671
2575.0	1.310142
2580.0	1.104506
2585.0	0.993542
2590.0	1.230474
2595.0	1.429970
2600.0	1.404514
2605.0	1.433767
2610.0	1.482336
2615.0	1.451361
2620.0	1.429402
2625.0	1.389277
2630.0	1.447805
2635.0	1.545029
2640.0	1.594897
2645.0	1.676536
2650.0	1.760221
2655.0	1.778042
2660.0	1.706488
2665.0	1.703827
2670.0	1.662110
2675.0	1.674637
2680.0	1.754099
2685.0	1.753334
2690.0	1.784655
2695.0	1.715435
2700.0	1.684545
2705.0	1.753592
2710.0	1.717864
2715.0	1.671580
2720.0	1.659928
2725.0	1.733114
2730.0	1.785215
2735.0	1.786875
2740.0	1.733643
2745.0	1.656097
2750.0	1.640131
2755.0	1.556748
2760.0	1.616133
2765.0	1.715058
2770.0	1.715873
2775.0	1.739694
2780.0	1.901145
2785.0	1.955789
2790.0	2.001923
2795.0	1.960783
2800.0	1.662235
2805.0	1.670699
2810.0	1.848764
2815.0	2.013543
2820.0	2.100251
2825.0	2.141845
2830.0	1.922125
2835.0	1.836965
2840.0	1.882482
2845.0	1.897175
2850.0	1.954890
2855.0	1.919464
2860.0	1.870141
2865.0	1.914916
2870.0	1.981850
2875.0	1.964272
2880.0	1.945384
2885.0	1.976342
2890.0	2.046636
2895.0	2.095278
2900.0	2.086153
2905.0	2.026593
2910.0	2.053778
2915.0	2.178966
2920.0	2.201505
2925.0	1.997840
2930.0	1.977778
2935.0	1.988852
2940.0	1.950304
2945.0	1.981615
2950.0	1.944291
2955.0	1.980359
2960.0	2.073441
2965.0	2.025796
2970.0	1.998301
2975.0	2.042167
2980.0	2.121732
2985.0	2.020195
2990.0	1.891677
2995.0	1.985600
3000.0	2.058633
3005.0	2.023652
3010.0	2.049666
3015.0	2.011025
3020.0	1.999983
3025.0	1.955343
3030.0	1.977632
3035.0	2.017172
3040.0	2.052343
3045.0	2.081715
3050.0	2.051834
3055.0	2.029514
3060.0	1.986220
3065.0	1.925974
3070.0	1.887063
3075.0	1.949891
3080.0	2.043543
3085.0	2.076295
3090.0	2.003898
3095.0	2.054158
3100.0	2.082640
3105.0	2.012947
3110.0	1.965363
3115.0	1.944861
3120.0	1.939043
3125.0	2.042289
3130.0	2.080749
3135.0	2.046427
3140.0	2.001257
3145.0	2.011827
3150.0	2.054422
3155.0	2.091309
3160.0	1.996123
3165.0	1.960202
3170.0	2.029243
3175.0	2.086528
3180.0	2.015001
3185.0	2.001710
3190.0	2.100473
3195.0	2.119410
3200.0	2.110482
3205.0	2.126171
3210.0	2.131559
3215.0	2.102510
3220.0	2.068367
3225.0	2.062868
3230.0	2.083876
3235.0	2.117865
3240.0	2.141626
3245.0	2.137348
3250.0	2.118485
3255.0	2.102818
3260.0	2.094170
3265.0	2.090604
3270.0	2.081100
3275.0	2.058251
3280.0	2.038188
3285.0	2.037544
3290.0	2.051421
3295.0	2.068054
3300.0	2.069713
3305.0	2.046201
3310.0	2.023406
3315.0	2.027065
3320.0	2.046218
3325.0	2.063184
3330.0	2.070078
3335.0	2.064422
3340.0	2.055541
3345.0	2.053987
3350.0	2.063420
3355.0	2.080163
3360.0	2.078106
3365.0	2.039058
3370.0	1.998947
3375.0	1.992407
3380.0	1.994784
3385.0	1.979557
3390.0	1.972023
3395.0	1.997945
3400.0	2.033145
3405.0	2.049570
3410.0	2.053621
3415.0	2.055675
3420.0	2.047553
3425.0	2.023041
3430.0	2.002344
3435.0	2.003989
3440.0	2.013376
3445.0	2.014256
3450.0	2.016907
3455.0	2.030464
3460.0	2.032945
3465.0	2.007100
3470.0	1.985718
3475.0	1.998174
3480.0	2.010143
3485.0	1.988236
3490.0	1.966487
3495.0	1.979759
3500.0	1.998793
3505.0	1.991259
3510.0	1.975063
3515.0	1.976298
3520.0	1.962129
3525.0	1.964466
3530.0	1.941530
3535.0	1.946695
3540.0	1.934584
3545.0	1.930847
3550.0	1.933857
3555.0	1.910651
3560.0	1.910649
3565.0	1.897277
3570.0	1.887960
3575.0	1.861868
3580.0	1.833517
3585.0	1.848162
3590.0	1.865260
3595.0	1.869774
3600.0	1.874197
3605.0	1.887353
3610.0	1.878400
3615.0	1.893349
3620.0	1.930162
3625.0	1.900808
3630.0	1.913884
3635.0	1.896368
3640.0	1.922332
3645.0	1.916292
3650.0	1.839325
3655.0	1.837628
3660.0	1.875144
3665.0	1.852306
3670.0	1.859881
3675.0	1.924721
3680.0	1.954197
3685.0	1.960087
3690.0	1.947237
3695.0	1.952045
3700.0	2.031860
3705.0	2.016887
3710.0	2.110846
3715.0	2.218926
3720.0	2.189156
3725.0	2.287896
3730.0	2.292266
3735.0	2.108036
3740.0	2.436388
3745.0	2.382727
3750.0	2.142647
3755.0	2.430617
3760.0	2.578032
3765.0	2.412449
3770.0	2.150441
3775.0	2.389174
3780.0	2.647018
3785.0	2.666001
3790.0	2.577592
3795.0	2.210742
3800.0	2.237739
3805.0	2.551016
3810.0	2.647969
3815.0	2.698554
3820.0	2.666892
3825.0	2.652760
3830.0	2.431187
3835.0	2.105276
3840.0	2.404933
3845.0	2.633819
3850.0	2.628039
3855.0	2.593071
3860.0	2.542095
3865.0	2.527002
3870.0	2.546850
3875.0	2.503300
3880.0	2.466129
3885.0	2.216920
3890.0	2.040607
3895.0	2.355099
3900.0	2.558914
3905.0	2.560631
3910.0	2.534166
3915.0	2.494763
3920.0	2.441482
3925.0	2.429314
3930.0	2.305268
3935.0	2.280266
3940.0	2.445332
3945.0	2.463647
3950.0	2.459002
3955.0	2.455952
3960.0	2.398192
3965.0	2.036598
3970.0	1.789385
3975.0	2.192722
3980.0	2.363902
3985.0	2.370164
3990.0	2.373161
3995.0	2.339714
4000.0	2.334845
4005.0	2.292695
4010.0	2.285199
4015.0	2.288529
4020.0	2.260281
4025.0	2.187479
4030.0	2.230258
4035.0	2.263646
4040.0	2.277485
4045.0	2.288874
4050.0	2.282599
4055.0	2.267395
4060.0	2.243620
4065.0	2.211392
4070.0	2.195383
4075.0	2.158551
4080.0	2.165171
4085.0	2.155553
4090.0	2.110099
4095.0	1.966860
4100.0	1.703547
4105.0	1.876774
4110.0	2.093287
4115.0	2.102903
4120.0	2.082572
4125.0	2.055376
4130.0	2.032215
4135.0	2.058014
4140.0	2.045351
4145.0	2.046230
4150.0	2.065904
4155.0	2.050604
4160.0	2.053744
4165.0	2.043320
4170.0	2.037784
4175.0	2.019602
4180.0	2.019845
4185.0	2.017778
4190.0	2.009405
4195.0	2.019427
4200.0	2.026506
4205.0	2.007277
4210.0	1.977538
4215.0	1.985514
4220.0	1.990528
4225.0	1.980500
4230.0	1.955221
4235.0	1.955734
4240.0	1.974588
4245.0	1.956833
4250.0	1.968520
4255.0	1.960552
4260.0	1.936824
4265.0	1.904386
4270.0	1.876173
4275.0	1.890439
4280.0	1.902727
4285.0	1.903880
4290.0	1.903053
4295.0	1.891262
4300.0	1.899296
4305.0	1.909536
4310.0	1.900434
4315.0	1.910451
4320.0	1.919809
4325.0	1.922393
4330.0	1.897974
4335.0	1.729203
4340.0	1.500695
4345.0	1.673430
4350.0	1.831697
4355.0	1.892871
4360.0	1.893890
4365.0	1.882238
4370.0	1.866630
4375.0	1.861679
4380.0	1.836603
4385.0	1.753196
4390.0	1.753371
4395.0	1.807257
4400.0	1.829553
4405.0	1.821475
4410.0	1.775958
4415.0	1.757549
4420.0	1.686599
4425.0	1.643138
4430.0	1.639735
4435.0	1.640712
4440.0	1.669316
4445.0	1.718036
4450.0	1.729098
4455.0	1.731530
4460.0	1.730923
4465.0	1.712299
4470.0	1.652014
4475.0	1.676295
4480.0	1.676468
4485.0	1.723987
4490.0	1.739522
4495.0	1.745957
4500.0	1.734378
4505.0	1.723921
4510.0	1.734166
4515.0	1.743842
4520.0	1.707287
4525.0	1.695772
4530.0	1.712929
4535.0	1.707592
4540.0	1.690179
4545.0	1.670049
4550.0	1.662648
4555.0	1.682971
4560.0	1.691353
4565.0	1.679933
4570.0	1.680776
4575.0	1.698427
4580.0	1.687578
4585.0	1.649159
4590.0	1.651325
4595.0	1.637048
4600.0	1.625854
4605.0	1.633796
4610.0	1.650633
4615.0	1.652445
4620.0	1.640389
4625.0	1.648180
4630.0	1.629224
4635.0	1.623142
4640.0	1.621684
4645.0	1.630733
4650.0	1.621305
4655.0	1.630188
4660.0	1.639109
4665.0	1.642888
4670.0	1.622154
4675.0	1.640974
4680.0	1.654270
4685.0	1.663013
4690.0	1.641262
4695.0	1.611040
4700.0	1.616062
4705.0	1.631865
4710.0	1.615597
4715.0	1.579408
4720.0	1.578813
4725.0	1.574148
4730.0	1.575151
4735.0	1.574302
4740.0	1.570948
4745.0	1.584731
4750.0	1.577345
4755.0	1.564030
4760.0	1.557166
4765.0	1.537281
4770.0	1.534235
4775.0	1.517917
4780.0	1.530262
4785.0	1.516726
4790.0	1.516251
4795.0	1.530341
4800.0	1.519699
4805.0	1.493824
4810.0	1.490376
4815.0	1.498627
4820.0	1.503582
4825.0	1.511421
4830.0	1.516076
4835.0	1.534156
4840.0	1.518266
4845.0	1.476652
4850.0	1.461084
4855.0	1.390513
4860.0	1.258583
4865.0	1.329920
4870.0	1.404757
4875.0	1.412769
4880.0	1.415738
4885.0	1.426938
4890.0	1.445232
4895.0	1.419553
4900.0	1.433690
4905.0	1.467216
4910.0	1.445445
4915.0	1.434726
4920.0	1.378741
4925.0	1.352691
4930.0	1.420963
4935.0	1.453830
4940.0	1.449883
4945.0	1.437340
4950.0	1.424535
4955.0	1.432116
4960.0	1.408888
4965.0	1.417136
4970.0	1.404438
4975.0	1.411975
4980.0	1.398410
4985.0	1.406381
4990.0	1.417839
4995.0	1.403407
5000.0	1.422799
5005.0	1.391142
5010.0	1.362613
5015.0	1.320494
5020.0	1.309799
5025.0	1.348535
5030.0	1.342273
5035.0	1.339834
5040.0	1.354539
5045.0	1.348740
5050.0	1.326949
5055.0	1.325649
5060.0	1.323643
5065.0	1.338055
5070.0	1.350575
5075.0	1.342661
5080.0	1.349459
5085.0	1.340167
5090.0	1.326215
5095.0	1.312286
5100.0	1.308642
5105.0	1.311217
5110.0	1.317823
5115.0	1.294932
5120.0	1.293017
5125.0	1.300647
5130.0	1.295674
5135.0	1.306668
5140.0	1.300409
5145.0	1.288763
5150.0	1.282434
5155.0	1.262084
5160.0	1.267730
5165.0	1.254933
5170.0	1.247265
5175.0	1.272949
5180.0	1.273403
5185.0	1.277985
5190.0	1.275364
5195.0	1.270808
5200.0	1.260023
5205.0	1.245605
5210.0	1.236579
5215.0	1.238882
5220.0	1.233766
5225.0	1.225950
5230.0	1.219941
5235.0	1.209762
5240.0	1.209798
5245.0	1.203462
5250.0	1.199255
5255.0	1.198817
5260.0	1.208803
5265.0	1.188644
5270.0	1.171976
5275.0	1.175715
5280.0	1.179131
5285.0	1.177259
5290.0	1.172399
5295.0	1.186159
5300.0	1.181380
5305.0	1.189149
5310.0	1.173226
5315.0	1.158592
5320.0	1.146798
5325.0	1.148474
5330.0	1.145190
5335.0	1.141632
5340.0	1.129645
5345.0	1.128152
5350.0	1.128219
5355.0	1.133175
5360.0	1.124899
5365.0	1.124874
5370.0	1.129182
5375.0	1.113531
5380.0	1.106508
5385.0	1.089391
5390.0	1.097269
5395.0	1.100057
5400.0	1.086705
5405.0	1.093331
5410.0	1.085479
5415.0	1.095195
5420.0	1.097544
5425.0	1.082214
5430.0	1.068344
5435.0	1.064665
5440.0	1.070385
5445.0	1.056865
5450.0	1.046757
5455.0	1.048030
5460.0	1.070358
5465.0	1.066308
5470.0	1.047823
5475.0	1.054562
5480.0	1.045999
5485.0	1.032792
5490.0	1.022901
5495.0	1.036334
5500.0	1.057171
5505.0	1.038058
5510.0	1.010583
5515.0	1.022392
5520.0	1.025541
5525.0	1.013121
5530.0	1.016463
5535.0	0.998058
5540.0	0.996447
5545.0	1.001139
5550.0	1.004686
5555.0	0.992708
5560.0	0.991162
5565.0	1.000347
5570.0	1.002912
5575.0	1.007960
5580.0	0.988276
5585.0	0.980668
5590.0	0.985164
5595.0	0.987537
5600.0	0.974769
5605.0	0.974283
5610.0	0.976168
5615.0	0.963376
5620.0	0.963676
5625.0	0.973361
5630.0	0.968291
5635.0	0.970940
5640.0	0.954137
5645.0	0.947580
5650.0	0.943196
5655.0	0.944745
5660.0	0.935000
5665.0	0.924510
5670.0	0.926047
5675.0	0.928659
5680.0	0.927709
5685.0	0.930886
5690.0	0.929675
5695.0	0.920166
5700.0	0.914939
5705.0	0.910915
5710.0	0.906584
5715.0	0.905224
5720.0	0.900743
5725.0	0.911328
5730.0	0.910969
5735.0	0.901425
5740.0	0.882792
5745.0	0.882230
5750.0	0.894793
5755.0	0.896267
5760.0	0.889387
5765.0	0.880510
5770.0	0.868131
5775.0	0.850418
5780.0	0.802599
5785.0	0.814220
5790.0	0.853768
5795.0	0.842936
5800.0	0.844668
5805.0	0.857550
5810.0	0.847035
5815.0	0.853708
5820.0	0.862454
5825.0	0.860147
5830.0	0.860376
5835.0	0.858491
5840.0	0.859578
5845.0	0.843846
5850.0	0.833132
5855.0	0.837008
5860.0	0.851588
5865.0	0.849129
5870.0	0.824222
5875.0	0.761757
5880.0	0.796097
5885.0	0.760906
5890.0	0.669316
5895.0	0.698342
5900.0	0.774094
5905.0	0.832393
5910.0	0.823741
5915.0	0.818745
5920.0	0.811532
5925.0	0.800949
5930.0	0.785913
5935.0	0.801718
5940.0	0.795373
5945.0	0.785552
5950.0	0.782914
5955.0	0.789989
5960.0	0.798506
5965.0	0.787367
5970.0	0.771831
5975.0	0.753187
5980.0	0.755409
5985.0	0.761157
5990.0	0.771212
5995.0	0.775895
6000.0	0.773763
6005.0	0.777252
6010.0	0.770649
6015.0	0.778525
6020.0	0.781300
6025.0	0.776095
6030.0	0.772644
6035.0	0.761008
6040.0	0.760529
6045.0	0.767344
6050.0	0.767222
6055.0	0.763155
6060.0	0.765232
6065.0	0.762565
6070.0	0.758016
6075.0	0.757160
6080.0	0.753750
6085.0	0.753384
6090.0	0.749568
6095.0	0.749404
6100.0	0.747379
6105.0	0.744967
6110.0	0.747263
6115.0	0.748204
6120.0	0.746334
6125.0	0.741477
6130.0	0.740112
6135.0	0.736736
6140.0	0.732596
6145.0	0.727450
6150.0	0.728240
6155.0	0.723381
6160.0	0.718226
6165.0	0.717686
6170.0	0.713750
6175.0	0.712703
6180.0	0.718694
6185.0	0.714178
6190.0	0.713059
6195.0	0.714401
6200.0	0.711497
6205.0	0.709137
6210.0	0.712351
6215.0	0.711208
6220.0	0.710164
6225.0	0.710103
6230.0	0.708409
6235.0	0.706554
6240.0	0.706867
6245.0	0.706860
6250.0	0.705140
6255.0	0.708877
6260.0	0.701775
6265.0	0.677751
6270.0	0.678621
6275.0	0.669273
6280.0	0.637068
6285.0	0.640919
6290.0	0.670933
6295.0	0.683105
6300.0	0.682149
6305.0	0.680645
6310.0	0.678978
6315.0	0.679525
6320.0	0.681522
6325.0	0.682833
6330.0	0.682019
6335.0	0.681466
6340.0	0.677328
6345.0	0.648153
6350.0	0.645863
6355.0	0.667544
6360.0	0.669635
6365.0	0.662506
6370.0	0.637802
6375.0	0.640344
6380.0	0.654852
6385.0	0.657827
6390.0	0.659028
6395.0	0.658884
6400.0	0.654118
6405.0	0.653212
6410.0	0.655385
6415.0	0.652570
6420.0	0.651171
6425.0	0.651954
6430.0	0.651056
6435.0	0.649628
6440.0	0.645835
6445.0	0.641729
6450.0	0.640917
6455.0	0.636946
6460.0	0.637355
6465.0	0.634752
6470.0	0.632849
6475.0	0.628746
6480.0	0.625883
6485.0	0.624189
6490.0	0.621801
6495.0	0.625428
6500.0	0.631394
6505.0	0.630015
6510.0	0.627640
6515.0	0.620398
6520.0	0.622681
6525.0	0.624838
6530.0	0.621858
6535.0	0.624125
6540.0	0.627976
6545.0	0.623490
6550.0	0.619426
6555.0	0.613122
6560.0	0.603408
6565.0	0.601516
6570.0	0.614178
6575.0	0.606832
6580.0	0.598847
6585.0	0.605711
6590.0	0.611577
6595.0	0.611717
6600.0	0.611630
6605.0	0.612307
6610.0	0.602719
6615.0	0.602995
6620.0	0.606268
6625.0	0.604555
6630.0	0.602251
6635.0	0.599080
6640.0	0.596421
6645.0	0.594833
6650.0	0.591415
6655.0	0.586188
6660.0	0.585184
6665.0	0.586126
6670.0	0.580970
6675.0	0.559533
6680.0	0.554224
6685.0	0.576581
6690.0	0.580391
6695.0	0.579406
6700.0	0.578626
6705.0	0.580809
6710.0	0.577717
6715.0	0.573426
6720.0	0.575246
6725.0	0.574143
6730.0	0.570596
6735.0	0.569440
6740.0	0.570976
6745.0	0.566584
6750.0	0.566665
6755.0	0.565558
6760.0	0.563666
6765.0	0.565189
6770.0	0.559167
6775.0	0.558156
6780.0	0.557265
6785.0	0.557021
6790.0	0.558342
6795.0	0.558295
6800.0	0.556993
6805.0	0.557819
6810.0	0.558558
6815.0	0.559346
6820.0	0.551267
6825.0	0.550086
6830.0	0.547613
6835.0	0.548153
6840.0	0.548203
6845.0	0.546949
6850.0	0.545607
6855.0	0.544366
6860.0	0.543177
6865.0	0.541958
6870.0	0.540748
6875.0	0.539533
6880.0	0.538445
6885.0	0.537296
6890.0	0.536177
6895.0	0.535039
6900.0	0.533930
6905.0	0.532818
6910.0	0.531710
6915.0	0.530598
6920.0	0.529597
6925.0	0.528700
6930.0	0.528014
6935.0	0.527303
6940.0	0.526577
6945.0	0.525872
6950.0	0.525154
6955.0	0.524435
6960.0	0.523620
6965.0	0.522907
6970.0	0.522157
6975.0	0.522183
6980.0	0.518446
6985.0	0.513193
6990.0	0.503791
6995.0	0.505026
7000.0	0.506247
7005.0	0.504717
7010.0	0.506236
7015.0	0.506092
7020.0	0.501575
7025.0	0.496236
7030.0	0.497973
7035.0	0.501367
7040.0	0.500100
7045.0	0.497175
7050.0	0.497271
7055.0	0.492395
7060.0	0.485283
7065.0	0.475073
7070.0	0.488470
7075.0	0.495902
7080.0	0.494643
7085.0	0.496240
7090.0	0.494238
7095.0	0.495715
7100.0	0.497544
7105.0	0.495493
7110.0	0.493654
7115.0	0.495916
7120.0	0.495646
7125.0	0.496697
7130.0	0.500320
7135.0	0.499744
7140.0	0.497392
7145.0	0.494149
7150.0	0.493490
7155.0	0.491750
7160.0	0.489743
7165.0	0.480018
7170.0	0.462217
7175.0	0.447581
7180.0	0.446902
7185.0	0.432503
7190.0	0.434684
7195.0	0.440381
7200.0	0.440634
7205.0	0.448627
7210.0	0.479769
7215.0	0.491547
7220.0	0.489618
7225.0	0.480058
7230.0	0.469420
7235.0	0.443379
7240.0	0.446963
7245.0	0.451137
7250.0	0.454955
7255.0	0.450572
7260.0	0.459567
7265.0	0.449934
7270.0	0.451654
7275.0	0.433518
7280.0	0.433348
7285.0	0.451095
7290.0	0.440888
7295.0	0.441690
7300.0	0.446930
7305.0	0.433865
7310.0	0.437428
7315.0	0.436411
7320.0	0.436806
7325.0	0.448201
7330.0	0.448854
7335.0	0.444030
7340.0	0.445989
7345.0	0.443837
7350.0	0.442004
7355.0	0.443304
7360.0	0.438842
7365.0	0.433845
7370.0	0.432799
7375.0	0.433940
7380.0	0.431044
7385.0	0.434139
7390.0	0.434927
7395.0	0.432234
7400.0	0.428941
7405.0	0.429428
7410.0	0.425512
7415.0	0.422728
7420.0	0.421828
7425.0	0.434219
7430.0	0.434628
7435.0	0.433924
7440.0	0.431391
7445.0	0.429399
7450.0	0.431132
7455.0	0.430181
7460.0	0.428932
7465.0	0.425010
7470.0	0.423015
7475.0	0.426377
7480.0	0.425446
7485.0	0.425394
7490.0	0.423926
7495.0	0.424794
7500.0	0.423337
7505.0	0.422384
7510.0	0.422643
7515.0	0.422495
7520.0	0.419872
7525.0	0.417893
7530.0	0.417377
7535.0	0.415596
7540.0	0.415252
7545.0	0.413485
7550.0	0.413000
7555.0	0.412189
7560.0	0.411502
7565.0	0.410784
7570.0	0.410066
7575.0	0.409402
7580.0	0.408748
7585.0	0.408015
7590.0	0.407256
7595.0	0.406489
7600.0	0.405699
7605.0	0.404914
7610.0	0.404094
7615.0	0.403281
7620.0	0.402467
7625.0	0.401655
7630.0	0.400846
7635.0	0.400042
7640.0	0.399242
7645.0	0.398447
7650.0	0.397657
7655.0	0.396872
7660.0	0.396089
7665.0	0.395309
7670.0	0.394529
7675.0	0.393704
7680.0	0.392887
7685.0	0.392046
7690.0	0.391216
7695.0	0.390368
7700.0	0.389565
7705.0	0.388861
7710.0	0.388895
7715.0	0.390142
7720.0	0.390222
7725.0	0.389437
7730.0	0.388537
7735.0	0.388916
7740.0	0.387428
7745.0	0.387183
7750.0	0.385900
7755.0	0.385252
7760.0	0.383026
7765.0	0.379375
7770.0	0.357559
7775.0	0.328631
7780.0	0.362919
7785.0	0.378510
7790.0	0.378564
7795.0	0.378593
7800.0	0.377227
7805.0	0.376062
7810.0	0.375954
7815.0	0.374756
7820.0	0.373228
7825.0	0.373273
7830.0	0.373446
7835.0	0.371280
7840.0	0.368529
7845.0	0.367680
7850.0	0.369839
7855.0	0.367505
7860.0	0.366152
7865.0	0.365207
7870.0	0.364014
7875.0	0.361937
7880.0	0.360374
7885.0	0.361701
7890.0	0.361187
7895.0	0.356483
7900.0	0.356939
7905.0	0.357402
7910.0	0.358095
7915.0	0.356919
7920.0	0.355745
7925.0	0.355906
7930.0	0.354325
7935.0	0.356545
7940.0	0.356326
7945.0	0.354103
7950.0	0.351779
7955.0	0.351722
7960.0	0.348958
7965.0	0.346185
7970.0	0.349106
7975.0	0.349437
7980.0	0.349624
7985.0	0.349064
7990.0	0.349132
7995.0	0.348433
8000.0	0.344331
8005.0	0.344366
8010.0	0.343288
8015.0	0.343174
8020.0	0.342210
8025.0	0.341847
8030.0	0.340875
8035.0	0.340128
8040.0	0.340188
8045.0	0.339884
8050.0	0.340908
8055.0	0.340918
8060.0	0.340062
8065.0	0.339074
8070.0	0.338918
8075.0	0.339575
8080.0	0.338743
8085.0	0.338019
8090.0	0.337844
8095.0	0.339177
8100.0	0.339179
8105.0	0.340830
8110.0	0.338550
8115.0	0.337843
8120.0	0.339194
8125.0	0.336823
8130.0	0.333441
8135.0	0.326419
8140.0	0.327054
8145.0	0.323158
8150.0	0.316987
8155.0	0.312255
8160.0	0.312589
8165.0	0.299584
8170.0	0.313441
8175.0	0.318444
8180.0	0.310087
8185.0	0.319777
8190.0	0.318812
8195.0	0.323213
8200.0	0.320608
8205.0	0.336563
8210.0	0.339567
8215.0	0.331855
8220.0	0.324205
8225.0	0.304538
8230.0	0.279955
8235.0	0.303682
8240.0	0.323159
8245.0	0.322782
8250.0	0.331482
8255.0	0.323568
8260.0	0.318193
8265.0	0.324503
8270.0	0.324087
8275.0	0.309291
8280.0	0.308610
8285.0	0.313677
8290.0	0.310031
8295.0	0.307810
8300.0	0.312876
8305.0	0.307265
8310.0	0.310938
8315.0	0.309053
8320.0	0.303319
8325.0	0.307153
8330.0	0.311467
8335.0	0.307847
8340.0	0.308413
8345.0	0.308337
8350.0	0.311909
8355.0	0.312099
8360.0	0.303832
8365.0	0.309991
8370.0	0.310466
8375.0	0.298633
8380.0	0.307920
8385.0	0.313484
8390.0	0.304170
8395.0	0.298046
8400.0	0.311034
8405.0	0.315195
8410.0	0.303397
8415.0	0.291276
8420.0	0.308425
8425.0	0.317690
8430.0	0.313453
8435.0	0.297378
8440.0	0.284987
8445.0	0.290959
8450.0	0.303071
8455.0	0.316911
8460.0	0.311243
8465.0	0.292875
8470.0	0.285748
8475.0	0.305264
8480.0	0.314810
8485.0	0.318123
8490.0	0.320472
8495.0	0.310894
8500.0	0.289854
8505.0	0.276627
8510.0	0.299617
8515.0	0.310059
8520.0	0.314631
8525.0	0.315272
8530.0	0.311553
8535.0	0.306027
8540.0	0.292680
8545.0	0.269243
8550.0	0.278832
8555.0	0.302489
8560.0	0.310561
8565.0	0.311285
8570.0	0.310626
8575.0	0.309393
8580.0	0.305657
8585.0	0.301526
8590.0	0.294973
8595.0	0.278420
8600.0	0.258067
8605.0	0.283602
8610.0	0.300094
8615.0	0.304804
8620.0	0.306476
8625.0	0.307718
8630.0	0.308062
8635.0	0.308559
8640.0	0.308121
8645.0	0.305904
8650.0	0.302892
8655.0	0.296075
8660.0	0.280445
8665.0	0.253615
8670.0	0.265001
8675.0	0.285076
8680.0	0.286088
8685.0	0.286687
8690.0	0.295513
8695.0	0.301968
8700.0	0.301640
8705.0	0.299582
8710.0	0.299633
8715.0	0.300908
8720.0	0.298487
8725.0	0.299638
8730.0	0.296255
8735.0	0.292736
8740.0	0.287323
8745.0	0.274577
8750.0	0.249014
8755.0	0.256517
8760.0	0.278476
8765.0	0.286507
8770.0	0.289535
8775.0	0.287415
8780.0	0.285969
8785.0	0.285510
8790.0	0.288157
8795.0	0.287413
8800.0	0.287911
8805.0	0.289509
8810.0	0.288444
8815.0	0.287014
8820.0	0.284305
8825.0	0.282723
8830.0	0.284655
8835.0	0.284805
8840.0	0.284236
8845.0	0.280077
8850.0	0.275859
8855.0	0.268903
8860.0	0.249505
8865.0	0.236231
8870.0	0.260353
8875.0	0.271618
8880.0	0.276818
8885.0	0.279179
8890.0	0.281196
8895.0	0.280643
8900.0	0.281439
8905.0	0.282743
8910.0	0.285430
8915.0	0.284237
8920.0	0.283197
8925.0	0.284171
8930.0	0.280844
8935.0	0.278928
8940.0	0.279537
8945.0	0.276854
8950.0	0.272102
8955.0	0.268129
8960.0	0.269648
8965.0	0.258656
8970.0	0.260550
8975.0	0.259444
8980.0	0.262967
8985.0	0.252538
8990.0	0.230458
8995.0	0.246589
9000.0	0.247054
9005.0	0.238532
9010.0	0.233436
9015.0	0.214078
9020.0	0.227958
9025.0	0.246804
9030.0	0.262244
9035.0	0.275870
9040.0	0.280219
9045.0	0.277503
9050.0	0.277814
9055.0	0.274365
9060.0	0.270984
9065.0	0.259481
9070.0	0.251897
9075.0	0.252878
9080.0	0.251703
9085.0	0.247192
9090.0	0.248944
9095.0	0.253746
9100.0	0.248381
9105.0	0.249956
9110.0	0.254511
9115.0	0.262699
9120.0	0.254893
9125.0	0.260769
9130.0	0.247620
9135.0	0.236801
9140.0	0.245919
9145.0	0.256482
9150.0	0.245203
9155.0	0.226002
9160.0	0.238849
9165.0	0.249520
9170.0	0.245999
9175.0	0.232624
9180.0	0.243349
9185.0	0.248191
9190.0	0.251074
9195.0	0.248389
9200.0	0.257167
9205.0	0.249446
9210.0	0.246257
9215.0	0.241703
9220.0	0.240487
9225.0	0.237064
9230.0	0.228089
9235.0	0.233910
9240.0	0.240659
9245.0	0.242951
9250.0	0.242643
9255.0	0.243388
9260.0	0.238912
9265.0	0.238842
9270.0	0.246396
9275.0	0.250021
9280.0	0.245596
9285.0	0.246066
9290.0	0.243085
9295.0	0.237559
9300.0	0.230535
9305.0	0.231042
9310.0	0.229582
9315.0	0.225815
9320.0	0.220720
9325.0	0.222363
9330.0	0.225418
9335.0	0.217389
9340.0	0.210987
9345.0	0.203893
9350.0	0.223287
9355.0	0.213702
9360.0	0.214649
9365.0	0.223057
9370.0	0.215176
9375.0	0.225165
9380.0	0.224439
9385.0	0.239012
9390.0	0.259324
9395.0	0.271557
9400.0	0.261335
9405.0	0.253507
9410.0	0.244099
9415.0	0.239378
9420.0	0.232499
9425.0	0.221828
9430.0	0.206705
9435.0	0.220668
9440.0	0.204583
9445.0	0.205244
9450.0	0.223555
9455.0	0.218224
9460.0	0.211741
9465.0	0.220126
9470.0	0.226682
9475.0	0.228583
9480.0	0.221085
9485.0	0.222449
9490.0	0.234221
9495.0	0.216059
9500.0	0.203744
9505.0	0.220180
9510.0	0.233415
9515.0	0.225314
9520.0	0.206368
9525.0	0.210325
9530.0	0.211762
9535.0	0.217529
9540.0	0.220155
9545.0	0.204766
9550.0	0.203549
9555.0	0.203527
9560.0	0.207651
9565.0	0.210080
9570.0	0.214800
9575.0	0.228613
9580.0	0.224667
9585.0	0.221055
9590.0	0.213092
9595.0	0.210109
9600.0	0.215807
9605.0	0.216064
9610.0	0.217973
9615.0	0.221573
9620.0	0.215097
9625.0	0.210013
9630.0	0.216555
9635.0	0.214611
9640.0	0.210185
9645.0	0.210184
9650.0	0.211989
9655.0	0.216398
9660.0	0.212989
9665.0	0.208490
9670.0	0.211249
9675.0	0.216495
9680.0	0.213798
9685.0	0.212585
9690.0	0.212785
9695.0	0.211588
9700.0	0.207652
9705.0	0.206636
9710.0	0.205908
9715.0	0.204908
9720.0	0.203967
9725.0	0.203541
9730.0	0.206200
9735.0	0.203761
9740.0	0.205136
9745.0	0.206234
9750.0	0.204737
9755.0	0.203370
9760.0	0.201285
9765.0	0.201548
9770.0	0.204456
9775.0	0.204031
9780.0	0.202649
9785.0	0.202230
9790.0	0.200735
9795.0	0.199101
9800.0	0.201739
9805.0	0.201483
9810.0	0.202907
9815.0	0.200289
9820.0	0.199462
9825.0	0.196625
9830.0	0.196686
9835.0	0.198178
9840.0	0.197503
9845.0	0.198644
9850.0	0.198530
9855.0	0.200497
9860.0	0.202240
9865.0	0.202151
9870.0	0.200817
9875.0	0.199495
9880.0	0.198492
9885.0	0.195898
9890.0	0.196092
9895.0	0.193868
9900.0	0.194674
9905.0	0.196640
9910.0	0.195172
9915.0	0.194730
9920.0	0.195176
9925.0	0.193469
9930.0	0.193044
9935.0	0.190001
9940.0	0.190243
9945.0	0.188852
9950.0	0.191011
9955.0	0.188101
9960.0	0.189225
9965.0	0.190894
9970.0	0.187109
9975.0	0.186664
9980.0	0.187538
9985.0	0.186142
9990.0	0.188336
9995.0	0.188191
10000.0	0.187615
10005.0	0.185672
10010.0	0.186000
10015.0	0.183410
10020.0	0.176481
10025.0	0.173652
10030.0	0.175736
10035.0	0.174560
10040.0	0.171482
10045.0	0.171567
10050.0	0.166554
10055.0	0.166725
10060.0	0.174025
10065.0	0.177477
10070.0	0.175932
10075.0	0.179022
10080.0	0.178904
10085.0	0.179987
10090.0	0.180115
10095.0	0.178483
10100.0	0.180077
10105.0	0.177665
10110.0	0.179138
10115.0	0.175840
10120.0	0.174574
10125.0	0.172461
10130.0	0.176257
10135.0	0.176276
10140.0	0.177804
10145.0	0.176489
10150.0	0.177205
10155.0	0.178731
10160.0	0.179827
10165.0	0.180245
10170.0	0.180141
10175.0	0.179769
10180.0	0.179383
10185.0	0.179162
10190.0	0.178992
10195.0	0.178682
10200.0	0.178043
10205.0	0.176958
10210.0	0.175603
10215.0	0.174227
10220.0	0.173078
10225.0	0.172349
10230.0	0.172000
10235.0	0.171935
10240.0	0.172058
10245.0	0.172242
10250.0	0.172236
10255.0	0.171759
10260.0	0.170529
10265.0	0.168435
10270.0	0.166043
10275.0	0.164089
10280.0	0.163310
10285.0	0.164185
10290.0	0.166170
10295.0	0.168461
10300.0	0.170258
10305.0	0.170962
10310.0	0.170791
10315.0	0.170168
10320.0	0.169514
10325.0	0.169169
10330.0	0.169143
10335.0	0.169364
10340.0	0.169760
10345.0	0.170260
10350.0	0.170793
10355.0	0.171292
10360.0	0.171688
10365.0	0.171900
10370.0	0.171801
10375.0	0.171249
10380.0	0.170104
10385.0	0.168337
10390.0	0.166364
10395.0	0.164712
10400.0	0.163908
10405.0	0.164270
10410.0	0.165280
10415.0	0.166210
10420.0	0.166331
10425.0	0.165195
10430.0	0.163459
10435.0	0.162061
10440.0	0.161936
10445.0	0.163647
10450.0	0.166261
10455.0	0.168471
10460.0	0.168971
10465.0	0.166880
10470.0	0.163021
10475.0	0.158643
10480.0	0.154997
10485.0	0.153072
10490.0	0.152823
10495.0	0.153944
10500.0	0.156128
10505.0	0.158996
10510.0	0.161862
10515.0	0.163965
10520.0	0.164545
10525.0	0.163176
10530.0	0.160769
10535.0	0.158568
10540.0	0.157820
10545.0	0.159353
10550.0	0.162332
10555.0	0.165506
10560.0	0.167623
10565.0	0.167745
10570.0	0.166186
10575.0	0.163572
10580.0	0.160531
10585.0	0.157596
10590.0	0.154929
10595.0	0.152600
10600.0	0.150676
10605.0	0.149197
10610.0	0.148074
10615.0	0.147189
10620.0	0.146423
