#-- b8v
#\*l[Angstrom]	F(\*l)/F(555.6Angstrom]
1150.0	8.812428
1155.0	6.167391
1160.0	4.715561
1165.0	4.557346
1170.0	4.027706
1175.0	3.710251
1180.0	3.672979
1185.0	2.774594
1190.0	1.559010
1195.0	1.061725
1200.0	0.863010
1205.0	0.445760
1210.0	0.229535
1215.0	0.216155
1220.0	0.254010
1225.0	0.483809
1230.0	1.192081
1235.0	2.093713
1240.0	2.976419
1245.0	3.537647
1250.0	3.779929
1255.0	3.714380
1260.0	3.179753
1265.0	3.424536
1270.0	4.316565
1275.0	4.567637
1280.0	4.852520
1285.0	5.028935
1290.0	4.810798
1295.0	4.422797
1300.0	3.773776
1305.0	3.294207
1310.0	3.917732
1315.0	5.151247
1320.0	5.518323
1325.0	5.263555
1330.0	4.815670
1335.0	4.562165
1340.0	5.236618
1345.0	5.553298
1350.0	5.308022
1355.0	5.268887
1360.0	5.096358
1365.0	4.828528
1370.0	4.806313
1375.0	4.927198
1380.0	4.988113
1385.0	4.967805
1390.0	4.988962
1395.0	4.855275
1400.0	4.925387
1405.0	4.798651
1410.0	4.667179
1415.0	4.744822
1420.0	4.797952
1425.0	4.924076
1430.0	4.850498
1435.0	4.759202
1440.0	4.947818
1445.0	5.139431
1450.0	5.324354
1455.0	5.405449
1460.0	5.330183
1465.0	5.153117
1470.0	5.052991
1475.0	5.008876
1480.0	4.945396
1485.0	4.923493
1490.0	5.089139
1495.0	5.288529
1500.0	5.369017
1505.0	5.041369
1510.0	4.821732
1515.0	4.884880
1520.0	4.942103
1525.0	4.725577
1530.0	4.495641
1535.0	4.543299
1540.0	4.901769
1545.0	4.945507
1550.0	4.757374
1555.0	4.634947
1560.0	4.439932
1565.0	4.400276
1570.0	4.442527
1575.0	4.435236
1580.0	4.481184
1585.0	4.488577
1590.0	4.472840
1595.0	4.444927
1600.0	4.299520
1605.0	4.127983
1610.0	4.142284
1615.0	4.171114
1620.0	4.136080
1625.0	4.096307
1630.0	4.097360
1635.0	4.058544
1640.0	3.958416
1645.0	3.942535
1650.0	3.896525
1655.0	3.732743
1660.0	3.751202
1665.0	3.852310
1670.0	3.747429
1675.0	3.739964
1680.0	3.851405
1685.0	3.870361
1690.0	3.887115
1695.0	3.935157
1700.0	3.912316
1705.0	3.791790
1710.0	3.738036
1715.0	3.622535
1720.0	3.539893
1725.0	3.494502
1730.0	3.539825
1735.0	3.623379
1740.0	3.704800
1745.0	3.730980
1750.0	3.750655
1755.0	3.788056
1760.0	3.639970
1765.0	3.555390
1770.0	3.590723
1775.0	3.612492
1780.0	3.573114
1785.0	3.265473
1790.0	3.141264
1795.0	3.577003
1800.0	3.724779
1805.0	3.713564
1810.0	3.708950
1815.0	3.708344
1820.0	3.678937
1825.0	3.600761
1830.0	3.534653
1835.0	3.501604
1840.0	3.453778
1845.0	3.391884
1850.0	3.311251
1855.0	3.221830
1860.0	3.214105
1865.0	3.296146
1870.0	3.395254
1875.0	3.427744
1880.0	3.372869
1885.0	3.286610
1890.0	3.230502
1895.0	3.229020
1900.0	3.246016
1905.0	3.206280
1910.0	3.156994
1915.0	3.123067
1920.0	3.132881
1925.0	3.140084
1930.0	3.156425
1935.0	3.211037
1940.0	3.220200
1945.0	3.234959
1950.0	3.195815
1955.0	3.080716
1960.0	3.023171
1965.0	3.041502
1970.0	3.005060
1975.0	3.068569
1980.0	3.105919
1985.0	3.084626
1990.0	3.052121
1995.0	2.935009
2000.0	2.895565
2005.0	2.944070
2010.0	2.910051
2015.0	2.901417
2020.0	2.925854
2025.0	2.904773
2030.0	2.869478
2035.0	2.828075
2040.0	2.834707
2045.0	2.851130
2050.0	2.928317
2055.0	2.892254
2060.0	2.734667
2065.0	2.743331
2070.0	2.730439
2075.0	2.807245
2080.0	2.857886
2085.0	2.803126
2090.0	2.824564
2095.0	2.792799
2100.0	2.694023
2105.0	2.631043
2110.0	2.665065
2115.0	2.705478
2120.0	2.665120
2125.0	2.671198
2130.0	2.716375
2135.0	2.578115
2140.0	2.489666
2145.0	2.505989
2150.0	2.531514
2155.0	2.625737
2160.0	2.565375
2165.0	2.446628
2170.0	2.372672
2175.0	2.364653
2180.0	2.370203
2185.0	2.423297
2190.0	2.477057
2195.0	2.488415
2200.0	2.454274
2205.0	2.376944
2210.0	2.309668
2215.0	2.258557
2220.0	2.258657
2225.0	2.258162
2230.0	2.143321
2235.0	2.249133
2240.0	2.306924
2245.0	2.214968
2250.0	2.171792
2255.0	2.216042
2260.0	2.211225
2265.0	2.190758
2270.0	2.195214
2275.0	2.317105
2280.0	2.398705
2285.0	2.276968
2290.0	2.270036
2295.0	2.289646
2300.0	2.256342
2305.0	2.255525
2310.0	2.165802
2315.0	2.175349
2320.0	2.173585
2325.0	2.159663
2330.0	2.083771
2335.0	2.061994
2340.0	2.023670
2345.0	1.971175
2350.0	2.001558
2355.0	2.017327
2360.0	2.079232
2365.0	2.033424
2370.0	2.047061
2375.0	2.045647
2380.0	1.947506
2385.0	1.854615
2390.0	1.846601
2395.0	1.879629
2400.0	1.899134
2405.0	1.922323
2410.0	1.857445
2415.0	1.907237
2420.0	1.980163
2425.0	1.953243
2430.0	1.991122
2435.0	1.950140
2440.0	1.934614
2445.0	1.982210
2450.0	1.998564
2455.0	2.046088
2460.0	2.069074
2465.0	2.054247
2470.0	1.982183
2475.0	1.923599
2480.0	1.940809
2485.0	1.997477
2490.0	1.962035
2495.0	1.960430
2500.0	2.058428
2505.0	2.096335
2510.0	2.004116
2515.0	1.993046
2520.0	1.961665
2525.0	1.888846
2530.0	1.927157
2535.0	1.957394
2540.0	1.900590
2545.0	1.889159
2550.0	1.902898
2555.0	1.934354
2560.0	1.935545
2565.0	1.952353
2570.0	2.020809
2575.0	2.026719
2580.0	1.797967
2585.0	1.720912
2590.0	1.889328
2595.0	2.006838
2600.0	1.997688
2605.0	1.929899
2610.0	1.898495
2615.0	1.918747
2620.0	1.969400
2625.0	1.965911
2630.0	1.905583
2635.0	1.922887
2640.0	1.959981
2645.0	1.982432
2650.0	2.032844
2655.0	2.024024
2660.0	1.986029
2665.0	1.934622
2670.0	1.877588
2675.0	1.911473
2680.0	1.970839
2685.0	2.005542
2690.0	1.985835
2695.0	1.905826
2700.0	1.828700
2705.0	1.833359
2710.0	1.837872
2715.0	1.835060
2720.0	1.846869
2725.0	1.831535
2730.0	1.828527
2735.0	1.845137
2740.0	1.831841
2745.0	1.777123
2750.0	1.769730
2755.0	1.763854
2760.0	1.766931
2765.0	1.792847
2770.0	1.760240
2775.0	1.757679
2780.0	1.798761
2785.0	1.769072
2790.0	1.773197
2795.0	1.774599
2800.0	1.672210
2805.0	1.658659
2810.0	1.757456
2815.0	1.843436
2820.0	1.881906
2825.0	1.836142
2830.0	1.745348
2835.0	1.717346
2840.0	1.767980
2845.0	1.772230
2850.0	1.787416
2855.0	1.785121
2860.0	1.800235
2865.0	1.776666
2870.0	1.732985
2875.0	1.782351
2880.0	1.757716
2885.0	1.750935
2890.0	1.757325
2895.0	1.776239
2900.0	1.781335
2905.0	1.808654
2910.0	1.815458
2915.0	1.834475
2920.0	1.811264
2925.0	1.745312
2930.0	1.740328
2935.0	1.738310
2940.0	1.691872
2945.0	1.737301
2950.0	1.760576
2955.0	1.802014
2960.0	1.786848
2965.0	1.744155
2970.0	1.724534
2975.0	1.743874
2980.0	1.753065
2985.0	1.741237
2990.0	1.716378
2995.0	1.695544
3000.0	1.702721
3005.0	1.705967
3010.0	1.717651
3015.0	1.696017
3020.0	1.648963
3025.0	1.624167
3030.0	1.625637
3035.0	1.646618
3040.0	1.622803
3045.0	1.635337
3050.0	1.625199
3055.0	1.602376
3060.0	1.603132
3065.0	1.576176
3070.0	1.580930
3075.0	1.592124
3080.0	1.615679
3085.0	1.608113
3090.0	1.620855
3095.0	1.638066
3100.0	1.650147
3105.0	1.601055
3110.0	1.582490
3115.0	1.610951
3120.0	1.629673
3125.0	1.660551
3130.0	1.648324
3135.0	1.638822
3140.0	1.606976
3145.0	1.600142
3150.0	1.638815
3155.0	1.646586
3160.0	1.595652
3165.0	1.598779
3170.0	1.623397
3175.0	1.629755
3180.0	1.590309
3185.0	1.582792
3190.0	1.601071
3195.0	1.620802
3200.0	1.629497
3205.0	1.624157
3210.0	1.608754
3215.0	1.598237
3220.0	1.584623
3225.0	1.560263
3230.0	1.541772
3235.0	1.543933
3240.0	1.549947
3245.0	1.542632
3250.0	1.534852
3255.0	1.540574
3260.0	1.548138
3265.0	1.544964
3270.0	1.540436
3275.0	1.542916
3280.0	1.534716
3285.0	1.503249
3290.0	1.482360
3295.0	1.501045
3300.0	1.522460
3305.0	1.509895
3310.0	1.493022
3315.0	1.504757
3320.0	1.524617
3325.0	1.526658
3330.0	1.516492
3335.0	1.504873
3340.0	1.491587
3345.0	1.476882
3350.0	1.473854
3355.0	1.490702
3360.0	1.503187
3365.0	1.489650
3370.0	1.471191
3375.0	1.470514
3380.0	1.473985
3385.0	1.465341
3390.0	1.454146
3395.0	1.451570
3400.0	1.449403
3405.0	1.439161
3410.0	1.430653
3415.0	1.433529
3420.0	1.438497
3425.0	1.434538
3430.0	1.422671
3435.0	1.408153
3440.0	1.401149
3445.0	1.408237
3450.0	1.416738
3455.0	1.413538
3460.0	1.403048
3465.0	1.393075
3470.0	1.387489
3475.0	1.386871
3480.0	1.382592
3485.0	1.368466
3490.0	1.357291
3495.0	1.361288
3500.0	1.371379
3505.0	1.375960
3510.0	1.374627
3515.0	1.370420
3520.0	1.368953
3525.0	1.372894
3530.0	1.370536
3535.0	1.353239
3540.0	1.338989
3545.0	1.343323
3550.0	1.345340
3555.0	1.325431
3560.0	1.305590
3565.0	1.308798
3570.0	1.320364
3575.0	1.322251
3580.0	1.320694
3585.0	1.324997
3590.0	1.332434
3595.0	1.336923
3600.0	1.330960
3605.0	1.310897
3610.0	1.289916
3615.0	1.281261
3620.0	1.281585
3625.0	1.283679
3630.0	1.281487
3635.0	1.272170
3640.0	1.264617
3645.0	1.266036
3650.0	1.265194
3655.0	1.251389
3660.0	1.234478
3665.0	1.226470
3670.0	1.227418
3675.0	1.233317
3680.0	1.235882
3685.0	1.229870
3690.0	1.226460
3695.0	1.237108
3700.0	1.257948
3705.0	1.283008
3710.0	1.313211
3715.0	1.348071
3720.0	1.374559
3725.0	1.387630
3730.0	1.426708
3735.0	1.521896
3740.0	1.621557
3745.0	1.675393
3750.0	1.720219
3755.0	1.791010
3760.0	1.828286
3765.0	1.783862
3770.0	1.749190
3775.0	1.817992
3780.0	1.953420
3785.0	2.079698
3790.0	2.095914
3795.0	1.955097
3800.0	1.851188
3805.0	1.969094
3810.0	2.216685
3815.0	2.436583
3820.0	2.487459
3825.0	2.292719
3830.0	2.018673
3835.0	1.862809
3840.0	1.904430
3845.0	2.149580
3850.0	2.429438
3855.0	2.580328
3860.0	2.633997
3865.0	2.653657
3870.0	2.632928
3875.0	2.546368
3880.0	2.361863
3885.0	2.086754
3890.0	1.892842
3895.0	1.937802
3900.0	2.158329
3905.0	2.435451
3910.0	2.648509
3915.0	2.715254
3920.0	2.708762
3925.0	2.717061
3930.0	2.732672
3935.0	2.734255
3940.0	2.740522
3945.0	2.763971
3950.0	2.752183
3955.0	2.646441
3960.0	2.427752
3965.0	2.124558
3970.0	1.915328
3975.0	1.960026
3980.0	2.194589
3985.0	2.495583
3990.0	2.726136
3995.0	2.788952
4000.0	2.758465
4005.0	2.728539
4010.0	2.699011
4015.0	2.654600
4020.0	2.613579
4025.0	2.595463
4030.0	2.591195
4035.0	2.588356
4040.0	2.589643
4045.0	2.598329
4050.0	2.604879
4055.0	2.600023
4060.0	2.588347
4065.0	2.576381
4070.0	2.564549
4075.0	2.549730
4080.0	2.520715
4085.0	2.456066
4090.0	2.301506
4095.0	2.037987
4100.0	1.820209
4105.0	1.802465
4110.0	1.963669
4115.0	2.223433
4120.0	2.439528
4125.0	2.499374
4130.0	2.470824
4135.0	2.445579
4140.0	2.430310
4145.0	2.413895
4150.0	2.399050
4155.0	2.389659
4160.0	2.380450
4165.0	2.366469
4170.0	2.353194
4175.0	2.346098
4180.0	2.340196
4185.0	2.330448
4190.0	2.322060
4195.0	2.319990
4200.0	2.317961
4205.0	2.310333
4210.0	2.305234
4215.0	2.309562
4220.0	2.311521
4225.0	2.299986
4230.0	2.285199
4235.0	2.278948
4240.0	2.277840
4245.0	2.275502
4250.0	2.268829
4255.0	2.256528
4260.0	2.241312
4265.0	2.226104
4270.0	2.210668
4275.0	2.194639
4280.0	2.180286
4285.0	2.170141
4290.0	2.165141
4295.0	2.164240
4300.0	2.160052
4305.0	2.148294
4310.0	2.143445
4315.0	2.152266
4320.0	2.131892
4325.0	2.037847
4330.0	1.868847
4335.0	1.656654
4340.0	1.522018
4345.0	1.566848
4350.0	1.728686
4355.0	1.910914
4360.0	2.044618
4365.0	2.086817
4370.0	2.070555
4375.0	2.040479
4380.0	2.011619
4385.0	1.990424
4390.0	1.978626
4395.0	1.975400
4400.0	1.974389
4405.0	1.969634
4410.0	1.962295
4415.0	1.954557
4420.0	1.945587
4425.0	1.934639
4430.0	1.924328
4435.0	1.917251
4440.0	1.912562
4445.0	1.909194
4450.0	1.908616
4455.0	1.910489
4460.0	1.904686
4465.0	1.883014
4470.0	1.854786
4475.0	1.832468
4480.0	1.823624
4485.0	1.831177
4490.0	1.844376
4495.0	1.851589
4500.0	1.851313
4505.0	1.844788
4510.0	1.834078
4515.0	1.822428
4520.0	1.816976
4525.0	1.822240
4530.0	1.828366
4535.0	1.824842
4540.0	1.812891
4545.0	1.797340
4550.0	1.785698
4555.0	1.783624
4560.0	1.786712
4565.0	1.788549
4570.0	1.784768
4575.0	1.773512
4580.0	1.760921
4585.0	1.753388
4590.0	1.750349
4595.0	1.749499
4600.0	1.748536
4605.0	1.745826
4610.0	1.742400
4615.0	1.739114
4620.0	1.733431
4625.0	1.723794
4630.0	1.715949
4635.0	1.714761
4640.0	1.714252
4645.0	1.708145
4650.0	1.699804
4655.0	1.693950
4660.0	1.691106
4665.0	1.690211
4670.0	1.688084
4675.0	1.682615
4680.0	1.678081
4685.0	1.678008
4690.0	1.676503
4695.0	1.668078
4700.0	1.658284
4705.0	1.653357
4710.0	1.651250
4715.0	1.648672
4720.0	1.645635
4725.0	1.642795
4730.0	1.640053
4735.0	1.637052
4740.0	1.633141
4745.0	1.627737
4750.0	1.620842
4755.0	1.612776
4760.0	1.604576
4765.0	1.597942
4770.0	1.596509
4775.0	1.601754
4780.0	1.604582
4785.0	1.596986
4790.0	1.585875
4795.0	1.579506
4800.0	1.576615
4805.0	1.573649
4810.0	1.567419
4815.0	1.556367
4820.0	1.545102
4825.0	1.538139
4830.0	1.533459
4835.0	1.525489
4840.0	1.500979
4845.0	1.445996
4850.0	1.351566
4855.0	1.225919
4860.0	1.141126
4865.0	1.162283
4870.0	1.262745
4875.0	1.390385
4880.0	1.482904
4885.0	1.497003
4890.0	1.475565
4895.0	1.469057
4900.0	1.472099
4905.0	1.468659
4910.0	1.455945
4915.0	1.436341
4920.0	1.419666
4925.0	1.414268
4930.0	1.415173
4935.0	1.415549
4940.0	1.414469
4945.0	1.411999
4950.0	1.406260
4955.0	1.396623
4960.0	1.389390
4965.0	1.389874
4970.0	1.392485
4975.0	1.390764
4980.0	1.385663
4985.0	1.379663
4990.0	1.373965
4995.0	1.368867
5000.0	1.362349
5005.0	1.352760
5010.0	1.342273
5015.0	1.333524
5020.0	1.327207
5025.0	1.323284
5030.0	1.320724
5035.0	1.317310
5040.0	1.307048
5045.0	1.286756
5050.0	1.268249
5055.0	1.262791
5060.0	1.264438
5065.0	1.265262
5070.0	1.266604
5075.0	1.270772
5080.0	1.274678
5085.0	1.274302
5090.0	1.267309
5095.0	1.253995
5100.0	1.243504
5105.0	1.243496
5110.0	1.246852
5115.0	1.245454
5120.0	1.241986
5125.0	1.240470
5130.0	1.239477
5135.0	1.237059
5140.0	1.234658
5145.0	1.233557
5150.0	1.231023
5155.0	1.224901
5160.0	1.219354
5165.0	1.218123
5170.0	1.216934
5175.0	1.211203
5180.0	1.203108
5185.0	1.196347
5190.0	1.193928
5195.0	1.196805
5200.0	1.198402
5205.0	1.192865
5210.0	1.184779
5215.0	1.179447
5220.0	1.174624
5225.0	1.167437
5230.0	1.160058
5235.0	1.155148
5240.0	1.152288
5245.0	1.150283
5250.0	1.147903
5255.0	1.144442
5260.0	1.141328
5265.0	1.139650
5270.0	1.137001
5275.0	1.131546
5280.0	1.127205
5285.0	1.127207
5290.0	1.126231
5295.0	1.119404
5300.0	1.112172
5305.0	1.109848
5310.0	1.106901
5315.0	1.097901
5320.0	1.088675
5325.0	1.085557
5330.0	1.085672
5335.0	1.084949
5340.0	1.083757
5345.0	1.082803
5350.0	1.079710
5355.0	1.073444
5360.0	1.071421
5365.0	1.079342
5370.0	1.087614
5375.0	1.086427
5380.0	1.080400
5385.0	1.076204
5390.0	1.074287
5395.0	1.072960
5400.0	1.068211
5405.0	1.058801
5410.0	1.056940
5415.0	1.071600
5420.0	1.085364
5425.0	1.081453
5430.0	1.072021
5435.0	1.071090
5440.0	1.071189
5445.0	1.063450
5450.0	1.054887
5455.0	1.053090
5460.0	1.052054
5465.0	1.045166
5470.0	1.036951
5475.0	1.032888
5480.0	1.031130
5485.0	1.028818
5490.0	1.026361
5495.0	1.024703
5500.0	1.023645
5505.0	1.022521
5510.0	1.019933
5515.0	1.015320
5520.0	1.012220
5525.0	1.013413
5530.0	1.014572
5535.0	1.011409
5540.0	1.006920
5545.0	1.004555
5550.0	1.002301
5555.0	0.997919
5560.0	0.993745
5565.0	0.992282
5570.0	0.992154
5575.0	0.991398
5580.0	0.989585
5585.0	0.986978
5590.0	0.985067
5595.0	0.984773
5600.0	0.983506
5605.0	0.978789
5610.0	0.972120
5615.0	0.965863
5620.0	0.961875
5625.0	0.960777
5630.0	0.958751
5635.0	0.952560
5640.0	0.945726
5645.0	0.942338
5650.0	0.941997
5655.0	0.942935
5660.0	0.942400
5665.0	0.938678
5670.0	0.935173
5675.0	0.935205
5680.0	0.936630
5685.0	0.936495
5690.0	0.934097
5695.0	0.929518
5700.0	0.923752
5705.0	0.917882
5710.0	0.912441
5715.0	0.907923
5720.0	0.905228
5725.0	0.904744
5730.0	0.904403
5735.0	0.902224
5740.0	0.899024
5745.0	0.896038
5750.0	0.893379
5755.0	0.890876
5760.0	0.888360
5765.0	0.885698
5770.0	0.882909
5775.0	0.880051
5780.0	0.877180
5785.0	0.874345
5790.0	0.871547
5795.0	0.868782
5800.0	0.866043
5805.0	0.863322
5810.0	0.860615
5815.0	0.857916
5820.0	0.855218
5825.0	0.852517
5830.0	0.849817
5835.0	0.847120
5840.0	0.844431
5845.0	0.841753
5850.0	0.839085
5855.0	0.836425
5860.0	0.833771
5865.0	0.831122
5870.0	0.828480
5875.0	0.825851
5880.0	0.823237
5885.0	0.820641
5890.0	0.818060
5895.0	0.815486
5900.0	0.812914
5905.0	0.810339
5910.0	0.807763
5915.0	0.805190
5920.0	0.802624
5925.0	0.800068
5930.0	0.797530
5935.0	0.795018
5940.0	0.792540
5945.0	0.790094
5950.0	0.787637
5955.0	0.785119
5960.0	0.782488
5965.0	0.779732
5970.0	0.777002
5975.0	0.774488
5980.0	0.772381
5985.0	0.770786
5990.0	0.769477
5995.0	0.768144
6000.0	0.766474
6005.0	0.778568
6010.0	0.774104
6015.0	0.771141
6020.0	0.769376
6025.0	0.766061
6030.0	0.762649
6035.0	0.757264
6040.0	0.754565
6045.0	0.751376
6050.0	0.751030
6055.0	0.752605
6060.0	0.750256
6065.0	0.750088
6070.0	0.750538
6075.0	0.747829
6080.0	0.745519
6085.0	0.747635
6090.0	0.746608
6095.0	0.747256
6100.0	0.747606
6105.0	0.745680
6110.0	0.743634
6115.0	0.739369
6120.0	0.739344
6125.0	0.737441
6130.0	0.732278
6135.0	0.729702
6140.0	0.727161
6145.0	0.721957
6150.0	0.717567
6155.0	0.716711
6160.0	0.714986
6165.0	0.714364
6170.0	0.713513
6175.0	0.710431
6180.0	0.711055
6185.0	0.709903
6190.0	0.708044
6195.0	0.704110
6200.0	0.705017
6205.0	0.701360
6210.0	0.699564
6215.0	0.697562
6220.0	0.696053
6225.0	0.697710
6230.0	0.691809
6235.0	0.690333
6240.0	0.691693
6245.0	0.685436
6250.0	0.682547
6255.0	0.680267
6260.0	0.675488
6265.0	0.676413
6270.0	0.674294
6275.0	0.660240
6280.0	0.660185
6285.0	0.668602
6290.0	0.663419
6295.0	0.660327
6300.0	0.660526
6305.0	0.659996
6310.0	0.661028
6315.0	0.661257
6320.0	0.659825
6325.0	0.659807
6330.0	0.657198
6335.0	0.653028
6340.0	0.650047
6345.0	0.646864
6350.0	0.647314
6355.0	0.646197
6360.0	0.646207
6365.0	0.642920
6370.0	0.640162
6375.0	0.638766
6380.0	0.640640
6385.0	0.640925
6390.0	0.637459
6395.0	0.636196
6400.0	0.635378
6405.0	0.632960
6410.0	0.631173
6415.0	0.627668
6420.0	0.624651
6425.0	0.624015
6430.0	0.626117
6435.0	0.624448
6440.0	0.623308
6445.0	0.621650
6450.0	0.617784
6455.0	0.614359
6460.0	0.614126
6465.0	0.613075
6470.0	0.612306
6475.0	0.610022
6480.0	0.608010
6485.0	0.607063
6490.0	0.604713
6495.0	0.601997
6500.0	0.598350
6505.0	0.598254
6510.0	0.594320
6515.0	0.591635
6520.0	0.589419
6525.0	0.588011
6530.0	0.583453
6535.0	0.578659
6540.0	0.567807
6545.0	0.556529
6550.0	0.535488
6555.0	0.505742
6560.0	0.471296
6565.0	0.474276
6570.0	0.507729
6575.0	0.532673
6580.0	0.546866
6585.0	0.556216
6590.0	0.562462
6595.0	0.567032
6600.0	0.569182
6605.0	0.568771
6610.0	0.568177
6615.0	0.567442
6620.0	0.567156
6625.0	0.564967
6630.0	0.565967
6635.0	0.564631
6640.0	0.563566
6645.0	0.560096
6650.0	0.557800
6655.0	0.558567
6660.0	0.556801
6665.0	0.555464
6670.0	0.553574
6675.0	0.552685
6680.0	0.551236
6685.0	0.551144
6690.0	0.549983
6695.0	0.547434
6700.0	0.548293
6705.0	0.547216
6710.0	0.547109
6715.0	0.547214
6720.0	0.544336
6725.0	0.548342
6730.0	0.543554
6735.0	0.541178
6740.0	0.539452
6745.0	0.537760
6750.0	0.535471
6755.0	0.534804
6760.0	0.534911
6765.0	0.532898
6770.0	0.531449
6775.0	0.532250
6780.0	0.529580
6785.0	0.529002
6790.0	0.530747
6795.0	0.529067
6800.0	0.528477
6805.0	0.529047
6810.0	0.526485
6815.0	0.522841
6820.0	0.521720
6825.0	0.524966
6830.0	0.525918
6835.0	0.525058
6840.0	0.525293
6845.0	0.522850
6850.0	0.518537
6855.0	0.513334
6860.0	0.508174
6865.0	0.503848
6870.0	0.500506
6875.0	0.498137
6880.0	0.496731
6885.0	0.496229
6890.0	0.496369
6895.0	0.496840
6900.0	0.497332
6905.0	0.497596
6910.0	0.497635
6915.0	0.497513
6920.0	0.497297
6925.0	0.497019
6930.0	0.496597
6935.0	0.495914
6940.0	0.494855
6945.0	0.493367
6950.0	0.491642
6955.0	0.489935
6960.0	0.488499
6965.0	0.487498
6970.0	0.486936
6975.0	0.485546
6980.0	0.485039
6985.0	0.482213
6990.0	0.480051
6995.0	0.479784
7000.0	0.478410
7005.0	0.477515
7010.0	0.478940
7015.0	0.478438
7020.0	0.476789
7025.0	0.475054
7030.0	0.475943
7035.0	0.475197
7040.0	0.473012
7045.0	0.473310
7050.0	0.472617
7055.0	0.471720
7060.0	0.470482
7065.0	0.470404
7070.0	0.469761
7075.0	0.468935
7080.0	0.468585
7085.0	0.467174
7090.0	0.465747
7095.0	0.466462
7100.0	0.464267
7105.0	0.463711
7110.0	0.462806
7115.0	0.461684
7120.0	0.459849
7125.0	0.457155
7130.0	0.457212
7135.0	0.455588
7140.0	0.454570
7145.0	0.454750
7150.0	0.454705
7155.0	0.453619
7160.0	0.454272
7165.0	0.453330
7170.0	0.448602
7175.0	0.444690
7180.0	0.443164
7185.0	0.435660
7190.0	0.433069
7195.0	0.432467
7200.0	0.428853
7205.0	0.428779
7210.0	0.432962
7215.0	0.434576
7220.0	0.434345
7225.0	0.432301
7230.0	0.429299
7235.0	0.423668
7240.0	0.423490
7245.0	0.422736
7250.0	0.423594
7255.0	0.421804
7260.0	0.421277
7265.0	0.419975
7270.0	0.421455
7275.0	0.418718
7280.0	0.419810
7285.0	0.422011
7290.0	0.417093
7295.0	0.418147
7300.0	0.417727
7305.0	0.414875
7310.0	0.415685
7315.0	0.416281
7320.0	0.416674
7325.0	0.416749
7330.0	0.414032
7335.0	0.414459
7340.0	0.413600
7345.0	0.412980
7350.0	0.412491
7355.0	0.413249
7360.0	0.411944
7365.0	0.411201
7370.0	0.410700
7375.0	0.410429
7380.0	0.409168
7385.0	0.409171
7390.0	0.408727
7395.0	0.408096
7400.0	0.408440
7405.0	0.407949
7410.0	0.405589
7415.0	0.404355
7420.0	0.404513
7425.0	0.400991
7430.0	0.400965
7435.0	0.401540
7440.0	0.400730
7445.0	0.399369
7450.0	0.398221
7455.0	0.398411
7460.0	0.396230
7465.0	0.393490
7470.0	0.391949
7475.0	0.390381
7480.0	0.388556
7485.0	0.387654
7490.0	0.387094
7495.0	0.385315
7500.0	0.383953
7505.0	0.384075
7510.0	0.383620
7515.0	0.382331
7520.0	0.381570
7525.0	0.380496
7530.0	0.379735
7535.0	0.378285
7540.0	0.377001
7545.0	0.374763
7550.0	0.372400
7555.0	0.370970
7560.0	0.370784
7565.0	0.372166
7570.0	0.374045
7575.0	0.375015
7580.0	0.373669
7585.0	0.369088
7590.0	0.362298
7595.0	0.354809
7600.0	0.348133
7605.0	0.343486
7610.0	0.340908
7615.0	0.340143
7620.0	0.340937
7625.0	0.343006
7630.0	0.345941
7635.0	0.349305
7640.0	0.352661
7645.0	0.355589
7650.0	0.357741
7655.0	0.358787
7660.0	0.358396
7665.0	0.356452
7670.0	0.353701
7675.0	0.351102
7680.0	0.349615
7685.0	0.349906
7690.0	0.351469
7695.0	0.353505
7700.0	0.355214
7705.0	0.355970
7710.0	0.355836
7715.0	0.355052
7720.0	0.353849
7725.0	0.352396
7730.0	0.351369
7735.0	0.349962
7740.0	0.348284
7745.0	0.347712
7750.0	0.346916
7755.0	0.344656
7760.0	0.343571
7765.0	0.342758
7770.0	0.337490
7775.0	0.334516
7780.0	0.338717
7785.0	0.342378
7790.0	0.342409
7795.0	0.343502
7800.0	0.342539
7805.0	0.342359
7810.0	0.341058
7815.0	0.339983
7820.0	0.338949
7825.0	0.337017
7830.0	0.336483
7835.0	0.335506
7840.0	0.334793
7845.0	0.334226
7850.0	0.332915
7855.0	0.331866
7860.0	0.330683
7865.0	0.331741
7870.0	0.331419
7875.0	0.328794
7880.0	0.326666
7885.0	0.327634
7890.0	0.327607
7895.0	0.323900
7900.0	0.322926
7905.0	0.323745
7910.0	0.323547
7915.0	0.322554
7920.0	0.321213
7925.0	0.320817
7930.0	0.320399
7935.0	0.320338
7940.0	0.319898
7945.0	0.319451
7950.0	0.319662
7955.0	0.321474
7960.0	0.320814
7965.0	0.319215
7970.0	0.317649
7975.0	0.315525
7980.0	0.314269
7985.0	0.312457
7990.0	0.313021
7995.0	0.313215
8000.0	0.312369
8005.0	0.310934
8010.0	0.310709
8015.0	0.309526
8020.0	0.308421
8025.0	0.308205
8030.0	0.307790
8035.0	0.307229
8040.0	0.307961
8045.0	0.306944
8050.0	0.307595
8055.0	0.306912
8060.0	0.306817
8065.0	0.306407
8070.0	0.304341
8075.0	0.303815
8080.0	0.303325
8085.0	0.302310
8090.0	0.303272
8095.0	0.304338
8100.0	0.302844
8105.0	0.302521
8110.0	0.303604
8115.0	0.301838
8120.0	0.301575
8125.0	0.301682
8130.0	0.300229
8135.0	0.298281
8140.0	0.297829
8145.0	0.296249
8150.0	0.294251
8155.0	0.292989
8160.0	0.289896
8165.0	0.286875
8170.0	0.290033
8175.0	0.292093
8180.0	0.288281
8185.0	0.291363
8190.0	0.290360
8195.0	0.291116
8200.0	0.292367
8205.0	0.295725
8210.0	0.296307
8215.0	0.294425
8220.0	0.291571
8225.0	0.284790
8230.0	0.276642
8235.0	0.281799
8240.0	0.285539
8245.0	0.286956
8250.0	0.288813
8255.0	0.289382
8260.0	0.289075
8265.0	0.289855
8270.0	0.288193
8275.0	0.284551
8280.0	0.282323
8285.0	0.282426
8290.0	0.282830
8295.0	0.284081
8300.0	0.284212
8305.0	0.283701
8310.0	0.281179
8315.0	0.278555
8320.0	0.274855
8325.0	0.274629
8330.0	0.275217
8335.0	0.275609
8340.0	0.274567
8345.0	0.275778
8350.0	0.276098
8355.0	0.277041
8360.0	0.276423
8365.0	0.275641
8370.0	0.276071
8375.0	0.275076
8380.0	0.274067
8385.0	0.273485
8390.0	0.274437
8395.0	0.274051
8400.0	0.274511
8405.0	0.275343
8410.0	0.274140
8415.0	0.274207
8420.0	0.275263
8425.0	0.274776
8430.0	0.273523
8435.0	0.271428
8440.0	0.269341
8445.0	0.266797
8450.0	0.264364
8455.0	0.265206
8460.0	0.263355
8465.0	0.260833
8470.0	0.262792
8475.0	0.266255
8480.0	0.271184
8485.0	0.273043
8490.0	0.270111
8495.0	0.265012
8500.0	0.259255
8505.0	0.257558
8510.0	0.260307
8515.0	0.262886
8520.0	0.264970
8525.0	0.265957
8530.0	0.264837
8535.0	0.262615
8540.0	0.257423
8545.0	0.252228
8550.0	0.252199
8555.0	0.255857
8560.0	0.259884
8565.0	0.264088
8570.0	0.266127
8575.0	0.266513
8580.0	0.265314
8585.0	0.259664
8590.0	0.250185
8595.0	0.242841
8600.0	0.240668
8605.0	0.246461
8610.0	0.256021
8615.0	0.267318
8620.0	0.273569
8625.0	0.277072
8630.0	0.277704
8635.0	0.277655
8640.0	0.272761
8645.0	0.267013
8650.0	0.260021
8655.0	0.247008
8660.0	0.237471
8665.0	0.228983
8670.0	0.232676
8675.0	0.240745
8680.0	0.247221
8685.0	0.257591
8690.0	0.264806
8695.0	0.270135
8700.0	0.276074
8705.0	0.279674
8710.0	0.281847
8715.0	0.281089
8720.0	0.278331
8725.0	0.269904
8730.0	0.259435
8735.0	0.248610
8740.0	0.235395
8745.0	0.225112
8750.0	0.214753
8755.0	0.217181
8760.0	0.228358
8765.0	0.239601
8770.0	0.249858
8775.0	0.257306
8780.0	0.262450
8785.0	0.262257
8790.0	0.265477
8795.0	0.262319
8800.0	0.262889
8805.0	0.259838
8810.0	0.263270
8815.0	0.263756
8820.0	0.259927
8825.0	0.257571
8830.0	0.253773
8835.0	0.249155
8840.0	0.241238
8845.0	0.234646
8850.0	0.225449
8855.0	0.215982
8860.0	0.206434
8865.0	0.204087
8870.0	0.211293
8875.0	0.220577
8880.0	0.229689
8885.0	0.239004
8890.0	0.241696
8895.0	0.248736
8900.0	0.250519
8905.0	0.253738
8910.0	0.254118
8915.0	0.254290
8920.0	0.253992
8925.0	0.253917
8930.0	0.250893
8935.0	0.251926
8940.0	0.252675
8945.0	0.252575
8950.0	0.252364
8955.0	0.251069
8960.0	0.250130
8965.0	0.246962
8970.0	0.244144
8975.0	0.239827
8980.0	0.237614
8985.0	0.230801
8990.0	0.220719
8995.0	0.218937
9000.0	0.211769
9005.0	0.202216
9010.0	0.195773
9015.0	0.188804
9020.0	0.194048
9025.0	0.205009
9030.0	0.217148
9035.0	0.229466
9040.0	0.238017
9045.0	0.240165
9050.0	0.244843
9055.0	0.246454
9060.0	0.244263
9065.0	0.241578
9070.0	0.236600
9075.0	0.234353
9080.0	0.231000
9085.0	0.230594
9090.0	0.232020
9095.0	0.232890
9100.0	0.236035
9105.0	0.235230
9110.0	0.236383
9115.0	0.236965
9120.0	0.233574
9125.0	0.233721
9130.0	0.227553
9135.0	0.227191
9140.0	0.231254
9145.0	0.231499
9150.0	0.226511
9155.0	0.224818
9160.0	0.227781
9165.0	0.229687
9170.0	0.226261
9175.0	0.226023
9180.0	0.227441
9185.0	0.228175
9190.0	0.226993
9195.0	0.223100
9200.0	0.222086
9205.0	0.220012
9210.0	0.209555
9215.0	0.200720
9220.0	0.191484
9225.0	0.183776
9230.0	0.178569
9235.0	0.182428
9240.0	0.187933
9245.0	0.197106
9250.0	0.203860
9255.0	0.208167
9260.0	0.213417
9265.0	0.216986
9270.0	0.220784
9275.0	0.223583
9280.0	0.222156
9285.0	0.226779
9290.0	0.220276
9295.0	0.219381
9300.0	0.214965
9305.0	0.211874
9310.0	0.205669
9315.0	0.199424
9320.0	0.201521
9325.0	0.200827
9330.0	0.207026
9335.0	0.202849
9340.0	0.199342
9345.0	0.189952
9350.0	0.204690
9355.0	0.193226
9360.0	0.193286
9365.0	0.199224
9370.0	0.200595
9375.0	0.203953
9380.0	0.198558
9385.0	0.219245
9390.0	0.227994
9395.0	0.232656
9400.0	0.233771
9405.0	0.231036
9410.0	0.230588
9415.0	0.223887
9420.0	0.216862
9425.0	0.210061
9430.0	0.192249
9435.0	0.203628
9440.0	0.188132
9445.0	0.191472
9450.0	0.200144
9455.0	0.197524
9460.0	0.202072
9465.0	0.200732
9470.0	0.209563
9475.0	0.209873
9480.0	0.193110
9485.0	0.197657
9490.0	0.207031
9495.0	0.196021
9500.0	0.188177
9505.0	0.199090
9510.0	0.210637
9515.0	0.196688
9520.0	0.182136
9525.0	0.181442
9530.0	0.179363
9535.0	0.174413
9540.0	0.156963
9545.0	0.155818
9550.0	0.153176
9555.0	0.159065
9560.0	0.169340
9565.0	0.176625
9570.0	0.179535
9575.0	0.196102
9580.0	0.192776
9585.0	0.191290
9590.0	0.181364
9595.0	0.182521
9600.0	0.190005
9605.0	0.190760
9610.0	0.191770
9615.0	0.190757
9620.0	0.188448
9625.0	0.186303
9630.0	0.193751
9635.0	0.183629
9640.0	0.182388
9645.0	0.186763
9650.0	0.192518
9655.0	0.189970
9660.0	0.191413
9665.0	0.190103
9670.0	0.198482
9675.0	0.194626
9680.0	0.191024
9685.0	0.192558
9690.0	0.192791
9695.0	0.195752
9700.0	0.191370
9705.0	0.187983
9710.0	0.187512
9715.0	0.184167
9720.0	0.195114
9725.0	0.179366
9730.0	0.187543
9735.0	0.189650
9740.0	0.193370
9745.0	0.185867
9750.0	0.181402
9755.0	0.179895
9760.0	0.179259
9765.0	0.180519
9770.0	0.180773
9775.0	0.184035
9780.0	0.184124
9785.0	0.188920
9790.0	0.180431
9795.0	0.177257
9800.0	0.182226
9805.0	0.184015
9810.0	0.187120
9815.0	0.189944
9820.0	0.190886
9825.0	0.188866
9830.0	0.184869
9835.0	0.180397
9840.0	0.176952
9845.0	0.175667
9850.0	0.176193
9855.0	0.177809
9860.0	0.179795
9865.0	0.181553
9870.0	0.182966
9875.0	0.184040
9880.0	0.184778
9885.0	0.185185
9890.0	0.185256
9895.0	0.184988
9900.0	0.184376
9905.0	0.183442
9910.0	0.182316
9915.0	0.181156
9920.0	0.180117
9925.0	0.179319
9930.0	0.178734
9935.0	0.178295
9940.0	0.177935
9945.0	0.177599
9950.0	0.177270
9955.0	0.176940
9960.0	0.176604
9965.0	0.176275
9970.0	0.176044
9975.0	0.176025
9980.0	0.176328
9985.0	0.176994
9990.0	0.177778
9995.0	0.178366
10000.0	0.178441
10005.0	0.177704
10010.0	0.175926
10015.0	0.172894
10020.0	0.168394
10025.0	0.162444
10030.0	0.155975
10035.0	0.150147
10040.0	0.146120
10045.0	0.144757
10050.0	0.145716
10055.0	0.148359
10060.0	0.152047
10065.0	0.156186
10070.0	0.160376
10075.0	0.164259
10080.0	0.167481
10085.0	0.169759
10090.0	0.171106
10095.0	0.171609
10100.0	0.171352
10105.0	0.170435
10110.0	0.169013
10115.0	0.167253
10120.0	0.165322
10125.0	0.163420
10130.0	0.161869
10135.0	0.161026
10140.0	0.161245
10145.0	0.162669
10150.0	0.164597
10155.0	0.166114
10160.0	0.166307
10165.0	0.164576
10170.0	0.161568
10175.0	0.158248
10180.0	0.155576
10185.0	0.154293
10190.0	0.154246
10195.0	0.155057
10200.0	0.156351
10205.0	0.157749
10210.0	0.158869
10215.0	0.159324
10220.0	0.158730
10225.0	0.156932
10230.0	0.154700
10235.0	0.153036
10240.0	0.152941
10245.0	0.155017
10250.0	0.158269
10255.0	0.161306
10260.0	0.162732
10265.0	0.161583
10270.0	0.158603
10275.0	0.154964
10280.0	0.151840
10285.0	0.150130
10290.0	0.149647
10295.0	0.149933
10300.0	0.150529
10305.0	0.151058
10310.0	0.151470
10315.0	0.151798
10320.0	0.152074
10325.0	0.152326
10330.0	0.152562
10335.0	0.152787
10340.0	0.153005
10345.0	0.153221
10350.0	0.153445
10355.0	0.153686
10360.0	0.153956
10365.0	0.154251
10370.0	0.154523
10375.0	0.154712
10380.0	0.154756
10385.0	0.154587
10390.0	0.154103
10395.0	0.153195
10400.0	0.151754
10405.0	0.149780
10410.0	0.147714
10415.0	0.146104
10420.0	0.145502
10425.0	0.146246
10430.0	0.147833
10435.0	0.149548
10440.0	0.150678
10445.0	0.150706
10450.0	0.149914
10455.0	0.148778
10460.0	0.147779
10465.0	0.147265
10470.0	0.147070
10475.0	0.146901
10480.0	0.146462
10485.0	0.145554
10490.0	0.144356
10495.0	0.143140
10500.0	0.142182
10505.0	0.141654
10510.0	0.141324
10515.0	0.140859
10520.0	0.139926
10525.0	0.138358
10530.0	0.136641
10535.0	0.135428
10540.0	0.135370
10545.0	0.136859
10550.0	0.139236
10555.0	0.141586
10560.0	0.142988
10565.0	0.142790
10570.0	0.141392
10575.0	0.139460
10580.0	0.137660
10585.0	0.136516
10590.0	0.135998
10595.0	0.135936
10600.0	0.136159
10605.0	0.136521
10610.0	0.136969
10615.0	0.137475
10620.0	0.138010
