#-- b9v
#\*l[Angstrom]	F(\*l)/F(555.6Angstrom]
1150.0	0.927123
1155.0	1.120459
1160.0	0.959391
1165.0	0.634904
1170.0	0.527168
1175.0	0.458278
1180.0	0.404314
1185.0	0.292671
1190.0	0.000000
1195.0	0.076547
1200.0	0.151927
1205.0	0.119575
1210.0	0.120516
1215.0	0.074111
1220.0	0.081627
1225.0	0.123573
1230.0	0.161863
1235.0	0.190467
1240.0	0.240215
1245.0	0.378354
1250.0	0.561410
1255.0	0.700569
1260.0	0.608541
1265.0	0.766182
1270.0	1.183433
1275.0	1.270464
1280.0	1.563080
1285.0	1.858942
1290.0	1.802841
1295.0	1.773047
1300.0	1.536679
1305.0	1.216173
1310.0	1.447323
1315.0	2.034999
1320.0	2.348815
1325.0	2.297984
1330.0	2.139876
1335.0	1.957943
1340.0	2.472491
1345.0	2.709998
1350.0	2.501105
1355.0	2.401984
1360.0	2.367673
1365.0	2.221725
1370.0	2.175252
1375.0	2.309550
1380.0	2.370573
1385.0	2.430576
1390.0	2.431360
1395.0	2.305964
1400.0	2.360247
1405.0	2.356357
1410.0	2.219330
1415.0	2.264119
1420.0	2.449096
1425.0	2.578576
1430.0	2.484090
1435.0	2.290850
1440.0	2.510709
1445.0	2.738230
1450.0	2.801205
1455.0	2.901477
1460.0	2.863502
1465.0	2.766492
1470.0	2.667205
1475.0	2.669602
1480.0	2.757847
1485.0	2.801045
1490.0	2.918652
1495.0	2.953266
1500.0	3.057512
1505.0	2.884897
1510.0	2.655377
1515.0	2.723706
1520.0	2.899866
1525.0	2.817368
1530.0	2.625199
1535.0	2.554242
1540.0	2.780679
1545.0	2.820248
1550.0	2.626234
1555.0	2.570123
1560.0	2.417434
1565.0	2.378498
1570.0	2.351044
1575.0	2.383258
1580.0	2.568326
1585.0	2.594193
1590.0	2.579848
1595.0	2.588771
1600.0	2.619822
1605.0	2.521013
1610.0	2.396642
1615.0	2.370305
1620.0	2.339907
1625.0	2.293580
1630.0	2.233958
1635.0	2.117863
1640.0	2.136011
1645.0	2.241941
1650.0	2.237118
1655.0	2.077422
1660.0	1.980758
1665.0	2.261193
1670.0	2.224841
1675.0	2.076871
1680.0	2.189521
1685.0	2.224811
1690.0	2.235638
1695.0	2.235649
1700.0	2.205753
1705.0	2.159869
1710.0	2.091252
1715.0	2.131488
1720.0	2.105781
1725.0	2.065412
1730.0	2.239982
1735.0	2.277680
1740.0	2.280993
1745.0	2.327528
1750.0	2.311203
1755.0	2.386480
1760.0	2.365015
1765.0	2.259413
1770.0	2.285792
1775.0	2.273702
1780.0	2.314730
1785.0	2.240282
1790.0	1.980487
1795.0	2.269411
1800.0	2.443369
1805.0	2.414014
1810.0	2.404579
1815.0	2.415279
1820.0	2.377027
1825.0	2.323042
1830.0	2.264283
1835.0	2.238892
1840.0	2.205733
1845.0	2.151432
1850.0	2.120483
1855.0	2.063352
1860.0	2.032299
1865.0	2.080516
1870.0	2.206028
1875.0	2.232133
1880.0	2.207038
1885.0	2.195598
1890.0	2.170747
1895.0	2.119466
1900.0	2.091779
1905.0	2.090318
1910.0	2.098635
1915.0	2.099448
1920.0	2.079195
1925.0	2.052328
1930.0	2.097020
1935.0	2.118768
1940.0	2.175116
1945.0	2.253042
1950.0	2.243042
1955.0	2.159553
1960.0	2.070219
1965.0	2.079752
1970.0	2.136592
1975.0	2.175741
1980.0	2.177584
1985.0	2.177164
1990.0	2.157211
1995.0	2.031068
2000.0	1.993956
2005.0	2.002207
2010.0	1.977350
2015.0	1.921288
2020.0	1.920034
2025.0	2.000070
2030.0	1.993748
2035.0	1.972902
2040.0	1.980469
2045.0	1.959330
2050.0	1.990105
2055.0	1.991480
2060.0	1.886146
2065.0	1.790622
2070.0	1.889028
2075.0	1.983761
2080.0	2.062375
2085.0	2.043026
2090.0	2.022896
2095.0	1.948348
2100.0	1.841725
2105.0	1.843222
2110.0	1.856240
2115.0	1.900797
2120.0	1.924881
2125.0	1.836822
2130.0	1.827254
2135.0	1.745654
2140.0	1.647254
2145.0	1.740814
2150.0	1.813271
2155.0	1.791593
2160.0	1.798062
2165.0	1.667761
2170.0	1.602169
2175.0	1.594334
2180.0	1.642485
2185.0	1.707299
2190.0	1.740047
2195.0	1.779359
2200.0	1.752928
2205.0	1.667339
2210.0	1.552564
2215.0	1.437873
2220.0	1.426252
2225.0	1.484753
2230.0	1.489253
2235.0	1.554654
2240.0	1.596815
2245.0	1.527630
2250.0	1.432952
2255.0	1.434852
2260.0	1.499012
2265.0	1.505962
2270.0	1.465863
2275.0	1.608766
2280.0	1.673311
2285.0	1.657889
2290.0	1.596619
2295.0	1.547882
2300.0	1.486436
2305.0	1.511676
2310.0	1.544159
2315.0	1.456996
2320.0	1.475665
2325.0	1.508177
2330.0	1.437608
2335.0	1.429937
2340.0	1.345056
2345.0	1.325930
2350.0	1.364963
2355.0	1.381124
2360.0	1.360200
2365.0	1.320178
2370.0	1.392278
2375.0	1.363307
2380.0	1.256900
2385.0	1.223262
2390.0	1.247279
2395.0	1.261161
2400.0	1.253065
2405.0	1.287114
2410.0	1.244001
2415.0	1.239106
2420.0	1.344982
2425.0	1.406666
2430.0	1.416974
2435.0	1.405202
2440.0	1.366242
2445.0	1.400251
2450.0	1.427567
2455.0	1.463753
2460.0	1.477212
2465.0	1.449624
2470.0	1.427071
2475.0	1.358329
2480.0	1.374187
2485.0	1.389953
2490.0	1.347309
2495.0	1.359506
2500.0	1.480031
2505.0	1.466283
2510.0	1.409845
2515.0	1.373288
2520.0	1.368362
2525.0	1.267928
2530.0	1.245738
2535.0	1.292842
2540.0	1.276806
2545.0	1.255540
2550.0	1.301414
2555.0	1.371667
2560.0	1.377476
2565.0	1.365618
2570.0	1.461575
2575.0	1.481396
2580.0	1.203151
2585.0	1.144600
2590.0	1.304995
2595.0	1.373314
2600.0	1.398575
2605.0	1.341088
2610.0	1.305511
2615.0	1.342171
2620.0	1.336290
2625.0	1.375131
2630.0	1.369207
2635.0	1.398057
2640.0	1.511759
2645.0	1.546848
2650.0	1.538950
2655.0	1.548073
2660.0	1.477394
2665.0	1.405797
2670.0	1.371097
2675.0	1.432125
2680.0	1.520025
2685.0	1.580819
2690.0	1.519579
2695.0	1.433209
2700.0	1.395381
2705.0	1.388616
2710.0	1.374792
2715.0	1.340213
2720.0	1.350961
2725.0	1.326148
2730.0	1.348863
2735.0	1.392830
2740.0	1.330525
2745.0	1.257027
2750.0	1.247158
2755.0	1.258915
2760.0	1.309865
2765.0	1.321667
2770.0	1.346787
2775.0	1.434688
2780.0	1.425620
2785.0	1.386743
2790.0	1.354401
2795.0	1.266464
2800.0	1.218582
2805.0	1.309440
2810.0	1.426512
2815.0	1.461177
2820.0	1.471002
2825.0	1.413173
2830.0	1.344050
2835.0	1.353637
2840.0	1.406311
2845.0	1.390109
2850.0	1.315075
2855.0	1.289183
2860.0	1.340935
2865.0	1.357073
2870.0	1.350650
2875.0	1.369857
2880.0	1.402920
2885.0	1.417376
2890.0	1.400106
2895.0	1.403414
2900.0	1.396641
2905.0	1.383671
2910.0	1.404750
2915.0	1.436572
2920.0	1.459419
2925.0	1.426233
2930.0	1.406015
2935.0	1.391001
2940.0	1.382735
2945.0	1.377053
2950.0	1.331766
2955.0	1.402975
2960.0	1.465990
2965.0	1.432802
2970.0	1.402813
2975.0	1.421190
2980.0	1.437380
2985.0	1.377513
2990.0	1.375994
2995.0	1.355696
3000.0	1.385724
3005.0	1.345470
3010.0	1.368202
3015.0	1.334490
3020.0	1.298190
3025.0	1.283448
3030.0	1.288913
3035.0	1.311743
3040.0	1.277675
3045.0	1.293188
3050.0	1.294592
3055.0	1.316757
3060.0	1.312259
3065.0	1.275926
3070.0	1.285342
3075.0	1.299203
3080.0	1.356474
3085.0	1.353001
3090.0	1.305546
3095.0	1.277808
3100.0	1.305073
3105.0	1.322387
3110.0	1.296193
3115.0	1.302955
3120.0	1.348566
3125.0	1.360798
3130.0	1.322107
3135.0	1.314275
3140.0	1.374279
3145.0	1.388246
3150.0	1.324141
3155.0	1.319524
3160.0	1.323826
3165.0	1.358002
3170.0	1.357102
3175.0	1.333253
3180.0	1.310745
3185.0	1.302458
3190.0	1.306499
3195.0	1.293156
3200.0	1.294773
3205.0	1.336049
3210.0	1.366110
3215.0	1.336654
3220.0	1.285231
3225.0	1.261786
3230.0	1.279977
3235.0	1.332229
3240.0	1.362309
3245.0	1.326422
3250.0	1.279185
3255.0	1.279903
3260.0	1.308227
3265.0	1.329329
3270.0	1.330117
3275.0	1.308447
3280.0	1.284221
3285.0	1.276790
3290.0	1.281270
3295.0	1.288127
3300.0	1.293465
3305.0	1.294564
3310.0	1.287778
3315.0	1.272529
3320.0	1.261440
3325.0	1.265534
3330.0	1.276227
3335.0	1.281278
3340.0	1.273417
3345.0	1.251618
3350.0	1.234868
3355.0	1.239478
3360.0	1.251040
3365.0	1.253188
3370.0	1.252447
3375.0	1.258066
3380.0	1.267313
3385.0	1.274874
3390.0	1.277078
3395.0	1.272112
3400.0	1.263938
3405.0	1.257682
3410.0	1.257347
3415.0	1.264155
3420.0	1.269329
3425.0	1.263550
3430.0	1.245336
3435.0	1.218869
3440.0	1.203153
3445.0	1.212386
3450.0	1.226719
3455.0	1.225564
3460.0	1.219420
3465.0	1.221165
3470.0	1.222126
3475.0	1.212879
3480.0	1.202568
3485.0	1.200933
3490.0	1.201542
3495.0	1.197376
3500.0	1.195253
3505.0	1.201728
3510.0	1.208492
3515.0	1.206354
3520.0	1.197468
3525.0	1.187516
3530.0	1.184938
3535.0	1.194256
3540.0	1.201556
3545.0	1.194032
3550.0	1.181719
3555.0	1.176413
3560.0	1.174099
3565.0	1.168934
3570.0	1.163561
3575.0	1.161352
3580.0	1.160092
3585.0	1.157243
3590.0	1.154563
3595.0	1.153938
3600.0	1.153483
3605.0	1.151267
3610.0	1.148934
3615.0	1.148325
3620.0	1.148482
3625.0	1.147699
3630.0	1.144056
3635.0	1.136849
3640.0	1.130437
3645.0	1.129118
3650.0	1.131884
3655.0	1.137042
3660.0	1.145471
3665.0	1.156601
3670.0	1.161500
3675.0	1.153462
3680.0	1.143059
3685.0	1.141489
3690.0	1.145183
3695.0	1.149083
3700.0	1.156950
3705.0	1.241486
3710.0	1.276160
3715.0	1.322458
3720.0	1.360309
3725.0	1.375747
3730.0	1.374387
3735.0	1.376462
3740.0	1.408113
3745.0	1.477136
3750.0	1.550797
3755.0	1.592055
3760.0	1.593356
3765.0	1.578264
3770.0	1.616704
3775.0	1.747654
3780.0	1.879178
3785.0	1.906388
3790.0	1.829556
3795.0	1.713356
3800.0	1.691312
3805.0	1.857373
3810.0	2.106182
3815.0	2.273842
3820.0	2.261522
3825.0	2.049789
3830.0	1.781513
3835.0	1.634573
3840.0	1.688525
3845.0	1.935730
3850.0	2.232045
3855.0	2.425780
3860.0	2.507712
3865.0	2.508869
3870.0	2.408991
3875.0	2.197438
3880.0	1.936015
3885.0	1.708692
3890.0	1.615267
3895.0	1.721368
3900.0	1.953663
3905.0	2.201820
3910.0	2.401508
3915.0	2.513242
3920.0	2.534657
3925.0	2.496209
3930.0	2.453038
3935.0	2.448128
3940.0	2.478594
3945.0	2.502234
3950.0	2.433335
3955.0	2.216469
3960.0	1.915409
3965.0	1.647026
3970.0	1.536579
3975.0	1.656026
3980.0	1.922010
3985.0	2.202887
3990.0	2.418760
3995.0	2.533585
4000.0	2.563712
4005.0	2.551064
4010.0	2.534429
4015.0	2.531944
4020.0	2.535815
4025.0	2.534824
4030.0	2.530654
4035.0	2.532943
4040.0	2.542235
4045.0	2.549203
4050.0	2.547821
4055.0	2.534012
4060.0	2.499917
4065.0	2.450032
4070.0	2.408399
4075.0	2.378841
4080.0	2.309540
4085.0	2.148773
4090.0	1.907638
4095.0	1.646939
4100.0	1.486462
4105.0	1.521318
4110.0	1.707228
4115.0	1.945789
4120.0	2.150771
4125.0	2.265303
4130.0	2.304281
4135.0	2.311827
4140.0	2.316083
4145.0	2.327777
4150.0	2.341213
4155.0	2.344099
4160.0	2.333030
4165.0	2.314366
4170.0	2.295045
4175.0	2.281282
4180.0	2.280495
4185.0	2.292897
4190.0	2.305568
4195.0	2.307264
4200.0	2.298112
4205.0	2.283373
4210.0	2.270153
4215.0	2.262345
4220.0	2.256431
4225.0	2.247765
4230.0	2.237072
4235.0	2.228254
4240.0	2.223601
4245.0	2.223220
4250.0	2.224127
4255.0	2.219636
4260.0	2.203831
4265.0	2.178164
4270.0	2.155309
4275.0	2.147367
4280.0	2.146703
4285.0	2.137476
4290.0	2.118670
4295.0	2.095016
4300.0	2.065117
4305.0	2.032809
4310.0	2.007713
4315.0	1.980669
4320.0	1.904096
4325.0	1.740870
4330.0	1.529588
4335.0	1.345915
4340.0	1.268235
4345.0	1.345062
4350.0	1.530030
4355.0	1.737269
4360.0	1.898065
4365.0	1.972715
4370.0	1.980724
4375.0	1.965792
4380.0	1.952075
4385.0	1.948286
4390.0	1.960594
4395.0	1.984128
4400.0	1.993790
4405.0	1.975760
4410.0	1.952094
4415.0	1.946177
4420.0	1.950899
4425.0	1.950881
4430.0	1.945036
4435.0	1.937002
4440.0	1.927790
4445.0	1.918732
4450.0	1.909813
4455.0	1.898785
4460.0	1.882874
4465.0	1.861581
4470.0	1.840119
4475.0	1.825720
4480.0	1.824055
4485.0	1.836121
4490.0	1.853207
4495.0	1.865313
4500.0	1.868185
4505.0	1.861236
4510.0	1.849043
4515.0	1.836723
4520.0	1.825675
4525.0	1.817021
4530.0	1.811715
4535.0	1.809099
4540.0	1.806279
4545.0	1.799782
4550.0	1.790843
4555.0	1.783049
4560.0	1.778336
4565.0	1.777452
4570.0	1.776658
4575.0	1.771357
4580.0	1.762641
4585.0	1.753817
4590.0	1.749109
4595.0	1.750395
4600.0	1.750458
4605.0	1.742576
4610.0	1.731663
4615.0	1.724822
4620.0	1.721034
4625.0	1.717467
4630.0	1.717754
4635.0	1.723508
4640.0	1.724196
4645.0	1.712650
4650.0	1.699564
4655.0	1.694969
4660.0	1.692345
4665.0	1.684007
4670.0	1.676465
4675.0	1.678192
4680.0	1.684612
4685.0	1.687536
4690.0	1.685632
4695.0	1.678273
4700.0	1.662683
4705.0	1.641798
4710.0	1.629230
4715.0	1.634330
4720.0	1.644580
4725.0	1.643991
4730.0	1.636606
4735.0	1.631131
4740.0	1.626760
4745.0	1.621144
4750.0	1.611760
4755.0	1.597028
4760.0	1.583518
4765.0	1.577716
4770.0	1.574687
4775.0	1.568587
4780.0	1.564110
4785.0	1.565314
4790.0	1.565162
4795.0	1.557826
4800.0	1.548097
4805.0	1.540581
4810.0	1.532997
4815.0	1.522087
4820.0	1.505874
4825.0	1.485501
4830.0	1.467508
4835.0	1.448028
4840.0	1.395487
4845.0	1.285029
4850.0	1.143255
4855.0	1.018510
4860.0	0.956942
4865.0	0.987978
4870.0	1.089287
4875.0	1.215806
4880.0	1.326613
4885.0	1.393441
4890.0	1.421795
4895.0	1.430963
4900.0	1.431236
4905.0	1.427048
4910.0	1.419691
4915.0	1.409050
4920.0	1.399577
4925.0	1.397332
4930.0	1.401661
4935.0	1.409071
4940.0	1.417991
4945.0	1.426275
4950.0	1.430660
4955.0	1.430056
4960.0	1.426450
4965.0	1.421570
4970.0	1.414195
4975.0	1.403719
4980.0	1.394428
4985.0	1.390615
4990.0	1.390950
4995.0	1.391191
5000.0	1.386274
5005.0	1.373945
5010.0	1.359999
5015.0	1.351857
5020.0	1.352219
5025.0	1.358712
5030.0	1.361587
5035.0	1.352920
5040.0	1.337359
5045.0	1.323651
5050.0	1.315976
5055.0	1.314616
5060.0	1.317179
5065.0	1.319758
5070.0	1.318950
5075.0	1.314283
5080.0	1.307045
5085.0	1.298954
5090.0	1.293935
5095.0	1.293628
5100.0	1.292467
5105.0	1.286773
5110.0	1.282503
5115.0	1.284815
5120.0	1.288101
5125.0	1.285635
5130.0	1.279015
5135.0	1.272385
5140.0	1.267137
5145.0	1.263021
5150.0	1.257639
5155.0	1.248896
5160.0	1.240209
5165.0	1.235641
5170.0	1.233273
5175.0	1.229704
5180.0	1.224681
5185.0	1.218271
5190.0	1.210184
5195.0	1.202223
5200.0	1.197255
5205.0	1.196976
5210.0	1.199766
5215.0	1.201451
5220.0	1.199841
5225.0	1.194674
5230.0	1.185815
5235.0	1.175758
5240.0	1.170313
5245.0	1.172238
5250.0	1.177205
5255.0	1.179059
5260.0	1.174198
5265.0	1.163677
5270.0	1.154898
5275.0	1.154131
5280.0	1.158937
5285.0	1.163086
5290.0	1.161273
5295.0	1.151975
5300.0	1.141916
5305.0	1.137693
5310.0	1.135382
5315.0	1.129413
5320.0	1.122504
5325.0	1.119177
5330.0	1.119402
5335.0	1.121484
5340.0	1.123960
5345.0	1.124854
5350.0	1.122662
5355.0	1.117939
5360.0	1.111823
5365.0	1.105475
5370.0	1.102831
5375.0	1.104837
5380.0	1.104706
5385.0	1.097988
5390.0	1.088427
5395.0	1.081457
5400.0	1.080554
5405.0	1.084434
5410.0	1.083832
5415.0	1.072683
5420.0	1.060278
5425.0	1.056473
5430.0	1.055023
5435.0	1.047936
5440.0	1.041347
5445.0	1.042598
5450.0	1.045945
5455.0	1.044901
5460.0	1.043544
5465.0	1.045236
5470.0	1.045478
5475.0	1.040935
5480.0	1.035075
5485.0	1.032211
5490.0	1.030821
5495.0	1.027712
5500.0	1.025189
5505.0	1.026061
5510.0	1.027421
5515.0	1.026504
5520.0	1.024417
5525.0	1.021873
5530.0	1.017434
5535.0	1.010618
5540.0	1.005521
5545.0	1.005650
5550.0	1.006311
5555.0	1.002239
5560.0	0.996123
5565.0	0.991870
5570.0	0.989507
5575.0	0.987958
5580.0	0.985031
5585.0	0.979460
5590.0	0.975038
5595.0	0.975359
5600.0	0.977555
5605.0	0.977828
5610.0	0.977498
5615.0	0.978110
5620.0	0.977106
5625.0	0.972832
5630.0	0.967141
5635.0	0.962106
5640.0	0.959176
5645.0	0.958216
5650.0	0.956672
5655.0	0.952995
5660.0	0.948811
5665.0	0.946026
5670.0	0.943350
5675.0	0.938928
5680.0	0.934707
5685.0	0.932914
5690.0	0.931617
5695.0	0.929075
5700.0	0.927469
5705.0	0.928277
5710.0	0.929253
5715.0	0.928077
5720.0	0.925094
5725.0	0.921723
5730.0	0.918098
5735.0	0.913745
5740.0	0.909725
5745.0	0.906683
5750.0	0.903648
5755.0	0.900115
5760.0	0.896358
5765.0	0.892919
5770.0	0.890174
5775.0	0.887791
5780.0	0.885074
5785.0	0.881713
5790.0	0.878314
5795.0	0.876189
5800.0	0.876491
5805.0	0.879345
5810.0	0.883303
5815.0	0.886152
5820.0	0.886021
5825.0	0.882497
5830.0	0.877193
5835.0	0.872496
5840.0	0.870377
5845.0	0.871287
5850.0	0.873329
5855.0	0.873898
5860.0	0.870879
5865.0	0.863489
5870.0	0.853287
5875.0	0.842597
5880.0	0.833524
5885.0	0.827430
5890.0	0.824143
5895.0	0.823111
5900.0	0.823781
5905.0	0.819686
5910.0	0.827356
5915.0	0.827846
5920.0	0.824878
5925.0	0.825619
5930.0	0.824661
5935.0	0.820200
5940.0	0.813437
5945.0	0.809765
5950.0	0.807638
5955.0	0.807737
5960.0	0.808138
5965.0	0.811589
5970.0	0.809369
5975.0	0.808766
5980.0	0.804441
5985.0	0.802644
5990.0	0.797816
5995.0	0.797780
6000.0	0.797638
6005.0	0.796880
6010.0	0.799834
6015.0	0.795581
6020.0	0.795102
6025.0	0.795516
6030.0	0.794354
6035.0	0.791252
6040.0	0.787955
6045.0	0.785627
6050.0	0.782059
6055.0	0.780260
6060.0	0.780083
6065.0	0.778511
6070.0	0.777204
6075.0	0.776271
6080.0	0.775501
6085.0	0.771877
6090.0	0.771352
6095.0	0.772484
6100.0	0.769341
6105.0	0.767276
6110.0	0.770213
6115.0	0.769157
6120.0	0.766083
6125.0	0.764027
6130.0	0.759732
6135.0	0.756221
6140.0	0.749023
6145.0	0.745414
6150.0	0.741923
6155.0	0.742813
6160.0	0.743569
6165.0	0.743946
6170.0	0.739665
6175.0	0.738388
6180.0	0.738178
6185.0	0.734209
6190.0	0.734708
6195.0	0.734530
6200.0	0.733028
6205.0	0.731390
6210.0	0.728577
6215.0	0.726209
6220.0	0.725227
6225.0	0.725275
6230.0	0.722708
6235.0	0.718417
6240.0	0.712284
6245.0	0.711362
6250.0	0.706883
6255.0	0.705972
6260.0	0.704787
6265.0	0.701755
6270.0	0.698306
6275.0	0.691136
6280.0	0.684207
6285.0	0.685470
6290.0	0.686750
6295.0	0.689259
6300.0	0.689286
6305.0	0.689608
6310.0	0.690630
6315.0	0.688449
6320.0	0.686921
6325.0	0.687045
6330.0	0.686129
6335.0	0.683303
6340.0	0.680820
6345.0	0.672852
6350.0	0.668721
6355.0	0.671859
6360.0	0.672549
6365.0	0.674034
6370.0	0.670424
6375.0	0.671021
6380.0	0.671664
6385.0	0.670009
6390.0	0.670210
6395.0	0.671258
6400.0	0.667114
6405.0	0.662485
6410.0	0.660699
6415.0	0.658331
6420.0	0.657333
6425.0	0.659863
6430.0	0.659202
6435.0	0.655426
6440.0	0.649292
6445.0	0.646986
6450.0	0.640718
6455.0	0.635859
6460.0	0.633802
6465.0	0.632106
6470.0	0.629851
6475.0	0.628123
6480.0	0.626287
6485.0	0.622083
6490.0	0.617946
6495.0	0.614692
6500.0	0.615646
6505.0	0.617008
6510.0	0.616655
6515.0	0.617712
6520.0	0.608969
6525.0	0.599487
6530.0	0.587326
6535.0	0.574239
6540.0	0.561746
6545.0	0.548160
6550.0	0.529477
6555.0	0.505447
6560.0	0.475163
6565.0	0.462573
6570.0	0.496339
6575.0	0.530174
6580.0	0.559598
6585.0	0.578559
6590.0	0.586694
6595.0	0.589672
6600.0	0.590826
6605.0	0.593581
6610.0	0.599117
6615.0	0.603123
6620.0	0.604594
6625.0	0.600513
6630.0	0.594294
6635.0	0.591488
6640.0	0.587466
6645.0	0.582972
6650.0	0.586198
6655.0	0.584025
6660.0	0.580972
6665.0	0.579481
6670.0	0.579812
6675.0	0.578132
6680.0	0.578111
6685.0	0.579045
6690.0	0.578451
6695.0	0.579737
6700.0	0.578258
6705.0	0.578332
6710.0	0.572915
6715.0	0.570933
6720.0	0.569029
6725.0	0.567039
6730.0	0.566232
6735.0	0.567832
6740.0	0.564457
6745.0	0.559886
6750.0	0.556845
6755.0	0.554794
6760.0	0.554498
6765.0	0.555675
6770.0	0.553575
6775.0	0.550679
6780.0	0.550174
6785.0	0.551283
6790.0	0.552621
6795.0	0.552163
6800.0	0.551658
6805.0	0.548896
6810.0	0.545525
6815.0	0.543078
6820.0	0.543485
6825.0	0.546295
6830.0	0.543895
6835.0	0.541083
6840.0	0.537924
6845.0	0.535399
6850.0	0.533906
6855.0	0.532365
6860.0	0.529244
6865.0	0.524225
6870.0	0.518666
6875.0	0.514733
6880.0	0.513710
6885.0	0.515231
6890.0	0.517537
6895.0	0.518964
6900.0	0.519461
6905.0	0.519809
6910.0	0.520550
6915.0	0.521048
6920.0	0.519982
6925.0	0.516687
6930.0	0.512139
6935.0	0.508255
6940.0	0.506482
6945.0	0.506758
6950.0	0.507368
6955.0	0.506904
6960.0	0.505095
6965.0	0.502978
6970.0	0.501851
6975.0	0.502542
6980.0	0.503385
6985.0	0.502660
6990.0	0.499640
6995.0	0.495899
7000.0	0.491961
7005.0	0.489112
7010.0	0.489405
7015.0	0.487450
7020.0	0.486896
7025.0	0.486748
7030.0	0.487118
7035.0	0.489394
7040.0	0.489261
7045.0	0.490642
7050.0	0.488088
7055.0	0.485452
7060.0	0.483870
7065.0	0.482101
7070.0	0.482011
7075.0	0.481543
7080.0	0.483858
7085.0	0.484031
7090.0	0.485077
7095.0	0.482988
7100.0	0.480733
7105.0	0.478366
7110.0	0.476236
7115.0	0.477373
7120.0	0.478916
7125.0	0.479536
7130.0	0.480337
7135.0	0.478498
7140.0	0.475064
7145.0	0.471374
7150.0	0.468352
7155.0	0.466214
7160.0	0.464694
7165.0	0.463192
7170.0	0.459469
7175.0	0.455213
7180.0	0.454043
7185.0	0.450991
7190.0	0.453026
7195.0	0.457366
7200.0	0.460489
7205.0	0.459553
7210.0	0.461769
7215.0	0.460442
7220.0	0.455471
7225.0	0.450586
7230.0	0.447772
7235.0	0.444156
7240.0	0.443014
7245.0	0.442648
7250.0	0.441423
7255.0	0.438091
7260.0	0.437819
7265.0	0.435581
7270.0	0.437219
7275.0	0.437218
7280.0	0.440121
7285.0	0.443009
7290.0	0.439335
7295.0	0.440443
7300.0	0.439327
7305.0	0.436372
7310.0	0.434102
7315.0	0.431430
7320.0	0.429285
7325.0	0.429508
7330.0	0.429221
7335.0	0.429974
7340.0	0.431209
7345.0	0.431621
7350.0	0.432801
7355.0	0.431449
7360.0	0.429608
7365.0	0.426681
7370.0	0.425463
7375.0	0.423800
7380.0	0.422106
7385.0	0.420540
7390.0	0.419381
7395.0	0.418112
7400.0	0.418831
7405.0	0.417907
7410.0	0.416905
7415.0	0.416477
7420.0	0.414827
7425.0	0.412152
7430.0	0.410341
7435.0	0.411061
7440.0	0.412031
7445.0	0.411764
7450.0	0.411966
7455.0	0.412105
7460.0	0.411575
7465.0	0.408607
7470.0	0.405955
7475.0	0.402566
7480.0	0.400079
7485.0	0.398824
7490.0	0.398591
7495.0	0.397573
7500.0	0.397707
7505.0	0.399009
7510.0	0.399238
7515.0	0.397829
7520.0	0.398646
7525.0	0.397228
7530.0	0.397114
7535.0	0.396946
7540.0	0.398429
7545.0	0.399221
7550.0	0.401165
7555.0	0.400944
7560.0	0.397909
7565.0	0.392717
7570.0	0.387379
7575.0	0.385702
7580.0	0.386344
7585.0	0.387488
7590.0	0.386843
7595.0	0.383719
7600.0	0.379178
7605.0	0.375314
7610.0	0.373724
7615.0	0.374757
7620.0	0.377157
7625.0	0.379205
7630.0	0.379643
7635.0	0.378177
7640.0	0.375418
7645.0	0.372338
7650.0	0.369587
7655.0	0.367362
7660.0	0.365575
7665.0	0.364263
7670.0	0.363823
7675.0	0.364834
7680.0	0.367048
7685.0	0.369214
7690.0	0.369940
7695.0	0.368168
7700.0	0.364830
7705.0	0.362255
7710.0	0.362905
7715.0	0.366931
7720.0	0.371512
7725.0	0.367505
7730.0	0.366294
7735.0	0.361028
7740.0	0.357797
7745.0	0.356709
7750.0	0.353561
7755.0	0.353286
7760.0	0.350398
7765.0	0.346731
7770.0	0.340947
7775.0	0.337765
7780.0	0.344222
7785.0	0.347640
7790.0	0.353500
7795.0	0.356151
7800.0	0.354663
7805.0	0.351354
7810.0	0.350458
7815.0	0.352848
7820.0	0.355031
7825.0	0.358187
7830.0	0.356831
7835.0	0.353207
7840.0	0.347194
7845.0	0.343798
7850.0	0.343228
7855.0	0.343854
7860.0	0.343064
7865.0	0.340364
7870.0	0.336018
7875.0	0.332413
7880.0	0.332588
7885.0	0.334524
7890.0	0.332939
7895.0	0.330313
7900.0	0.328564
7905.0	0.325940
7910.0	0.327239
7915.0	0.330951
7920.0	0.336649
7925.0	0.338653
7930.0	0.337418
7935.0	0.335902
7940.0	0.331360
7945.0	0.328436
7950.0	0.327910
7955.0	0.323723
7960.0	0.319800
7965.0	0.317009
7970.0	0.317056
7975.0	0.318804
7980.0	0.322397
7985.0	0.324921
7990.0	0.326236
7995.0	0.324226
8000.0	0.321306
8005.0	0.318436
8010.0	0.318242
8015.0	0.317562
8020.0	0.319215
8025.0	0.320334
8030.0	0.320321
8035.0	0.322582
8040.0	0.324416
8045.0	0.323594
8050.0	0.322464
8055.0	0.320046
8060.0	0.319771
8065.0	0.317737
8070.0	0.316644
8075.0	0.315462
8080.0	0.313488
8085.0	0.311518
8090.0	0.309578
8095.0	0.308342
8100.0	0.306682
8105.0	0.308223
8110.0	0.307844
8115.0	0.305108
8120.0	0.301537
8125.0	0.299183
8130.0	0.298587
8135.0	0.298085
8140.0	0.300372
8145.0	0.302362
8150.0	0.301611
8155.0	0.298345
8160.0	0.294809
8165.0	0.292167
8170.0	0.292651
8175.0	0.292475
8180.0	0.290638
8185.0	0.291826
8190.0	0.291752
8195.0	0.292858
8200.0	0.293883
8205.0	0.296115
8210.0	0.296563
8215.0	0.293051
8220.0	0.289495
8225.0	0.286284
8230.0	0.284779
8235.0	0.291852
8240.0	0.299390
8245.0	0.301993
8250.0	0.303755
8255.0	0.301234
8260.0	0.299173
8265.0	0.298836
8270.0	0.297427
8275.0	0.293554
8280.0	0.291973
8285.0	0.291216
8290.0	0.289939
8295.0	0.289869
8300.0	0.289415
8305.0	0.289065
8310.0	0.288009
8315.0	0.287064
8320.0	0.283586
8325.0	0.284095
8330.0	0.286661
8335.0	0.287721
8340.0	0.288387
8345.0	0.288085
8350.0	0.287241
8355.0	0.285361
8360.0	0.283850
8365.0	0.283980
8370.0	0.285560
8375.0	0.287171
8380.0	0.287344
8385.0	0.287401
8390.0	0.285582
8395.0	0.283134
8400.0	0.282573
8405.0	0.279457
8410.0	0.277525
8415.0	0.276295
8420.0	0.275916
8425.0	0.276868
8430.0	0.276737
8435.0	0.277077
8440.0	0.278224
8445.0	0.275916
8450.0	0.276468
8455.0	0.274760
8460.0	0.274533
8465.0	0.273597
8470.0	0.273159
8475.0	0.273281
8480.0	0.274492
8485.0	0.275064
8490.0	0.274422
8495.0	0.274406
8500.0	0.271788
8505.0	0.270525
8510.0	0.272158
8515.0	0.272565
8520.0	0.272558
8525.0	0.271833
8530.0	0.269709
8535.0	0.267887
8540.0	0.263821
8545.0	0.262284
8550.0	0.264776
8555.0	0.268106
8560.0	0.269659
8565.0	0.271567
8570.0	0.270424
8575.0	0.270019
8580.0	0.269347
8585.0	0.268918
8590.0	0.267343
8595.0	0.265495
8600.0	0.265000
8605.0	0.265909
8610.0	0.271229
8615.0	0.273296
8620.0	0.273744
8625.0	0.273544
8630.0	0.270365
8635.0	0.268563
8640.0	0.266634
8645.0	0.263772
8650.0	0.261746
8655.0	0.260561
8660.0	0.255555
8665.0	0.253108
8670.0	0.256555
8675.0	0.262133
8680.0	0.269594
8685.0	0.274271
8690.0	0.277542
8695.0	0.279825
8700.0	0.281049
8705.0	0.280750
8710.0	0.279426
8715.0	0.275480
8720.0	0.271972
8725.0	0.267319
8730.0	0.262066
8735.0	0.256324
8740.0	0.251839
8745.0	0.248932
8750.0	0.247063
8755.0	0.249208
8760.0	0.253804
8765.0	0.259465
8770.0	0.262689
8775.0	0.265137
8780.0	0.267612
8785.0	0.269087
8790.0	0.271756
8795.0	0.275227
8800.0	0.274035
8805.0	0.272622
8810.0	0.269471
8815.0	0.266653
8820.0	0.259085
8825.0	0.253975
8830.0	0.247983
8835.0	0.242136
8840.0	0.238140
8845.0	0.233193
8850.0	0.228620
8855.0	0.223492
8860.0	0.220504
8865.0	0.221065
8870.0	0.227088
8875.0	0.235275
8880.0	0.242903
8885.0	0.248862
8890.0	0.252552
8895.0	0.254320
8900.0	0.258191
8905.0	0.258026
8910.0	0.258042
8915.0	0.262298
8920.0	0.260697
8925.0	0.261144
8930.0	0.260860
8935.0	0.261338
8940.0	0.260090
8945.0	0.257748
8950.0	0.258192
8955.0	0.255282
8960.0	0.254798
8965.0	0.249507
8970.0	0.245498
8975.0	0.240782
8980.0	0.234213
8985.0	0.229739
8990.0	0.221119
8995.0	0.214056
9000.0	0.213068
9005.0	0.210014
9010.0	0.206144
9015.0	0.204845
9020.0	0.210412
9025.0	0.220433
9030.0	0.227328
9035.0	0.237988
9040.0	0.243008
9045.0	0.245742
9050.0	0.245493
9055.0	0.244699
9060.0	0.243492
9065.0	0.238299
9070.0	0.240885
9075.0	0.242507
9080.0	0.244096
9085.0	0.245733
9090.0	0.247959
9095.0	0.250061
9100.0	0.246078
9105.0	0.248354
9110.0	0.251290
9115.0	0.250075
9120.0	0.247407
9125.0	0.246997
9130.0	0.244309
9135.0	0.240307
9140.0	0.240923
9145.0	0.246723
9150.0	0.239578
9155.0	0.237082
9160.0	0.236497
9165.0	0.237532
9170.0	0.235044
9175.0	0.230501
9180.0	0.234222
9185.0	0.226350
9190.0	0.224942
9195.0	0.223238
9200.0	0.218232
9205.0	0.214596
9210.0	0.211618
9215.0	0.207436
9220.0	0.201262
9225.0	0.198121
9230.0	0.194387
9235.0	0.196416
9240.0	0.201704
9245.0	0.207784
9250.0	0.213310
9255.0	0.214482
9260.0	0.214035
9265.0	0.220944
9270.0	0.221082
9275.0	0.217890
9280.0	0.222304
9285.0	0.224855
9290.0	0.223534
9295.0	0.222598
9300.0	0.220273
9305.0	0.218307
9310.0	0.214864
9315.0	0.213066
9320.0	0.210083
9325.0	0.205578
9330.0	0.208251
9335.0	0.210404
9340.0	0.206719
9345.0	0.197027
9350.0	0.212092
9355.0	0.210518
9360.0	0.206570
9365.0	0.213290
9370.0	0.212640
9375.0	0.215316
9380.0	0.212758
9385.0	0.219502
9390.0	0.225772
9395.0	0.227836
9400.0	0.227414
9405.0	0.228248
9410.0	0.220934
9415.0	0.214863
9420.0	0.217739
9425.0	0.213807
9430.0	0.197322
9435.0	0.207619
9440.0	0.203311
9445.0	0.202880
9450.0	0.209304
9455.0	0.210713
9460.0	0.205477
9465.0	0.208151
9470.0	0.209426
9475.0	0.207621
9480.0	0.200276
9485.0	0.196008
9490.0	0.203695
9495.0	0.197327
9500.0	0.187741
9505.0	0.189357
9510.0	0.197931
9515.0	0.187262
9520.0	0.178241
9525.0	0.172966
9530.0	0.166077
9535.0	0.168061
9540.0	0.160103
9545.0	0.154766
9550.0	0.153802
9555.0	0.161862
9560.0	0.172634
9565.0	0.178796
9570.0	0.180601
9575.0	0.192884
9580.0	0.197217
9585.0	0.195290
9590.0	0.193815
9595.0	0.195292
9600.0	0.197179
9605.0	0.197054
9610.0	0.197604
9615.0	0.198534
9620.0	0.197607
9625.0	0.197579
9630.0	0.201427
9635.0	0.199859
9640.0	0.197795
9645.0	0.201177
9650.0	0.201463
9655.0	0.200679
9660.0	0.199284
9665.0	0.201773
9670.0	0.206880
9675.0	0.206123
9680.0	0.206512
9685.0	0.204992
9690.0	0.198471
9695.0	0.198438
9700.0	0.193429
9705.0	0.193421
9710.0	0.194625
9715.0	0.196281
9720.0	0.197606
9725.0	0.197992
9730.0	0.197679
9735.0	0.197077
9740.0	0.196574
9745.0	0.196483
9750.0	0.196625
9755.0	0.196789
9760.0	0.196700
9765.0	0.196182
9770.0	0.195440
9775.0	0.194727
9780.0	0.194300
9785.0	0.194338
9790.0	0.194519
9795.0	0.194422
9800.0	0.193675
9805.0	0.192073
9810.0	0.190147
9815.0	0.188709
9820.0	0.188575
9825.0	0.190224
9830.0	0.192843
9835.0	0.195303
9840.0	0.196501
9845.0	0.195632
9850.0	0.193228
9855.0	0.190228
9860.0	0.187584
9865.0	0.185980
9870.0	0.185430
9875.0	0.185714
9880.0	0.186675
9885.0	0.188180
9890.0	0.189885
9895.0	0.191311
9900.0	0.191983
9905.0	0.191492
9910.0	0.190040
9915.0	0.188089
9920.0	0.186099
9925.0	0.184354
9930.0	0.182936
9935.0	0.181730
9940.0	0.180692
9945.0	0.179953
9950.0	0.179557
9955.0	0.179532
9960.0	0.179716
9965.0	0.179753
9970.0	0.179420
9975.0	0.178561
9980.0	0.177203
9985.0	0.175594
9990.0	0.173990
9995.0	0.172614
10000.0	0.166429
10005.0	0.163790
10010.0	0.161145
10015.0	0.158151
10020.0	0.154467
10025.0	0.150008
10030.0	0.145714
10035.0	0.142783
10040.0	0.142412
10045.0	0.145322
10050.0	0.150333
10055.0	0.155787
10060.0	0.160028
10065.0	0.161839
10070.0	0.161758
10075.0	0.160761
10080.0	0.159828
10085.0	0.159768
10090.0	0.160724
10095.0	0.162672
10100.0	0.165589
10105.0	0.169250
10110.0	0.172623
10115.0	0.174477
10120.0	0.173581
10125.0	0.169249
10130.0	0.162991
10135.0	0.156861
10140.0	0.152916
10145.0	0.152662
10150.0	0.155403
10155.0	0.159895
10160.0	0.164891
10165.0	0.169292
10170.0	0.172578
10175.0	0.174375
10180.0	0.174307
10185.0	0.172211
10190.0	0.168763
10195.0	0.164850
10200.0	0.161359
10205.0	0.159011
10210.0	0.157864
10215.0	0.157808
10220.0	0.158737
10225.0	0.160461
10230.0	0.162472
10235.0	0.164181
10240.0	0.164999
10245.0	0.164530
10250.0	0.163152
10255.0	0.161437
10260.0	0.159956
10265.0	0.159134
10270.0	0.158809
10275.0	0.158671
10280.0	0.158410
10285.0	0.157805
10290.0	0.156983
10295.0	0.156156
10300.0	0.155538
10305.0	0.155258
10310.0	0.155098
10315.0	0.154756
10320.0	0.153930
10325.0	0.152416
10330.0	0.150409
10335.0	0.148201
10340.0	0.146086
10345.0	0.144351
10350.0	0.143265
10355.0	0.143088
10360.0	0.144084
10365.0	0.146307
10370.0	0.148996
10375.0	0.151180
10380.0	0.151893
10385.0	0.150494
10390.0	0.147667
10395.0	0.144426
10400.0	0.141783
10405.0	0.140532
10410.0	0.140589
10415.0	0.141651
10420.0	0.143416
10425.0	0.145557
10430.0	0.147660
10435.0	0.149289
10440.0	0.150007
10445.0	0.149540
10450.0	0.148264
10455.0	0.146715
10460.0	0.145431
10465.0	0.144801
10470.0	0.144614
10475.0	0.144511
10480.0	0.144131
10485.0	0.143255
10490.0	0.142229
10495.0	0.141538
10500.0	0.141667
10505.0	0.142863
10510.0	0.144417
10515.0	0.145379
10520.0	0.144802
10525.0	0.142159
10530.0	0.138619
10535.0	0.135771
10540.0	0.135205
10545.0	0.137907
10550.0	0.142442
10555.0	0.146769
10560.0	0.148849
10565.0	0.147263
10570.0	0.143073
10575.0	0.137964
10580.0	0.133622
10585.0	0.131333
10590.0	0.130800
10595.0	0.131327
10600.0	0.132221
10605.0	0.132915
10610.0	0.133362
10615.0	0.133645
10620.0	0.133846
