#-- f02iv
#\*l[Angstrom]	F(\*l)/F(555.6Angstrom]
1150.0	0.031096
1155.0	0.028771
1160.0	0.023100
1165.0	0.007724
1170.0	0.007765
1175.0	0.012171
1180.0	0.002458
1185.0	0.000021
1190.0	0.001387
1195.0	0.002472
1200.0	0.002583
1205.0	0.004398
1210.0	0.009066
1215.0	0.015257
1220.0	0.010152
1225.0	0.002678
1230.0	0.000883
1235.0	0.002486
1240.0	0.003344
1245.0	0.002322
1250.0	0.002433
1255.0	0.001963
1260.0	0.001794
1265.0	0.001730
1270.0	0.000993
1275.0	0.001206
1280.0	0.002753
1285.0	0.001179
1290.0	0.002076
1295.0	0.003024
1300.0	0.002450
1305.0	0.002615
1310.0	0.000992
1315.0	0.001566
1320.0	0.002433
1325.0	0.001357
1330.0	0.000535
1335.0	0.001950
1340.0	0.003358
1345.0	0.001847
1350.0	0.002358
1355.0	0.001672
1360.0	0.001008
1365.0	0.002964
1370.0	0.003357
1375.0	0.003643
1380.0	0.001231
1385.0	0.002246
1390.0	0.003308
1395.0	0.002630
1400.0	0.003822
1405.0	0.002446
1410.0	0.001499
1415.0	0.003155
1420.0	0.003952
1425.0	0.002812
1430.0	0.002605
1435.0	0.002254
1440.0	0.003440
1445.0	0.004767
1450.0	0.002491
1455.0	0.002059
1460.0	0.003513
1465.0	0.006277
1470.0	0.001115
1475.0	0.000501
1480.0	0.008130
1485.0	0.002156
1490.0	0.004778
1495.0	0.008458
1500.0	0.003841
1505.0	0.001957
1510.0	0.003420
1515.0	0.006114
1520.0	0.003962
1525.0	0.001139
1530.0	0.006855
1535.0	0.006453
1540.0	0.001694
1545.0	0.005060
1550.0	0.007856
1555.0	0.004681
1560.0	0.004986
1565.0	0.006985
1570.0	0.004669
1575.0	0.003905
1580.0	0.010616
1585.0	0.006638
1590.0	0.000646
1595.0	0.006199
1600.0	0.007845
1605.0	0.000414
1610.0	0.002153
1615.0	0.009288
1620.0	0.009288
1625.0	0.004239
1630.0	0.003526
1635.0	0.007625
1640.0	0.007296
1645.0	0.004462
1650.0	0.006430
1655.0	0.010808
1660.0	0.008122
1665.0	0.005241
1670.0	0.006120
1675.0	0.007489
1680.0	0.007684
1685.0	0.007725
1690.0	0.009811
1695.0	0.012474
1700.0	0.013737
1705.0	0.018894
1710.0	0.025563
1715.0	0.028889
1720.0	0.028573
1725.0	0.032588
1730.0	0.036540
1735.0	0.034869
1740.0	0.037658
1745.0	0.046543
1750.0	0.053467
1755.0	0.056035
1760.0	0.053461
1765.0	0.055556
1770.0	0.066260
1775.0	0.081664
1780.0	0.088193
1785.0	0.080906
1790.0	0.084405
1795.0	0.096423
1800.0	0.092407
1805.0	0.082739
1810.0	0.088719
1815.0	0.092094
1820.0	0.096793
1825.0	0.099158
1830.0	0.094583
1835.0	0.087977
1840.0	0.075555
1845.0	0.065242
1850.0	0.062377
1855.0	0.073305
1860.0	0.084228
1865.0	0.096596
1870.0	0.104122
1875.0	0.103329
1880.0	0.110359
1885.0	0.115436
1890.0	0.113247
1895.0	0.107158
1900.0	0.102887
1905.0	0.109420
1910.0	0.114537
1915.0	0.122210
1920.0	0.122388
1925.0	0.103746
1930.0	0.079497
1935.0	0.087534
1940.0	0.126969
1945.0	0.150440
1950.0	0.154359
1955.0	0.148171
1960.0	0.130557
1965.0	0.120288
1970.0	0.125874
1975.0	0.153200
1980.0	0.135512
1985.0	0.138206
1990.0	0.126816
1995.0	0.104043
2000.0	0.135484
2005.0	0.129068
2010.0	0.119349
2015.0	0.136556
2020.0	0.139711
2025.0	0.147397
2030.0	0.161361
2035.0	0.174035
2040.0	0.156750
2045.0	0.170267
2050.0	0.178552
2055.0	0.186918
2060.0	0.190130
2065.0	0.180939
2070.0	0.193590
2075.0	0.192993
2080.0	0.242860
2085.0	0.254889
2090.0	0.242000
2095.0	0.214551
2100.0	0.204367
2105.0	0.202543
2110.0	0.228288
2115.0	0.236223
2120.0	0.243092
2125.0	0.246770
2130.0	0.229948
2135.0	0.191790
2140.0	0.189643
2145.0	0.224489
2150.0	0.226696
2155.0	0.241970
2160.0	0.218054
2165.0	0.205600
2170.0	0.208143
2175.0	0.184302
2180.0	0.188536
2185.0	0.219667
2190.0	0.240475
2195.0	0.250513
2200.0	0.252790
2205.0	0.260006
2210.0	0.255639
2215.0	0.235494
2220.0	0.206614
2225.0	0.199020
2230.0	0.194154
2235.0	0.227175
2240.0	0.243507
2245.0	0.215120
2250.0	0.234834
2255.0	0.246088
2260.0	0.225322
2265.0	0.201199
2270.0	0.180519
2275.0	0.169826
2280.0	0.183906
2285.0	0.224859
2290.0	0.228670
2295.0	0.221671
2300.0	0.213329
2305.0	0.214930
2310.0	0.213090
2315.0	0.214249
2320.0	0.204110
2325.0	0.215844
2330.0	0.218151
2335.0	0.187652
2340.0	0.158698
2345.0	0.147215
2350.0	0.140352
2355.0	0.149136
2360.0	0.161431
2365.0	0.154526
2370.0	0.164708
2375.0	0.169920
2380.0	0.158278
2385.0	0.133973
2390.0	0.127165
2395.0	0.131896
2400.0	0.135050
2405.0	0.116920
2410.0	0.104860
2415.0	0.116189
2420.0	0.160623
2425.0	0.204973
2430.0	0.214498
2435.0	0.201537
2440.0	0.214087
2445.0	0.229890
2450.0	0.207421
2455.0	0.207593
2460.0	0.212907
2465.0	0.192233
2470.0	0.177364
2475.0	0.187774
2480.0	0.198805
2485.0	0.181461
2490.0	0.160080
2495.0	0.172283
2500.0	0.211536
2505.0	0.216441
2510.0	0.209334
2515.0	0.185051
2520.0	0.155509
2525.0	0.146849
2530.0	0.146921
2535.0	0.146123
2540.0	0.150112
2545.0	0.145531
2550.0	0.167008
2555.0	0.184656
2560.0	0.199735
2565.0	0.222125
2570.0	0.257652
2575.0	0.241926
2580.0	0.177220
2585.0	0.197653
2590.0	0.240283
2595.0	0.240642
2600.0	0.213411
2605.0	0.208574
2610.0	0.200819
2615.0	0.197446
2620.0	0.227920
2625.0	0.228062
2630.0	0.238928
2635.0	0.326114
2640.0	0.387050
2645.0	0.436719
2650.0	0.451119
2655.0	0.444201
2660.0	0.417652
2665.0	0.370021
2670.0	0.347460
2675.0	0.369705
2680.0	0.396615
2685.0	0.390599
2690.0	0.369733
2695.0	0.372465
2700.0	0.385714
2705.0	0.366656
2710.0	0.347081
2715.0	0.341547
2720.0	0.335747
2725.0	0.347126
2730.0	0.352220
2735.0	0.345686
2740.0	0.297582
2745.0	0.246626
2750.0	0.227866
2755.0	0.253356
2760.0	0.303248
2765.0	0.339951
2770.0	0.372171
2775.0	0.372470
2780.0	0.343513
2785.0	0.287093
2790.0	0.243432
2795.0	0.186593
2800.0	0.148346
2805.0	0.168225
2810.0	0.250991
2815.0	0.369540
2820.0	0.447537
2825.0	0.464595
2830.0	0.487518
2835.0	0.449250
2840.0	0.431149
2845.0	0.443541
2850.0	0.378731
2855.0	0.349640
2860.0	0.396621
2865.0	0.424733
2870.0	0.431566
2875.0	0.464819
2880.0	0.470128
2885.0	0.453603
2890.0	0.449661
2895.0	0.454268
2900.0	0.494247
2905.0	0.561284
2910.0	0.586167
2915.0	0.573661
2920.0	0.550092
2925.0	0.510674
2930.0	0.511889
2935.0	0.521684
2940.0	0.529034
2945.0	0.524747
2950.0	0.507389
2955.0	0.546605
2960.0	0.591876
2965.0	0.590644
2970.0	0.560770
2975.0	0.540809
2980.0	0.551172
2985.0	0.522606
2990.0	0.537988
2995.0	0.584400
3000.0	0.570981
3005.0	0.554597
3010.0	0.570915
3015.0	0.563108
3020.0	0.552427
3025.0	0.548090
3030.0	0.573724
3035.0	0.587857
3040.0	0.574415
3045.0	0.569930
3050.0	0.579313
3055.0	0.572455
3060.0	0.549938
3065.0	0.563500
3070.0	0.575312
3075.0	0.592302
3080.0	0.595513
3085.0	0.600036
3090.0	0.595990
3095.0	0.560775
3100.0	0.555679
3105.0	0.584890
3110.0	0.621316
3115.0	0.621763
3120.0	0.587432
3125.0	0.584670
3130.0	0.596337
3135.0	0.600290
3140.0	0.627097
3145.0	0.643887
3150.0	0.630049
3155.0	0.616215
3160.0	0.684894
3165.0	0.679502
3170.0	0.705532
3175.0	0.696142
3180.0	0.664527
3185.0	0.659858
3190.0	0.683178
3195.0	0.678552
3200.0	0.734761
3205.0	0.744903
3210.0	0.740890
3215.0	0.713012
3220.0	0.682120
3225.0	0.669553
3230.0	0.668047
3235.0	0.666449
3240.0	0.666645
3245.0	0.673430
3250.0	0.690197
3255.0	0.716924
3260.0	0.741336
3265.0	0.750366
3270.0	0.740022
3275.0	0.713433
3280.0	0.693137
3285.0	0.698927
3290.0	0.720191
3295.0	0.739566
3300.0	0.743070
3305.0	0.724339
3310.0	0.704085
3315.0	0.702508
3320.0	0.710680
3325.0	0.715004
3330.0	0.712366
3335.0	0.704159
3340.0	0.699344
3345.0	0.704460
3350.0	0.708773
3355.0	0.701253
3360.0	0.686953
3365.0	0.674365
3370.0	0.669667
3375.0	0.676096
3380.0	0.687437
3385.0	0.696465
3390.0	0.701372
3395.0	0.701862
3400.0	0.698262
3405.0	0.692160
3410.0	0.689552
3415.0	0.695483
3420.0	0.706754
3425.0	0.717905
3430.0	0.722655
3435.0	0.716242
3440.0	0.700794
3445.0	0.681841
3450.0	0.671609
3455.0	0.678346
3460.0	0.687691
3465.0	0.685011
3470.0	0.677213
3475.0	0.673711
3480.0	0.672421
3485.0	0.669762
3490.0	0.667648
3495.0	0.669511
3500.0	0.679359
3505.0	0.697209
3510.0	0.692934
3515.0	0.689596
3520.0	0.687795
3525.0	0.699191
3530.0	0.728478
3535.0	0.751926
3540.0	0.766254
3545.0	0.773638
3550.0	0.764162
3555.0	0.745331
3560.0	0.732795
3565.0	0.696476
3570.0	0.671535
3575.0	0.665811
3580.0	0.653440
3585.0	0.640710
3590.0	0.665950
3595.0	0.697383
3600.0	0.696335
3605.0	0.678802
3610.0	0.672546
3615.0	0.676792
3620.0	0.695448
3625.0	0.721437
3630.0	0.692832
3635.0	0.683654
3640.0	0.699961
3645.0	0.702128
3650.0	0.728102
3655.0	0.776612
3660.0	0.798795
3665.0	0.801028
3670.0	0.797571
3675.0	0.776034
3680.0	0.745942
3685.0	0.751712
3690.0	0.790616
3695.0	0.823257
3700.0	0.829038
3705.0	0.793115
3710.0	0.814829
3715.0	0.867204
3720.0	0.840447
3725.0	0.840527
3730.0	0.820405
3735.0	0.789733
3740.0	0.874391
3745.0	0.854268
3750.0	0.827059
3755.0	0.931479
3760.0	0.955711
3765.0	0.947217
3770.0	0.911057
3775.0	1.025704
3780.0	1.171319
3785.0	1.163720
3790.0	1.074037
3795.0	0.966497
3800.0	1.026369
3805.0	1.216948
3810.0	1.301060
3815.0	1.276963
3820.0	1.235947
3825.0	1.106056
3830.0	0.928454
3835.0	0.827172
3840.0	0.965002
3845.0	1.176346
3850.0	1.302586
3855.0	1.328461
3860.0	1.345869
3865.0	1.381840
3870.0	1.345012
3875.0	1.262512
3880.0	1.161382
3885.0	0.978573
3890.0	0.922046
3895.0	1.059928
3900.0	1.171361
3905.0	1.242988
3910.0	1.298399
3915.0	1.274651
3920.0	1.206702
3925.0	1.037388
3930.0	0.737989
3935.0	0.687567
3940.0	0.951084
3945.0	1.135427
3950.0	1.197294
3955.0	1.157782
3960.0	1.002246
3965.0	0.749794
3970.0	0.693749
3975.0	0.950993
3980.0	1.177450
3985.0	1.290280
3990.0	1.349493
3995.0	1.364727
4000.0	1.367972
4005.0	1.387415
4010.0	1.426084
4015.0	1.457232
4020.0	1.476135
4025.0	1.457294
4030.0	1.430483
4035.0	1.454958
4040.0	1.474621
4045.0	1.448421
4050.0	1.450456
4055.0	1.420469
4060.0	1.407710
4065.0	1.402689
4070.0	1.397083
4075.0	1.355711
4080.0	1.348820
4085.0	1.369601
4090.0	1.327767
4095.0	1.182158
4100.0	1.017304
4105.0	1.083886
4110.0	1.253430
4115.0	1.347850
4120.0	1.371133
4125.0	1.375071
4130.0	1.384107
4135.0	1.436635
4140.0	1.465561
4145.0	1.459012
4150.0	1.439859
4155.0	1.416639
4160.0	1.451244
4165.0	1.464872
4170.0	1.399434
4175.0	1.341783
4180.0	1.359805
4185.0	1.387965
4190.0	1.413146
4195.0	1.397892
4200.0	1.374274
4205.0	1.404299
4210.0	1.443586
4215.0	1.436194
4220.0	1.407003
4225.0	1.354627
4230.0	1.375961
4235.0	1.390578
4240.0	1.403982
4245.0	1.403171
4250.0	1.397729
4255.0	1.400810
4260.0	1.388288
4265.0	1.390172
4270.0	1.358986
4275.0	1.368527
4280.0	1.373537
4285.0	1.327320
4290.0	1.287511
4295.0	1.266240
4300.0	1.214551
4305.0	1.225162
4310.0	1.264403
4315.0	1.297821
4320.0	1.302341
4325.0	1.264151
4330.0	1.224510
4335.0	1.090071
4340.0	0.949907
4345.0	1.059097
4350.0	1.205605
4355.0	1.304385
4360.0	1.387199
4365.0	1.420911
4370.0	1.403836
4375.0	1.403197
4380.0	1.389315
4385.0	1.342417
4390.0	1.364206
4395.0	1.361322
4400.0	1.356342
4405.0	1.370086
4410.0	1.390205
4415.0	1.390904
4420.0	1.410196
4425.0	1.409797
4430.0	1.385313
4435.0	1.372383
4440.0	1.376588
4445.0	1.360611
4450.0	1.362534
4455.0	1.332861
4460.0	1.327472
4465.0	1.339596
4470.0	1.356648
4475.0	1.384669
4480.0	1.358183
4485.0	1.356865
4490.0	1.356163
4495.0	1.371395
4500.0	1.394885
4505.0	1.415360
4510.0	1.410147
4515.0	1.379959
4520.0	1.341941
4525.0	1.302928
4530.0	1.280398
4535.0	1.314142
4540.0	1.347480
4545.0	1.317835
4550.0	1.278960
4555.0	1.299684
4560.0	1.342892
4565.0	1.362215
4570.0	1.378430
4575.0	1.373434
4580.0	1.323733
4585.0	1.305616
4590.0	1.310963
4595.0	1.322170
4600.0	1.327489
4605.0	1.345409
4610.0	1.355471
4615.0	1.342320
4620.0	1.343880
4625.0	1.336430
4630.0	1.322288
4635.0	1.320870
4640.0	1.328338
4645.0	1.311453
4650.0	1.315175
4655.0	1.319144
4660.0	1.321191
4665.0	1.282648
4670.0	1.284777
4675.0	1.321044
4680.0	1.322411
4685.0	1.330041
4690.0	1.323105
4695.0	1.307808
4700.0	1.277718
4705.0	1.261311
4710.0	1.283620
4715.0	1.310557
4720.0	1.321362
4725.0	1.301575
4730.0	1.271914
4735.0	1.272358
4740.0	1.288761
4745.0	1.302256
4750.0	1.295176
4755.0	1.271728
4760.0	1.249986
4765.0	1.241737
4770.0	1.268881
4775.0	1.291543
4780.0	1.284940
4785.0	1.261634
4790.0	1.262914
4795.0	1.270219
4800.0	1.258956
4805.0	1.248195
4810.0	1.258810
4815.0	1.268129
4820.0	1.244519
4825.0	1.222624
4830.0	1.225285
4835.0	1.215704
4840.0	1.196081
4845.0	1.166728
4850.0	1.093914
4855.0	0.947490
4860.0	0.819078
4865.0	0.904067
4870.0	1.029537
4875.0	1.089870
4880.0	1.130903
4885.0	1.133832
4890.0	1.153989
4895.0	1.197563
4900.0	1.207763
4905.0	1.206512
4910.0	1.195073
4915.0	1.185736
4920.0	1.152350
4925.0	1.174229
4930.0	1.201333
4935.0	1.179956
4940.0	1.194969
4945.0	1.230113
4950.0	1.232070
4955.0	1.207392
4960.0	1.209016
4965.0	1.215869
4970.0	1.205368
4975.0	1.198654
4980.0	1.152615
4985.0	1.146433
4990.0	1.179795
4995.0	1.183189
5000.0	1.164534
5005.0	1.137128
5010.0	1.123896
5015.0	1.102731
5020.0	1.115299
5025.0	1.144514
5030.0	1.158102
5035.0	1.146191
5040.0	1.124774
5045.0	1.147769
5050.0	1.156208
5055.0	1.172914
5060.0	1.184978
5065.0	1.168394
5070.0	1.153028
5075.0	1.132789
5080.0	1.128015
5085.0	1.153485
5090.0	1.169318
5095.0	1.151924
5100.0	1.139966
5105.0	1.150666
5110.0	1.157302
5115.0	1.166675
5120.0	1.151594
5125.0	1.122034
5130.0	1.120333
5135.0	1.114777
5140.0	1.108087
5145.0	1.116700
5150.0	1.121716
5155.0	1.119709
5160.0	1.106230
5165.0	1.046196
5170.0	1.025611
5175.0	1.084179
5180.0	1.089680
5185.0	1.057472
5190.0	1.057736
5195.0	1.063373
5200.0	1.076490
5205.0	1.069300
5210.0	1.083555
5215.0	1.096708
5220.0	1.093377
5225.0	1.058102
5230.0	1.054581
5235.0	1.074764
5240.0	1.094375
5245.0	1.097033
5250.0	1.090521
5255.0	1.086596
5260.0	1.052297
5265.0	1.000101
5270.0	1.004456
5275.0	1.030206
5280.0	1.055451
5285.0	1.079181
5290.0	1.096235
5295.0	1.081964
5300.0	1.072780
5305.0	1.082077
5310.0	1.084485
5315.0	1.067404
5320.0	1.054655
5325.0	1.029307
5330.0	1.031704
5335.0	1.043312
5340.0	1.042692
5345.0	1.052337
5350.0	1.065660
5355.0	1.082194
5360.0	1.069124
5365.0	1.040879
5370.0	1.034877
5375.0	1.054352
5380.0	1.056245
5385.0	1.057910
5390.0	1.045400
5395.0	1.028587
5400.0	1.018497
5405.0	1.013636
5410.0	1.022280
5415.0	1.035794
5420.0	1.038038
5425.0	1.033334
5430.0	1.029070
5435.0	1.035410
5440.0	1.050822
5445.0	1.041940
5450.0	1.042485
5455.0	1.036257
5460.0	1.032364
5465.0	1.028982
5470.0	1.028102
5475.0	1.005426
5480.0	1.007241
5485.0	1.026255
5490.0	1.026832
5495.0	1.024405
5500.0	1.021826
5505.0	1.013138
5510.0	1.010518
5515.0	1.025662
5520.0	1.024693
5525.0	0.999765
5530.0	0.995316
5535.0	1.007734
5540.0	1.016699
5545.0	1.017991
5550.0	1.022361
5555.0	1.015705
5560.0	1.006824
5565.0	0.999345
5570.0	0.992744
5575.0	0.997733
5580.0	1.001804
5585.0	0.980272
5590.0	0.966076
5595.0	0.966267
5600.0	0.965231
5605.0	0.984529
5610.0	0.996692
5615.0	0.976556
5620.0	0.977275
5625.0	0.980284
5630.0	0.981844
5635.0	0.980079
5640.0	0.971975
5645.0	0.977381
5650.0	0.977609
5655.0	0.954942
5660.0	0.943237
5665.0	0.950502
5670.0	0.964565
5675.0	0.973814
5680.0	0.960866
5685.0	0.945689
5690.0	0.951919
5695.0	0.958933
5700.0	0.953427
5705.0	0.940334
5710.0	0.934362
5715.0	0.946063
5720.0	0.957317
5725.0	0.962553
5730.0	0.961582
5735.0	0.958690
5740.0	0.954275
5745.0	0.947158
5750.0	0.944247
5755.0	0.939239
5760.0	0.936205
5765.0	0.938922
5770.0	0.944698
5775.0	0.942510
5780.0	0.932580
5785.0	0.926412
5790.0	0.930819
5795.0	0.934037
5800.0	0.937542
5805.0	0.934784
5810.0	0.935509
5815.0	0.937078
5820.0	0.943737
5825.0	0.950099
5830.0	0.945967
5835.0	0.943965
5840.0	0.946062
5845.0	0.941980
5850.0	0.925569
5855.0	0.910787
5860.0	0.916761
5865.0	0.928899
5870.0	0.933648
5875.0	0.928209
5880.0	0.920091
5885.0	0.892635
5890.0	0.852247
5895.0	0.855659
5900.0	0.891813
5905.0	0.910609
5910.0	0.904957
5915.0	0.900949
5920.0	0.901136
5925.0	0.900882
5930.0	0.897049
5935.0	0.898720
5940.0	0.892714
5945.0	0.885611
5950.0	0.882517
5955.0	0.885350
5960.0	0.891238
5965.0	0.891122
5970.0	0.886777
5975.0	0.880525
5980.0	0.876309
5985.0	0.869697
5990.0	0.872438
5995.0	0.876718
6000.0	0.874806
6005.0	0.865121
6010.0	0.865458
6015.0	0.860784
6020.0	0.855607
6025.0	0.859909
6030.0	0.862178
6035.0	0.867170
6040.0	0.857342
6045.0	0.867317
6050.0	0.867535
6055.0	0.862529
6060.0	0.863538
6065.0	0.860605
6070.0	0.862989
6075.0	0.855573
6080.0	0.852672
6085.0	0.848334
6090.0	0.848169
6095.0	0.849198
6100.0	0.844251
6105.0	0.841836
6110.0	0.851926
6115.0	0.853350
6120.0	0.843001
6125.0	0.837963
6130.0	0.840810
6135.0	0.824486
6140.0	0.815481
6145.0	0.825241
6150.0	0.828028
6155.0	0.822967
6160.0	0.813641
6165.0	0.814690
6170.0	0.818037
6175.0	0.827593
6180.0	0.833115
6185.0	0.834108
6190.0	0.829728
6195.0	0.828737
6200.0	0.832269
6205.0	0.839047
6210.0	0.830718
6215.0	0.819549
6220.0	0.819758
6225.0	0.823663
6230.0	0.814082
6235.0	0.806446
6240.0	0.802667
6245.0	0.796863
6250.0	0.796110
6255.0	0.804732
6260.0	0.807729
6265.0	0.806862
6270.0	0.806433
6275.0	0.791640
6280.0	0.770904
6285.0	0.792888
6290.0	0.796802
6295.0	0.789345
6300.0	0.780667
6305.0	0.785723
6310.0	0.793475
6315.0	0.784752
6320.0	0.785985
6325.0	0.795711
6330.0	0.794626
6335.0	0.784481
6340.0	0.785344
6345.0	0.781241
6350.0	0.781911
6355.0	0.788252
6360.0	0.779917
6365.0	0.777846
6370.0	0.776998
6375.0	0.782656
6380.0	0.782987
6385.0	0.781270
6390.0	0.777336
6395.0	0.774111
6400.0	0.770789
6405.0	0.770219
6410.0	0.766230
6415.0	0.763448
6420.0	0.764606
6425.0	0.774237
6430.0	0.767203
6435.0	0.764256
6440.0	0.764003
6445.0	0.767200
6450.0	0.758487
6455.0	0.747724
6460.0	0.747575
6465.0	0.753733
6470.0	0.755296
6475.0	0.752054
6480.0	0.749927
6485.0	0.746806
6490.0	0.735028
6495.0	0.718726
6500.0	0.740198
6505.0	0.758060
6510.0	0.758772
6515.0	0.748374
6520.0	0.748667
6525.0	0.751781
6530.0	0.745176
6535.0	0.739177
6540.0	0.727483
6545.0	0.708543
6550.0	0.680581
6555.0	0.629131
6560.0	0.530632
6565.0	0.524246
6570.0	0.625673
6575.0	0.679401
6580.0	0.707056
6585.0	0.713757
6590.0	0.718101
6595.0	0.724272
6600.0	0.730935
6605.0	0.732961
6610.0	0.736219
6615.0	0.737473
6620.0	0.738316
6625.0	0.733844
6630.0	0.722971
6635.0	0.720345
6640.0	0.722131
6645.0	0.723912
6650.0	0.723606
6655.0	0.722439
6660.0	0.718327
6665.0	0.713936
6670.0	0.716688
6675.0	0.711254
6680.0	0.713244
6685.0	0.715173
6690.0	0.715319
6695.0	0.715067
6700.0	0.712931
6705.0	0.707697
6710.0	0.704287
6715.0	0.697640
6720.0	0.695840
6725.0	0.701316
6730.0	0.703966
6735.0	0.699830
6740.0	0.699403
6745.0	0.693473
6750.0	0.690683
6755.0	0.688351
6760.0	0.692025
6765.0	0.696319
6770.0	0.692819
6775.0	0.693521
6780.0	0.692190
6785.0	0.689232
6790.0	0.687868
6795.0	0.688483
6800.0	0.686134
6805.0	0.683228
6810.0	0.686027
6815.0	0.685564
6820.0	0.681278
6825.0	0.680188
6830.0	0.679125
6835.0	0.678301
6840.0	0.676247
6845.0	0.675404
6850.0	0.674480
6855.0	0.673552
6860.0	0.672698
6865.0	0.671737
6870.0	0.670716
6875.0	0.669828
6880.0	0.668949
6885.0	0.668046
6890.0	0.667141
6895.0	0.666213
6900.0	0.665316
6905.0	0.664419
6910.0	0.663516
6915.0	0.662695
6920.0	0.661996
6925.0	0.661253
6930.0	0.660520
6935.0	0.659817
6940.0	0.659202
6945.0	0.658691
6950.0	0.657941
6955.0	0.657174
6960.0	0.656434
6965.0	0.655697
6970.0	0.655175
6975.0	0.655587
6980.0	0.649291
6985.0	0.649368
6990.0	0.646326
6995.0	0.645856
7000.0	0.641633
7005.0	0.636563
7010.0	0.641051
7015.0	0.639692
7020.0	0.638332
7025.0	0.636955
7030.0	0.640580
7035.0	0.641150
7040.0	0.642493
7045.0	0.646638
7050.0	0.642981
7055.0	0.640547
7060.0	0.642149
7065.0	0.636533
7070.0	0.636535
7075.0	0.640691
7080.0	0.637219
7085.0	0.634474
7090.0	0.631972
7095.0	0.632096
7100.0	0.632654
7105.0	0.632138
7110.0	0.629175
7115.0	0.622211
7120.0	0.626057
7125.0	0.631959
7130.0	0.633870
7135.0	0.638333
7140.0	0.635970
7145.0	0.629008
7150.0	0.626343
7155.0	0.632362
7160.0	0.628518
7165.0	0.617770
7170.0	0.610330
7175.0	0.605928
7180.0	0.603370
7185.0	0.586371
7190.0	0.586692
7195.0	0.593900
7200.0	0.592984
7205.0	0.593697
7210.0	0.608860
7215.0	0.617474
7220.0	0.618979
7225.0	0.616205
7230.0	0.609272
7235.0	0.598141
7240.0	0.601699
7245.0	0.600284
7250.0	0.601578
7255.0	0.598595
7260.0	0.604112
7265.0	0.597584
7270.0	0.598781
7275.0	0.590004
7280.0	0.593100
7285.0	0.593623
7290.0	0.584093
7295.0	0.592539
7300.0	0.591221
7305.0	0.584194
7310.0	0.584644
7315.0	0.589576
7320.0	0.589197
7325.0	0.591606
7330.0	0.590182
7335.0	0.590386
7340.0	0.594971
7345.0	0.589202
7350.0	0.584119
7355.0	0.579837
7360.0	0.582152
7365.0	0.581044
7370.0	0.582375
7375.0	0.583014
7380.0	0.580619
7385.0	0.570855
7390.0	0.567820
7395.0	0.572275
7400.0	0.573008
7405.0	0.575768
7410.0	0.565404
7415.0	0.563819
7420.0	0.563585
7425.0	0.566378
7430.0	0.572855
7435.0	0.573460
7440.0	0.569935
7445.0	0.563352
7450.0	0.565296
7455.0	0.567837
7460.0	0.564351
7465.0	0.562726
7470.0	0.566798
7475.0	0.565128
7480.0	0.562822
7485.0	0.561668
7490.0	0.558415
7495.0	0.553785
7500.0	0.556810
7505.0	0.554466
7510.0	0.550587
7515.0	0.550000
7520.0	0.554315
7525.0	0.552542
7530.0	0.550317
7535.0	0.552302
7540.0	0.552427
7545.0	0.550961
7550.0	0.548480
7555.0	0.547779
7560.0	0.546892
7565.0	0.546109
7570.0	0.545290
7575.0	0.544375
7580.0	0.543490
7585.0	0.542713
7590.0	0.541891
7595.0	0.541052
7600.0	0.540309
7605.0	0.539562
7610.0	0.538769
7615.0	0.537950
7620.0	0.537134
7625.0	0.536318
7630.0	0.535502
7635.0	0.534687
7640.0	0.533872
7645.0	0.533059
7650.0	0.532247
7655.0	0.531437
7660.0	0.530628
7665.0	0.529818
7670.0	0.529046
7675.0	0.528315
7680.0	0.527634
7685.0	0.527068
7690.0	0.526508
7695.0	0.525913
7700.0	0.525342
7705.0	0.524690
7710.0	0.524425
7715.0	0.524644
7720.0	0.524486
7725.0	0.524021
7730.0	0.522141
7735.0	0.521547
7740.0	0.518882
7745.0	0.514381
7750.0	0.515335
7755.0	0.516376
7760.0	0.515553
7765.0	0.516098
7770.0	0.500066
7775.0	0.484355
7780.0	0.500013
7785.0	0.512120
7790.0	0.513224
7795.0	0.511313
7800.0	0.510394
7805.0	0.508778
7810.0	0.508608
7815.0	0.509798
7820.0	0.512269
7825.0	0.510684
7830.0	0.503540
7835.0	0.500304
7840.0	0.503029
7845.0	0.503627
7850.0	0.501839
7855.0	0.502749
7860.0	0.498055
7865.0	0.500136
7870.0	0.501124
7875.0	0.498057
7880.0	0.493986
7885.0	0.497732
7890.0	0.500153
7895.0	0.492592
7900.0	0.490955
7905.0	0.492726
7910.0	0.498267
7915.0	0.493873
7920.0	0.487344
7925.0	0.486960
7930.0	0.483975
7935.0	0.483358
7940.0	0.484690
7945.0	0.480339
7950.0	0.483230
7955.0	0.487431
7960.0	0.491309
7965.0	0.486997
7970.0	0.486809
7975.0	0.487246
7980.0	0.488950
7985.0	0.486381
7990.0	0.482742
7995.0	0.483149
8000.0	0.477626
8005.0	0.476977
8010.0	0.477062
8015.0	0.481764
8020.0	0.476715
8025.0	0.476820
8030.0	0.475836
8035.0	0.473159
8040.0	0.474124
8045.0	0.469398
8050.0	0.470961
8055.0	0.473403
8060.0	0.474436
8065.0	0.474882
8070.0	0.474247
8075.0	0.470929
8080.0	0.472260
8085.0	0.469653
8090.0	0.469602
8095.0	0.466281
8100.0	0.468912
8105.0	0.469912
8110.0	0.470617
8115.0	0.469105
8120.0	0.468293
8125.0	0.469264
8130.0	0.465585
8135.0	0.462201
8140.0	0.462888
8145.0	0.459171
8150.0	0.456192
8155.0	0.454396
8160.0	0.449211
8165.0	0.445923
8170.0	0.453075
8175.0	0.453328
8180.0	0.447242
8185.0	0.451532
8190.0	0.455127
8195.0	0.449277
8200.0	0.448830
8205.0	0.460174
8210.0	0.461839
8215.0	0.456577
8220.0	0.448850
8225.0	0.440289
8230.0	0.427210
8235.0	0.442600
8240.0	0.454457
8245.0	0.452637
8250.0	0.453264
8255.0	0.448739
8260.0	0.450689
8265.0	0.451254
8270.0	0.447205
8275.0	0.444233
8280.0	0.443559
8285.0	0.444461
8290.0	0.441680
8295.0	0.442126
8300.0	0.443890
8305.0	0.441498
8310.0	0.442536
8315.0	0.439753
8320.0	0.435576
8325.0	0.434193
8330.0	0.433739
8335.0	0.430343
8340.0	0.433730
8345.0	0.436834
8350.0	0.439323
8355.0	0.438433
8360.0	0.435926
8365.0	0.435478
8370.0	0.435929
8375.0	0.434632
8380.0	0.432737
8385.0	0.430867
8390.0	0.431155
8395.0	0.432659
8400.0	0.433813
8405.0	0.432811
8410.0	0.428648
8415.0	0.427663
8420.0	0.428157
8425.0	0.434752
8430.0	0.429578
8435.0	0.424510
8440.0	0.418632
8445.0	0.413985
8450.0	0.415411
8455.0	0.421666
8460.0	0.423497
8465.0	0.419724
8470.0	0.414449
8475.0	0.417379
8480.0	0.425040
8485.0	0.420909
8490.0	0.419488
8495.0	0.397593
8500.0	0.378391
8505.0	0.393881
8510.0	0.407945
8515.0	0.408958
8520.0	0.411389
8525.0	0.410997
8530.0	0.409198
8535.0	0.394884
8540.0	0.348077
8545.0	0.338139
8550.0	0.379412
8555.0	0.397946
8560.0	0.400258
8565.0	0.410331
8570.0	0.408203
8575.0	0.407770
8580.0	0.407794
8585.0	0.399788
8590.0	0.394489
8595.0	0.385416
8600.0	0.382034
8605.0	0.391017
8610.0	0.398072
8615.0	0.401941
8620.0	0.407719
8625.0	0.406209
8630.0	0.406342
8635.0	0.407770
8640.0	0.408075
8645.0	0.402094
8650.0	0.395499
8655.0	0.380767
8660.0	0.345421
8665.0	0.328802
8670.0	0.358622
8675.0	0.378774
8680.0	0.385597
8685.0	0.389998
8690.0	0.393987
8695.0	0.399274
8700.0	0.405108
8705.0	0.409760
8710.0	0.408198
8715.0	0.405714
8720.0	0.409266
8725.0	0.403340
8730.0	0.397490
8735.0	0.393033
8740.0	0.382231
8745.0	0.371989
8750.0	0.356859
8755.0	0.361446
8760.0	0.377963
8765.0	0.390274
8770.0	0.394354
8775.0	0.394423
8780.0	0.395683
8785.0	0.394680
8790.0	0.391782
8795.0	0.389632
8800.0	0.393894
8805.0	0.390833
8810.0	0.391966
8815.0	0.397421
8820.0	0.394688
8825.0	0.391410
8830.0	0.391802
8835.0	0.386011
8840.0	0.378389
8845.0	0.372397
8850.0	0.370275
8855.0	0.358410
8860.0	0.340662
8865.0	0.334760
8870.0	0.352045
8875.0	0.361456
8880.0	0.369083
8885.0	0.377574
8890.0	0.374633
8895.0	0.381038
8900.0	0.384496
8905.0	0.386881
8910.0	0.381536
8915.0	0.382100
8920.0	0.385553
8925.0	0.378938
8930.0	0.378678
8935.0	0.386255
8940.0	0.387154
8945.0	0.387278
8950.0	0.379567
8955.0	0.375321
8960.0	0.380253
8965.0	0.371252
8970.0	0.363474
8975.0	0.368922
8980.0	0.369601
8985.0	0.356770
8990.0	0.336060
8995.0	0.347692
9000.0	0.353307
9005.0	0.328562
9010.0	0.316527
9015.0	0.302732
9020.0	0.315574
9025.0	0.330582
9030.0	0.361083
9035.0	0.376629
9040.0	0.382370
9045.0	0.393140
9050.0	0.397868
9055.0	0.382335
9060.0	0.368043
9065.0	0.360427
9070.0	0.362826
9075.0	0.354531
9080.0	0.348524
9085.0	0.352164
9090.0	0.344440
9095.0	0.346726
9100.0	0.349517
9105.0	0.361591
9110.0	0.360114
9115.0	0.366478
9120.0	0.359739
9125.0	0.363384
9130.0	0.354536
9135.0	0.349121
9140.0	0.362051
9145.0	0.369632
9150.0	0.355391
9155.0	0.345001
9160.0	0.352044
9165.0	0.361323
9170.0	0.359673
9175.0	0.346553
9180.0	0.354362
9185.0	0.357553
9190.0	0.369903
9195.0	0.360411
9200.0	0.370531
9205.0	0.363055
9210.0	0.343942
9215.0	0.330116
9220.0	0.321843
9225.0	0.308106
9230.0	0.293182
9235.0	0.304020
9240.0	0.326849
9245.0	0.338372
9250.0	0.350160
9255.0	0.350287
9260.0	0.361743
9265.0	0.363404
9270.0	0.377892
9275.0	0.379047
9280.0	0.390402
9285.0	0.374627
9290.0	0.375943
9295.0	0.364151
9300.0	0.351784
9305.0	0.346382
9310.0	0.337812
9315.0	0.329857
9320.0	0.325948
9325.0	0.328853
9330.0	0.335718
9335.0	0.326516
9340.0	0.323901
9345.0	0.308465
9350.0	0.334344
9355.0	0.302954
9360.0	0.312861
9365.0	0.332272
9370.0	0.315599
9375.0	0.328945
9380.0	0.326418
9385.0	0.350257
9390.0	0.377070
9395.0	0.394141
9400.0	0.372576
9405.0	0.361985
9410.0	0.358145
9415.0	0.350814
9420.0	0.335892
9425.0	0.325418
9430.0	0.317649
9435.0	0.335479
9440.0	0.302854
9445.0	0.308848
9450.0	0.339422
9455.0	0.323169
9460.0	0.314020
9465.0	0.328177
9470.0	0.336751
9475.0	0.331324
9480.0	0.326492
9485.0	0.332771
9490.0	0.329716
9495.0	0.327967
9500.0	0.311667
9505.0	0.330244
9510.0	0.354174
9515.0	0.341672
9520.0	0.319446
9525.0	0.309598
9530.0	0.310414
9535.0	0.316067
9540.0	0.293701
9545.0	0.264434
9550.0	0.280391
9555.0	0.275314
9560.0	0.300896
9565.0	0.296984
9570.0	0.308283
9575.0	0.326055
9580.0	0.326285
9585.0	0.321244
9590.0	0.301034
9595.0	0.306836
9600.0	0.321056
9605.0	0.318246
9610.0	0.321881
9615.0	0.311250
9620.0	0.319050
9625.0	0.317898
9630.0	0.309146
9635.0	0.309712
9640.0	0.310448
9645.0	0.299546
9650.0	0.301435
9655.0	0.306094
9660.0	0.302185
9665.0	0.296827
9670.0	0.325371
9675.0	0.312739
9680.0	0.309693
9685.0	0.316861
9690.0	0.318236
9695.0	0.322793
9700.0	0.310665
9705.0	0.310923
9710.0	0.313763
9715.0	0.308891
9720.0	0.311238
9725.0	0.306421
9730.0	0.303292
9735.0	0.300925
9740.0	0.299803
9745.0	0.301426
9750.0	0.301254
9755.0	0.296814
9760.0	0.297993
9765.0	0.298305
9770.0	0.302949
9775.0	0.302115
9780.0	0.299155
9785.0	0.298411
9790.0	0.295912
9795.0	0.292257
9800.0	0.294359
9805.0	0.296860
9810.0	0.301756
9815.0	0.301990
9820.0	0.301958
9825.0	0.301325
9830.0	0.299281
9835.0	0.298301
9840.0	0.295916
9845.0	0.293672
9850.0	0.292944
9855.0	0.294498
9860.0	0.293614
9865.0	0.295434
9870.0	0.291237
9875.0	0.294627
9880.0	0.294578
9885.0	0.292127
9890.0	0.293043
9895.0	0.289848
9900.0	0.288935
9905.0	0.290668
9910.0	0.291263
9915.0	0.290855
9920.0	0.290580
9925.0	0.289839
9930.0	0.290049
9935.0	0.287986
9940.0	0.290318
9945.0	0.290523
9950.0	0.289912
9955.0	0.290665
9960.0	0.287419
9965.0	0.287455
9970.0	0.289657
9975.0	0.287734
9980.0	0.285722
9985.0	0.286219
9990.0	0.291280
9995.0	0.290187
10000.0	0.288456
10005.0	0.288232
10010.0	0.290314
10015.0	0.286403
10020.0	0.282548
10025.0	0.279174
10030.0	0.273249
10035.0	0.266509
10040.0	0.265497
10045.0	0.254115
10050.0	0.250726
10055.0	0.251778
10060.0	0.263603
10065.0	0.260951
10070.0	0.263221
10075.0	0.268339
10080.0	0.273695
10085.0	0.273319
10090.0	0.274920
10095.0	0.268230
10100.0	0.268430
10105.0	0.267512
10110.0	0.265866
10115.0	0.264576
10120.0	0.264727
10125.0	0.267043
10130.0	0.270803
10135.0	0.274925
10140.0	0.278329
10145.0	0.280135
10150.0	0.280270
10155.0	0.278863
10160.0	0.276042
10165.0	0.272041
10170.0	0.267501
10175.0	0.263170
10180.0	0.259794
10185.0	0.257944
10190.0	0.257489
10195.0	0.258124
10200.0	0.259543
10205.0	0.261417
10210.0	0.263321
10215.0	0.264808
10220.0	0.265430
10225.0	0.264891
10230.0	0.263505
10235.0	0.261739
10240.0	0.260059
10245.0	0.258889
10250.0	0.258484
10255.0	0.259056
10260.0	0.260818
10265.0	0.263739
10270.0	0.266820
10275.0	0.268816
10280.0	0.268486
10285.0	0.265107
10290.0	0.260034
10295.0	0.255143
10300.0	0.252308
10305.0	0.252814
10310.0	0.255572
10315.0	0.258902
10320.0	0.261125
10325.0	0.261038
10330.0	0.259344
10335.0	0.257225
10340.0	0.255859
10345.0	0.256035
10350.0	0.256962
10355.0	0.257456
10360.0	0.256331
10365.0	0.252897
10370.0	0.248437
10375.0	0.244725
10380.0	0.243538
10385.0	0.246029
10390.0	0.250866
10395.0	0.256097
10400.0	0.259767
10405.0	0.260453
10410.0	0.258845
10415.0	0.256165
10420.0	0.253633
10425.0	0.252175
10430.0	0.251545
10435.0	0.251205
10440.0	0.250613
10445.0	0.249411
10450.0	0.247956
10455.0	0.246785
10460.0	0.246435
10465.0	0.247216
10470.0	0.248532
10475.0	0.249556
10480.0	0.249465
10485.0	0.247770
10490.0	0.245333
10495.0	0.243352
10500.0	0.243025
10505.0	0.245062
10510.0	0.248228
10515.0	0.250799
10520.0	0.251052
10525.0	0.247903
10530.0	0.242820
10535.0	0.237911
10540.0	0.235285
10545.0	0.236348
10550.0	0.239702
10555.0	0.243246
10560.0	0.244882
10565.0	0.243152
10570.0	0.239164
10575.0	0.234671
10580.0	0.231425
10585.0	0.230698
10590.0	0.231854
10595.0	0.233779
10600.0	0.235358
10605.0	0.235722
10610.0	0.234990
10615.0	0.233529
10620.0	0.231702
