#-- f0ii
#\*l[Angstrom]	F(\*l)/F(555.6Angstrom]
1150.0	0.000000
1155.0	0.000000
1160.0	0.000000
1165.0	0.000000
1170.0	0.000000
1175.0	0.000000
1180.0	0.000000
1185.0	0.000000
1190.0	0.000000
1195.0	0.000000
1200.0	0.000000
1205.0	0.000000
1210.0	0.000000
1215.0	0.000000
1220.0	0.000000
1225.0	0.000001
1230.0	0.000001
1235.0	0.000001
1240.0	0.000000
1245.0	0.000000
1250.0	0.000000
1255.0	0.000000
1260.0	0.000000
1265.0	0.000000
1270.0	0.000000
1275.0	0.000000
1280.0	0.000000
1285.0	0.000000
1290.0	0.000000
1295.0	0.000000
1300.0	0.000000
1305.0	0.000001
1310.0	0.000003
1315.0	0.000004
1320.0	0.000005
1325.0	0.000006
1330.0	0.000007
1335.0	0.000006
1340.0	0.000005
1345.0	0.000003
1350.0	0.000000
1355.0	0.000000
1360.0	0.000000
1365.0	0.000000
1370.0	0.000000
1375.0	0.000000
1380.0	0.000000
1385.0	0.000000
1390.0	0.000000
1395.0	0.000000
1400.0	0.000000
1405.0	0.000016
1410.0	0.000035
1415.0	0.000055
1420.0	0.000072
1425.0	0.000085
1430.0	0.000091
1435.0	0.000088
1440.0	0.000073
1445.0	0.000045
1450.0	0.000000
1455.0	0.000000
1460.0	0.000000
1465.0	0.000000
1470.0	0.000000
1475.0	0.000000
1480.0	0.000000
1485.0	0.000000
1490.0	0.000000
1495.0	0.000000
1500.0	0.000000
1505.0	0.000232
1510.0	0.000526
1515.0	0.000872
1520.0	0.001263
1525.0	0.001690
1530.0	0.002146
1535.0	0.002623
1540.0	0.003111
1545.0	0.003604
1550.0	0.004093
1555.0	0.004571
1560.0	0.005036
1565.0	0.005487
1570.0	0.005923
1575.0	0.006344
1580.0	0.006749
1585.0	0.007136
1590.0	0.007505
1595.0	0.007855
1600.0	0.008186
1605.0	0.008500
1610.0	0.008824
1615.0	0.009187
1620.0	0.009619
1625.0	0.010151
1630.0	0.010812
1635.0	0.011632
1640.0	0.012641
1645.0	0.013870
1650.0	0.015348
1655.0	0.017098
1660.0	0.019112
1665.0	0.021375
1670.0	0.023874
1675.0	0.026593
1680.0	0.029518
1685.0	0.032633
1690.0	0.035924
1695.0	0.039376
1700.0	0.042974
1705.0	0.046702
1710.0	0.050536
1715.0	0.054448
1720.0	0.058414
1725.0	0.062407
1730.0	0.066400
1735.0	0.070368
1740.0	0.074283
1745.0	0.078121
1750.0	0.081855
1755.0	0.085459
1760.0	0.088904
1765.0	0.092163
1770.0	0.095209
1775.0	0.098013
1780.0	0.100547
1785.0	0.102785
1790.0	0.104697
1795.0	0.106256
1800.0	0.107435
1805.0	0.108223
1810.0	0.108678
1815.0	0.108877
1820.0	0.108895
1825.0	0.108810
1830.0	0.108696
1835.0	0.108630
1840.0	0.108688
1845.0	0.108947
1850.0	0.109482
1855.0	0.110350
1860.0	0.111533
1865.0	0.112995
1870.0	0.114697
1875.0	0.116604
1880.0	0.118677
1885.0	0.120881
1890.0	0.123177
1895.0	0.125529
1900.0	0.127899
1905.0	0.130255
1910.0	0.132579
1915.0	0.134857
1920.0	0.137075
1925.0	0.139220
1930.0	0.141278
1935.0	0.143235
1940.0	0.145077
1945.0	0.146791
1950.0	0.148363
1955.0	0.149785
1960.0	0.151077
1965.0	0.152261
1970.0	0.153363
1975.0	0.154408
1980.0	0.155419
1985.0	0.156421
1990.0	0.157438
1995.0	0.158496
2000.0	0.159618
2005.0	0.160823
2010.0	0.162107
2015.0	0.163459
2020.0	0.164869
2025.0	0.166325
2030.0	0.167818
2035.0	0.169336
2040.0	0.170870
2045.0	0.172409
2050.0	0.173943
2055.0	0.175452
2060.0	0.176890
2065.0	0.178199
2070.0	0.179323
2075.0	0.180208
2080.0	0.180795
2085.0	0.181030
2090.0	0.180857
2095.0	0.180218
2100.0	0.179059
2105.0	0.177354
2110.0	0.175210
2115.0	0.172762
2120.0	0.170146
2125.0	0.167500
2130.0	0.164960
2135.0	0.162663
2140.0	0.160746
2145.0	0.159344
2150.0	0.158595
2155.0	0.158587
2160.0	0.159215
2165.0	0.160327
2170.0	0.161770
2175.0	0.163391
2180.0	0.165038
2185.0	0.166558
2190.0	0.167798
2195.0	0.168605
2200.0	0.168827
2205.0	0.168359
2210.0	0.167289
2215.0	0.165755
2220.0	0.163892
2225.0	0.161839
2230.0	0.159730
2235.0	0.157703
2240.0	0.155894
2245.0	0.154441
2250.0	0.153479
2255.0	0.153098
2260.0	0.153197
2265.0	0.153628
2270.0	0.154243
2275.0	0.154892
2280.0	0.155429
2285.0	0.155704
2290.0	0.155570
2295.0	0.154877
2300.0	0.153479
2305.0	0.151275
2310.0	0.148367
2315.0	0.144903
2320.0	0.141033
2325.0	0.136907
2330.0	0.132674
2335.0	0.128484
2340.0	0.124487
2345.0	0.120831
2350.0	0.117667
2355.0	0.115116
2360.0	0.113185
2365.0	0.111856
2370.0	0.111106
2375.0	0.110917
2380.0	0.111268
2385.0	0.112139
2390.0	0.113509
2395.0	0.115359
2400.0	0.117667
2405.0	0.120407
2410.0	0.123516
2415.0	0.126927
2420.0	0.130571
2425.0	0.134379
2430.0	0.138283
2435.0	0.142213
2440.0	0.146102
2445.0	0.149880
2450.0	0.153479
2455.0	0.156834
2460.0	0.159899
2465.0	0.162630
2470.0	0.164985
2475.0	0.166922
2480.0	0.168397
2485.0	0.169367
2490.0	0.169791
2495.0	0.169625
2500.0	0.168827
2505.0	0.167380
2510.0	0.165375
2515.0	0.162928
2520.0	0.160156
2525.0	0.157177
2530.0	0.154106
2535.0	0.151061
2540.0	0.148158
2545.0	0.145515
2550.0	0.143247
2555.0	0.141458
2560.0	0.140199
2565.0	0.139504
2570.0	0.139410
2575.0	0.139952
2580.0	0.141168
2585.0	0.143092
2590.0	0.145761
2595.0	0.149212
2600.0	0.153479
2605.0	0.158565
2610.0	0.164335
2615.0	0.170621
2620.0	0.177253
2625.0	0.184063
2630.0	0.190881
2635.0	0.197540
2640.0	0.203871
2645.0	0.209704
2650.0	0.214870
2655.0	0.219240
2660.0	0.222830
2665.0	0.225696
2670.0	0.227896
2675.0	0.229485
2680.0	0.230518
2685.0	0.231052
2690.0	0.231143
2695.0	0.230846
2700.0	0.230218
2705.0	0.229302
2710.0	0.228085
2715.0	0.226544
2720.0	0.224655
2725.0	0.222393
2730.0	0.219734
2735.0	0.216654
2740.0	0.213127
2745.0	0.209130
2750.0	0.204638
2755.0	0.199675
2760.0	0.194448
2765.0	0.189215
2770.0	0.184233
2775.0	0.179756
2780.0	0.176043
2785.0	0.173348
2790.0	0.171929
2795.0	0.172042
2800.0	0.173943
2805.0	0.177791
2810.0	0.183358
2815.0	0.190318
2820.0	0.198346
2825.0	0.207115
2830.0	0.216299
2835.0	0.225574
2840.0	0.234613
2845.0	0.243091
2850.0	0.250682
2855.0	0.257140
2860.0	0.262542
2865.0	0.267044
2870.0	0.270803
2875.0	0.273974
2880.0	0.276714
2885.0	0.279179
2890.0	0.281527
2895.0	0.283913
2900.0	0.286494
2905.0	0.289396
2910.0	0.292625
2915.0	0.296159
2920.0	0.299972
2925.0	0.304043
2930.0	0.308347
2935.0	0.312860
2940.0	0.317559
2945.0	0.322421
2950.0	0.327422
2955.0	0.332531
2960.0	0.337693
2965.0	0.342847
2970.0	0.347930
2975.0	0.352880
2980.0	0.357635
2985.0	0.362133
2990.0	0.366312
2995.0	0.370110
3000.0	0.373465
3005.0	0.376337
3010.0	0.378773
3015.0	0.380842
3020.0	0.382613
3025.0	0.384156
3030.0	0.385539
3035.0	0.386832
3040.0	0.388104
3045.0	0.389423
3050.0	0.390860
3055.0	0.392465
3060.0	0.394219
3065.0	0.396087
3070.0	0.398032
3075.0	0.400017
3080.0	0.402007
3085.0	0.403964
3090.0	0.405852
3095.0	0.407635
3100.0	0.409277
3105.0	0.410750
3110.0	0.412067
3115.0	0.413248
3120.0	0.414315
3125.0	0.415289
3130.0	0.416191
3135.0	0.417043
3140.0	0.417866
3145.0	0.418681
3150.0	0.419509
3155.0	0.420368
3160.0	0.421263
3165.0	0.422193
3170.0	0.423159
3175.0	0.424162
3180.0	0.425202
3185.0	0.426279
3190.0	0.427395
3195.0	0.428548
3200.0	0.443376
3205.0	0.445396
3210.0	0.446960
3215.0	0.446865
3220.0	0.441003
3225.0	0.428358
3230.0	0.408439
3235.0	0.433078
3240.0	0.457012
3245.0	0.445929
3250.0	0.435640
3255.0	0.462301
3260.0	0.493319
3265.0	0.491208
3270.0	0.467657
3275.0	0.444986
3280.0	0.438861
3285.0	0.456792
3290.0	0.480316
3295.0	0.489480
3300.0	0.484314
3305.0	0.471062
3310.0	0.460816
3315.0	0.462019
3320.0	0.467657
3325.0	0.468468
3330.0	0.461666
3335.0	0.448170
3340.0	0.437248
3345.0	0.438915
3350.0	0.457854
3355.0	0.489933
3360.0	0.501103
3365.0	0.466769
3370.0	0.430058
3375.0	0.433760
3380.0	0.451572
3385.0	0.451755
3390.0	0.449912
3395.0	0.464837
3400.0	0.480759
3405.0	0.480072
3410.0	0.472419
3415.0	0.471594
3420.0	0.480759
3425.0	0.496211
3430.0	0.497425
3435.0	0.471393
3440.0	0.451989
3445.0	0.469031
3450.0	0.489246
3455.0	0.478099
3460.0	0.459121
3465.0	0.460354
3470.0	0.469816
3475.0	0.470150
3480.0	0.462517
3485.0	0.453079
3490.0	0.449498
3495.0	0.456437
3500.0	0.465080
3505.0	0.466910
3510.0	0.470442
3515.0	0.473424
3520.0	0.480072
3525.0	0.486465
3530.0	0.488743
3535.0	0.505310
3540.0	0.506732
3545.0	0.496194
3550.0	0.481435
3555.0	0.481474
3560.0	0.484301
3565.0	0.464100
3570.0	0.443095
3575.0	0.452012
3580.0	0.459806
3585.0	0.456737
3590.0	0.452662
3595.0	0.462212
3600.0	0.476519
3605.0	0.471315
3610.0	0.466528
3615.0	0.472375
3620.0	0.478362
3625.0	0.477245
3630.0	0.474169
3635.0	0.484527
3640.0	0.472407
3645.0	0.479338
3650.0	0.505475
3655.0	0.518752
3660.0	0.516326
3665.0	0.522676
3670.0	0.528836
3675.0	0.540165
3680.0	0.565894
3685.0	0.621096
3690.0	0.687747
3695.0	0.714748
3700.0	0.760466
3705.0	0.759942
3710.0	0.809573
3715.0	0.910502
3720.0	0.911931
3725.0	0.966389
3730.0	0.982145
3735.0	0.995806
3740.0	1.176014
3745.0	1.040991
3750.0	0.922531
3755.0	1.176618
3760.0	1.271820
3765.0	1.158848
3770.0	1.008499
3775.0	1.344063
3780.0	1.725464
3785.0	1.742434
3790.0	1.519716
3795.0	1.181681
3800.0	1.188645
3805.0	1.586009
3810.0	1.844921
3815.0	1.884201
3820.0	1.819909
3825.0	1.528613
3830.0	1.207928
3835.0	1.028678
3840.0	1.320542
3845.0	1.710990
3850.0	1.949109
3855.0	1.985068
3860.0	1.964121
3865.0	2.017595
3870.0	2.041908
3875.0	1.935321
3880.0	1.697680
3885.0	1.261036
3890.0	1.081642
3895.0	1.398060
3900.0	1.733878
3905.0	1.913154
3910.0	1.976685
3915.0	1.972950
3920.0	1.915086
3925.0	1.547079
3930.0	1.047831
3935.0	1.126923
3940.0	1.622128
3945.0	1.809537
3950.0	1.842590
3955.0	1.814832
3960.0	1.570847
3965.0	1.004041
3970.0	0.780026
3975.0	1.260356
3980.0	1.732846
3985.0	1.949348
3990.0	2.023406
3995.0	1.996106
4000.0	1.940758
4005.0	1.954412
4010.0	1.995922
4015.0	2.026549
4020.0	2.031406
4025.0	1.934840
4030.0	1.897590
4035.0	1.972472
4040.0	2.016052
4045.0	1.953381
4050.0	1.926391
4055.0	1.932653
4060.0	1.949200
4065.0	1.928276
4070.0	1.887063
4075.0	1.837733
4080.0	1.847548
4085.0	1.869326
4090.0	1.775978
4095.0	1.408318
4100.0	1.049953
4105.0	1.262552
4110.0	1.642010
4115.0	1.835883
4120.0	1.859475
4125.0	1.803867
4130.0	1.776728
4135.0	1.868313
4140.0	1.925777
4145.0	1.911617
4150.0	1.880111
4155.0	1.849706
4160.0	1.834783
4165.0	1.845959
4170.0	1.776084
4175.0	1.684482
4180.0	1.676236
4185.0	1.741096
4190.0	1.789797
4195.0	1.775940
4200.0	1.739148
4205.0	1.751236
4210.0	1.784542
4215.0	1.787440
4220.0	1.770509
4225.0	1.706184
4230.0	1.709651
4235.0	1.705579
4240.0	1.736344
4245.0	1.696977
4250.0	1.660694
4255.0	1.681041
4260.0	1.690115
4265.0	1.709076
4270.0	1.671773
4275.0	1.689481
4280.0	1.713462
4285.0	1.673157
4290.0	1.607872
4295.0	1.565486
4300.0	1.517189
4305.0	1.558802
4310.0	1.592454
4315.0	1.578748
4320.0	1.613996
4325.0	1.602686
4330.0	1.501107
4335.0	1.170548
4340.0	0.897579
4345.0	1.123207
4350.0	1.427499
4355.0	1.616919
4360.0	1.691708
4365.0	1.694666
4370.0	1.647470
4375.0	1.639985
4380.0	1.638901
4385.0	1.581031
4390.0	1.594882
4395.0	1.547119
4400.0	1.561029
4405.0	1.594371
4410.0	1.577251
4415.0	1.514279
4420.0	1.528879
4425.0	1.581983
4430.0	1.594161
4435.0	1.590933
4440.0	1.557508
4445.0	1.542899
4450.0	1.587161
4455.0	1.581828
4460.0	1.560910
4465.0	1.528840
4470.0	1.524495
4475.0	1.561912
4480.0	1.548607
4485.0	1.554178
4490.0	1.546267
4495.0	1.581570
4500.0	1.602556
4505.0	1.618899
4510.0	1.614782
4515.0	1.567493
4520.0	1.522852
4525.0	1.521152
4530.0	1.522199
4535.0	1.561430
4540.0	1.557016
4545.0	1.509610
4550.0	1.447523
4555.0	1.460805
4560.0	1.498249
4565.0	1.536982
4570.0	1.540921
4575.0	1.516214
4580.0	1.470612
4585.0	1.450922
4590.0	1.479323
4595.0	1.519696
4600.0	1.563720
4605.0	1.592175
4610.0	1.587582
4615.0	1.537423
4620.0	1.526167
4625.0	1.533899
4630.0	1.516442
4635.0	1.525845
4640.0	1.552343
4645.0	1.564007
4650.0	1.553988
4655.0	1.534068
4660.0	1.517644
4665.0	1.478736
4670.0	1.485252
4675.0	1.537762
4680.0	1.560912
4685.0	1.564488
4690.0	1.547970
4695.0	1.530569
4700.0	1.508814
4705.0	1.491847
4710.0	1.505126
4715.0	1.518446
4720.0	1.513399
4725.0	1.486791
4730.0	1.455336
4735.0	1.456946
4740.0	1.475057
4745.0	1.487705
4750.0	1.486690
4755.0	1.482578
4760.0	1.435299
4765.0	1.411915
4770.0	1.432676
4775.0	1.437628
4780.0	1.439345
4785.0	1.439201
4790.0	1.435944
4795.0	1.425858
4800.0	1.425310
4805.0	1.414814
4810.0	1.419548
4815.0	1.422989
4820.0	1.417349
4825.0	1.406035
4830.0	1.396464
4835.0	1.392505
4840.0	1.381675
4845.0	1.333512
4850.0	1.209644
4855.0	0.949320
4860.0	0.778229
4865.0	0.953139
4870.0	1.149824
4875.0	1.233217
4880.0	1.283468
4885.0	1.309998
4890.0	1.322651
4895.0	1.348009
4900.0	1.361379
4905.0	1.375625
4910.0	1.348343
4915.0	1.337417
4920.0	1.287697
4925.0	1.293078
4930.0	1.340656
4935.0	1.345518
4940.0	1.362289
4945.0	1.382144
4950.0	1.378460
4955.0	1.343566
4960.0	1.344661
4965.0	1.359755
4970.0	1.353813
4975.0	1.335220
4980.0	1.298819
4985.0	1.302206
4990.0	1.311211
4995.0	1.302124
5000.0	1.300614
5005.0	1.281409
5010.0	1.277600
5015.0	1.232007
5020.0	1.198282
5025.0	1.262562
5030.0	1.281436
5035.0	1.267086
5040.0	1.263004
5045.0	1.281798
5050.0	1.281711
5055.0	1.281173
5060.0	1.293351
5065.0	1.283059
5070.0	1.262342
5075.0	1.259089
5080.0	1.266663
5085.0	1.272536
5090.0	1.279740
5095.0	1.266014
5100.0	1.251163
5105.0	1.263521
5110.0	1.274056
5115.0	1.265830
5120.0	1.245706
5125.0	1.225492
5130.0	1.208854
5135.0	1.212913
5140.0	1.210786
5145.0	1.218592
5150.0	1.211850
5155.0	1.206537
5160.0	1.200567
5165.0	1.120939
5170.0	1.087808
5175.0	1.162860
5180.0	1.185304
5185.0	1.147186
5190.0	1.128737
5195.0	1.128841
5200.0	1.148765
5205.0	1.142242
5210.0	1.149416
5215.0	1.170642
5220.0	1.177545
5225.0	1.124025
5230.0	1.097977
5235.0	1.104541
5240.0	1.148318
5245.0	1.159858
5250.0	1.148762
5255.0	1.139605
5260.0	1.118587
5265.0	1.077918
5270.0	1.065835
5275.0	1.064864
5280.0	1.098009
5285.0	1.135284
5290.0	1.166805
5295.0	1.166704
5300.0	1.147867
5305.0	1.128397
5310.0	1.111121
5315.0	1.095726
5320.0	1.100323
5325.0	1.086276
5330.0	1.091488
5335.0	1.074324
5340.0	1.080662
5345.0	1.105027
5350.0	1.116288
5355.0	1.122483
5360.0	1.101201
5365.0	1.077119
5370.0	1.071234
5375.0	1.076365
5380.0	1.080688
5385.0	1.092361
5390.0	1.088027
5395.0	1.070204
5400.0	1.054700
5405.0	1.046462
5410.0	1.042966
5415.0	1.045879
5420.0	1.043048
5425.0	1.032706
5430.0	1.036826
5435.0	1.050086
5440.0	1.068509
5445.0	1.056401
5450.0	1.049673
5455.0	1.048716
5460.0	1.061737
5465.0	1.056842
5470.0	1.049803
5475.0	1.035989
5480.0	1.031225
5485.0	1.037590
5490.0	1.038762
5495.0	1.035849
5500.0	1.026439
5505.0	1.014606
5510.0	1.015007
5515.0	1.034658
5520.0	1.034370
5525.0	0.998366
5530.0	0.985883
5535.0	0.996538
5540.0	1.006915
5545.0	1.004876
5550.0	1.007957
5555.0	1.006468
5560.0	1.001304
5565.0	1.000905
5570.0	0.991537
5575.0	0.999642
5580.0	1.003911
5585.0	0.987820
5590.0	0.977166
5595.0	0.977959
5600.0	0.976124
5605.0	0.983705
5610.0	0.988528
5615.0	0.972406
5620.0	0.971988
5625.0	0.977095
5630.0	0.974537
5635.0	0.980974
5640.0	0.970492
5645.0	0.971103
5650.0	0.975907
5655.0	0.949107
5660.0	0.928469
5665.0	0.930675
5670.0	0.944748
5675.0	0.954692
5680.0	0.950115
5685.0	0.940423
5690.0	0.942068
5695.0	0.949317
5700.0	0.949061
5705.0	0.937044
5710.0	0.930902
5715.0	0.934400
5720.0	0.938832
5725.0	0.944428
5730.0	0.944339
5735.0	0.940681
5740.0	0.936064
5745.0	0.929567
5750.0	0.930127
5755.0	0.926551
5760.0	0.925428
5765.0	0.925989
5770.0	0.918846
5775.0	0.904695
5780.0	0.882811
5785.0	0.886408
5790.0	0.895133
5795.0	0.896801
5800.0	0.903881
5805.0	0.906317
5810.0	0.902764
5815.0	0.902403
5820.0	0.900903
5825.0	0.896056
5830.0	0.894176
5835.0	0.899390
5840.0	0.897299
5845.0	0.887227
5850.0	0.881517
5855.0	0.880816
5860.0	0.890393
5865.0	0.891447
5870.0	0.892198
5875.0	0.888440
5880.0	0.876712
5885.0	0.844110
5890.0	0.802221
5895.0	0.808886
5900.0	0.849154
5905.0	0.862852
5910.0	0.870212
5915.0	0.864051
5920.0	0.858271
5925.0	0.855227
5930.0	0.856351
5935.0	0.861683
5940.0	0.859926
5945.0	0.850186
5950.0	0.845819
5955.0	0.847501
5960.0	0.849973
5965.0	0.850106
5970.0	0.844663
5975.0	0.844131
5980.0	0.844346
5985.0	0.837836
5990.0	0.829956
5995.0	0.837621
6000.0	0.839007
6005.0	0.830818
6010.0	0.826419
6015.0	0.821008
6020.0	0.819429
6025.0	0.823963
6030.0	0.821095
6035.0	0.818919
6040.0	0.816973
6045.0	0.816483
6050.0	0.812665
6055.0	0.811404
6060.0	0.815004
6065.0	0.814755
6070.0	0.813197
6075.0	0.808880
6080.0	0.804201
6085.0	0.801466
6090.0	0.803101
6095.0	0.802591
6100.0	0.799796
6105.0	0.799093
6110.0	0.800011
6115.0	0.799406
6120.0	0.793444
6125.0	0.788491
6130.0	0.785311
6135.0	0.777638
6140.0	0.768033
6145.0	0.766412
6150.0	0.763995
6155.0	0.764786
6160.0	0.762308
6165.0	0.769785
6170.0	0.772099
6175.0	0.771850
6180.0	0.772821
6185.0	0.772000
6190.0	0.773671
6195.0	0.772421
6200.0	0.772754
6205.0	0.773287
6210.0	0.770584
6215.0	0.765121
6220.0	0.765917
6225.0	0.766262
6230.0	0.757023
6235.0	0.749258
6240.0	0.742991
6245.0	0.736434
6250.0	0.739158
6255.0	0.748971
6260.0	0.751136
6265.0	0.746500
6270.0	0.746963
6275.0	0.734711
6280.0	0.706106
6285.0	0.712226
6290.0	0.732108
6295.0	0.737026
6300.0	0.732218
6305.0	0.733084
6310.0	0.735952
6315.0	0.730480
6320.0	0.730792
6325.0	0.737734
6330.0	0.738809
6335.0	0.738723
6340.0	0.735579
6345.0	0.720331
6350.0	0.717348
6355.0	0.731056
6360.0	0.734374
6365.0	0.724923
6370.0	0.709473
6375.0	0.719108
6380.0	0.727524
6385.0	0.725882
6390.0	0.722876
6395.0	0.722479
6400.0	0.719539
6405.0	0.719620
6410.0	0.715149
6415.0	0.710121
6420.0	0.708561
6425.0	0.715169
6430.0	0.709243
6435.0	0.707530
6440.0	0.707025
6445.0	0.708028
6450.0	0.700394
6455.0	0.682292
6460.0	0.683613
6465.0	0.692137
6470.0	0.698516
6475.0	0.698285
6480.0	0.691296
6485.0	0.686136
6490.0	0.680446
6495.0	0.675399
6500.0	0.688344
6505.0	0.699162
6510.0	0.697942
6515.0	0.685821
6520.0	0.685929
6525.0	0.691640
6530.0	0.687580
6535.0	0.681562
6540.0	0.677967
6545.0	0.666398
6550.0	0.632924
6555.0	0.561155
6560.0	0.461826
6565.0	0.468213
6570.0	0.563542
6575.0	0.624909
6580.0	0.658045
6585.0	0.663799
6590.0	0.666746
6595.0	0.674715
6600.0	0.679702
6605.0	0.678250
6610.0	0.675992
6615.0	0.677289
6620.0	0.679611
6625.0	0.677385
6630.0	0.672660
6635.0	0.668205
6640.0	0.665161
6645.0	0.662251
6650.0	0.662748
6655.0	0.659558
6660.0	0.657460
6665.0	0.658249
6670.0	0.658093
6675.0	0.652785
6680.0	0.649941
6685.0	0.653420
6690.0	0.656731
6695.0	0.656040
6700.0	0.652239
6705.0	0.652045
6710.0	0.650279
6715.0	0.646976
6720.0	0.645817
6725.0	0.646406
6730.0	0.646535
6735.0	0.645722
6740.0	0.643482
6745.0	0.641566
6750.0	0.641307
6755.0	0.639630
6760.0	0.635682
6765.0	0.636642
6770.0	0.634365
6775.0	0.634538
6780.0	0.634875
6785.0	0.632902
6790.0	0.632126
6795.0	0.629291
6800.0	0.626623
6805.0	0.628582
6810.0	0.627347
6815.0	0.623162
6820.0	0.620522
6825.0	0.619505
6830.0	0.617373
6835.0	0.616753
6840.0	0.606897
6845.0	0.605891
6850.0	0.604849
6855.0	0.603792
6860.0	0.602727
6865.0	0.601641
6870.0	0.600588
6875.0	0.599551
6880.0	0.598486
6885.0	0.597422
6890.0	0.596355
6895.0	0.595215
6900.0	0.594073
6905.0	0.592943
6910.0	0.591822
6915.0	0.590735
6920.0	0.589681
6925.0	0.588629
6930.0	0.587684
6935.0	0.586700
6940.0	0.585783
6945.0	0.585026
6950.0	0.584161
6955.0	0.583205
6960.0	0.582365
6965.0	0.581686
6970.0	0.580733
6975.0	0.588842
6980.0	0.587376
6985.0	0.585840
6990.0	0.580477
6995.0	0.578322
7000.0	0.575222
7005.0	0.573990
7010.0	0.580268
7015.0	0.580820
7020.0	0.579342
7025.0	0.575723
7030.0	0.574180
7035.0	0.576302
7040.0	0.576720
7045.0	0.578607
7050.0	0.575929
7055.0	0.574313
7060.0	0.575825
7065.0	0.574875
7070.0	0.573559
7075.0	0.573378
7080.0	0.573005
7085.0	0.572317
7090.0	0.569431
7095.0	0.569070
7100.0	0.568944
7105.0	0.570863
7110.0	0.563114
7115.0	0.558578
7120.0	0.561731
7125.0	0.565555
7130.0	0.569216
7135.0	0.571407
7140.0	0.570738
7145.0	0.565135
7150.0	0.561981
7155.0	0.565526
7160.0	0.561881
7165.0	0.545339
7170.0	0.531033
7175.0	0.520722
7180.0	0.515164
7185.0	0.500671
7190.0	0.498694
7195.0	0.505262
7200.0	0.508213
7205.0	0.518630
7210.0	0.532933
7215.0	0.542117
7220.0	0.543153
7225.0	0.535796
7230.0	0.526701
7235.0	0.513649
7240.0	0.509975
7245.0	0.511982
7250.0	0.515208
7255.0	0.514731
7260.0	0.520556
7265.0	0.519554
7270.0	0.520877
7275.0	0.509670
7280.0	0.512144
7285.0	0.513399
7290.0	0.501871
7295.0	0.509244
7300.0	0.514346
7305.0	0.507543
7310.0	0.506105
7315.0	0.508834
7320.0	0.513561
7325.0	0.517976
7330.0	0.518328
7335.0	0.520269
7340.0	0.525258
7345.0	0.525659
7350.0	0.521044
7355.0	0.516843
7360.0	0.515727
7365.0	0.512159
7370.0	0.511970
7375.0	0.513580
7380.0	0.513638
7385.0	0.507905
7390.0	0.503816
7395.0	0.504683
7400.0	0.501745
7405.0	0.499586
7410.0	0.495930
7415.0	0.491226
7420.0	0.489738
7425.0	0.482668
7430.0	0.487085
7435.0	0.487744
7440.0	0.485371
7445.0	0.479719
7450.0	0.479367
7455.0	0.482886
7460.0	0.482743
7465.0	0.477271
7470.0	0.474672
7475.0	0.476932
7480.0	0.478400
7485.0	0.480133
7490.0	0.479611
7495.0	0.477209
7500.0	0.477006
7505.0	0.475619
7510.0	0.472473
7515.0	0.470071
7520.0	0.470577
7525.0	0.472327
7530.0	0.471767
7535.0	0.469623
7540.0	0.472120
7545.0	0.471290
7550.0	0.471516
7555.0	0.470817
7560.0	0.469832
7565.0	0.468996
7570.0	0.468263
7575.0	0.467433
7580.0	0.466533
7585.0	0.465677
7590.0	0.464903
7595.0	0.464132
7600.0	0.463303
7605.0	0.462574
7610.0	0.461814
7615.0	0.461066
7620.0	0.460318
7625.0	0.459573
7630.0	0.458829
7635.0	0.458087
7640.0	0.457345
7645.0	0.456604
7650.0	0.455865
7655.0	0.455127
7660.0	0.454390
7665.0	0.453658
7670.0	0.452896
7675.0	0.452140
7680.0	0.451419
7685.0	0.450725
7690.0	0.450005
7695.0	0.449306
7700.0	0.448605
7705.0	0.447909
7710.0	0.447465
7715.0	0.447552
7720.0	0.447280
7725.0	0.446586
7730.0	0.446862
7735.0	0.445089
7740.0	0.443545
7745.0	0.442334
7750.0	0.442774
7755.0	0.441728
7760.0	0.440959
7765.0	0.438496
7770.0	0.425394
7775.0	0.403790
7780.0	0.412577
7785.0	0.426032
7790.0	0.434007
7795.0	0.435130
7800.0	0.432180
7805.0	0.431523
7810.0	0.431118
7815.0	0.430967
7820.0	0.431231
7825.0	0.430540
7830.0	0.428616
7835.0	0.425966
7840.0	0.424149
7845.0	0.424966
7850.0	0.420491
7855.0	0.422278
7860.0	0.421963
7865.0	0.420678
7870.0	0.420050
7875.0	0.416118
7880.0	0.412408
7885.0	0.417829
7890.0	0.419619
7895.0	0.413279
7900.0	0.408421
7905.0	0.413345
7910.0	0.416447
7915.0	0.414351
7920.0	0.411367
7925.0	0.411648
7930.0	0.410981
7935.0	0.411940
7940.0	0.414896
7945.0	0.410411
7950.0	0.407796
7955.0	0.408644
7960.0	0.410304
7965.0	0.412246
7970.0	0.411368
7975.0	0.410674
7980.0	0.410451
7985.0	0.407886
7990.0	0.408068
7995.0	0.404597
8000.0	0.406485
8005.0	0.408588
8010.0	0.410349
8015.0	0.410347
8020.0	0.407272
8025.0	0.407371
8030.0	0.408487
8035.0	0.406007
8040.0	0.404020
8045.0	0.403283
8050.0	0.403190
8055.0	0.401795
8060.0	0.402882
8065.0	0.400047
8070.0	0.400889
8075.0	0.403492
8080.0	0.400972
8085.0	0.397580
8090.0	0.398043
8095.0	0.397968
8100.0	0.397917
8105.0	0.395977
8110.0	0.395170
8115.0	0.393873
8120.0	0.395338
8125.0	0.393468
8130.0	0.393425
8135.0	0.390371
8140.0	0.390634
8145.0	0.389388
8150.0	0.386433
8155.0	0.382919
8160.0	0.381086
8165.0	0.376434
8170.0	0.381701
8175.0	0.381028
8180.0	0.373937
8185.0	0.373112
8190.0	0.373001
8195.0	0.375698
8200.0	0.372480
8205.0	0.378823
8210.0	0.386488
8215.0	0.376531
8220.0	0.370673
8225.0	0.364261
8230.0	0.357248
8235.0	0.365719
8240.0	0.379374
8245.0	0.370890
8250.0	0.372864
8255.0	0.373761
8260.0	0.374440
8265.0	0.374429
8270.0	0.374137
8275.0	0.369545
8280.0	0.366585
8285.0	0.368427
8290.0	0.364689
8295.0	0.365281
8300.0	0.367908
8305.0	0.367504
8310.0	0.368005
8315.0	0.365690
8320.0	0.363021
8325.0	0.358209
8330.0	0.360336
8335.0	0.354278
8340.0	0.359421
8345.0	0.360207
8350.0	0.361567
8355.0	0.363924
8360.0	0.355810
8365.0	0.360535
8370.0	0.361260
8375.0	0.352455
8380.0	0.357712
8385.0	0.363019
8390.0	0.353621
8395.0	0.344860
8400.0	0.360870
8405.0	0.367682
8410.0	0.354587
8415.0	0.340538
8420.0	0.355770
8425.0	0.368843
8430.0	0.367884
8435.0	0.341854
8440.0	0.322400
8445.0	0.336716
8450.0	0.349763
8455.0	0.368169
8460.0	0.352773
8465.0	0.325406
8470.0	0.316384
8475.0	0.344310
8480.0	0.364534
8485.0	0.373533
8490.0	0.371200
8495.0	0.347430
8500.0	0.303369
8505.0	0.294845
8510.0	0.329321
8515.0	0.353839
8520.0	0.365225
8525.0	0.368102
8530.0	0.363653
8535.0	0.345161
8540.0	0.304643
8545.0	0.263485
8550.0	0.294543
8555.0	0.334667
8560.0	0.357272
8565.0	0.361597
8570.0	0.361872
8575.0	0.363805
8580.0	0.357626
8585.0	0.344489
8590.0	0.326558
8595.0	0.293350
8600.0	0.270976
8605.0	0.301277
8610.0	0.332042
8615.0	0.349830
8620.0	0.356437
8625.0	0.361836
8630.0	0.360670
8635.0	0.364830
8640.0	0.364354
8645.0	0.357498
8650.0	0.348919
8655.0	0.325733
8660.0	0.283793
8665.0	0.240262
8670.0	0.265398
8675.0	0.301655
8680.0	0.314885
8685.0	0.322830
8690.0	0.340040
8695.0	0.357211
8700.0	0.364643
8705.0	0.364048
8710.0	0.364524
8715.0	0.362922
8720.0	0.362402
8725.0	0.357234
8730.0	0.346765
8735.0	0.334170
8740.0	0.312210
8745.0	0.291086
8750.0	0.255519
8755.0	0.261014
8760.0	0.293776
8765.0	0.315568
8770.0	0.328190
8775.0	0.336219
8780.0	0.336464
8785.0	0.339649
8790.0	0.340367
8795.0	0.340777
8800.0	0.344402
8805.0	0.344158
8810.0	0.337354
8815.0	0.344355
8820.0	0.340669
8825.0	0.333240
8830.0	0.330832
8835.0	0.328172
8840.0	0.325109
8845.0	0.316205
8850.0	0.305663
8855.0	0.286346
8860.0	0.257069
8865.0	0.240009
8870.0	0.266383
8875.0	0.290872
8880.0	0.304557
8885.0	0.313198
8890.0	0.322493
8895.0	0.328857
8900.0	0.326242
8905.0	0.328064
8910.0	0.321887
8915.0	0.319246
8920.0	0.320024
8925.0	0.311490
8930.0	0.305217
8935.0	0.310489
8940.0	0.312712
8945.0	0.309531
8950.0	0.303392
8955.0	0.303021
8960.0	0.312284
8965.0	0.308061
8970.0	0.305917
8975.0	0.303425
8980.0	0.303829
8985.0	0.298784
8990.0	0.285394
8995.0	0.281683
9000.0	0.283000
9005.0	0.270656
9010.0	0.248789
9015.0	0.224194
9020.0	0.234670
9025.0	0.265198
9030.0	0.287477
9035.0	0.304942
9040.0	0.307990
9045.0	0.319254
9050.0	0.321521
9055.0	0.321110
9060.0	0.309964
9065.0	0.299656
9070.0	0.306011
9075.0	0.307130
9080.0	0.299014
9085.0	0.299546
9090.0	0.291365
9095.0	0.294002
9100.0	0.301811
9105.0	0.306401
9110.0	0.302008
9115.0	0.308590
9120.0	0.312072
9125.0	0.312794
9130.0	0.307542
9135.0	0.302524
9140.0	0.304010
9145.0	0.312815
9150.0	0.304519
9155.0	0.294589
9160.0	0.300134
9165.0	0.309528
9170.0	0.309985
9175.0	0.302941
9180.0	0.301201
9185.0	0.309541
9190.0	0.310909
9195.0	0.305457
9200.0	0.304769
9205.0	0.298553
9210.0	0.293496
9215.0	0.276207
9220.0	0.264406
9225.0	0.243620
9230.0	0.223333
9235.0	0.246679
9240.0	0.264656
9245.0	0.274367
9250.0	0.288095
9255.0	0.297520
9260.0	0.294661
9265.0	0.289609
9270.0	0.302526
9275.0	0.315908
9280.0	0.312002
9285.0	0.318797
9290.0	0.311183
9295.0	0.305050
9300.0	0.299223
9305.0	0.292882
9310.0	0.288640
9315.0	0.277670
9320.0	0.268106
9325.0	0.269916
9330.0	0.272350
9335.0	0.263777
9340.0	0.257497
9345.0	0.248373
9350.0	0.275126
9355.0	0.267950
9360.0	0.268383
9365.0	0.283335
9370.0	0.263484
9375.0	0.278909
9380.0	0.276597
9385.0	0.287145
9390.0	0.301239
9395.0	0.314906
9400.0	0.313268
9405.0	0.305013
9410.0	0.294511
9415.0	0.293733
9420.0	0.288952
9425.0	0.286408
9430.0	0.264361
9435.0	0.282377
9440.0	0.245931
9445.0	0.259857
9450.0	0.284427
9455.0	0.278946
9460.0	0.262774
9465.0	0.271921
9470.0	0.286626
9475.0	0.287744
9480.0	0.275900
9485.0	0.272672
9490.0	0.293151
9495.0	0.275592
9500.0	0.261456
9505.0	0.275088
9510.0	0.294788
9515.0	0.287527
9520.0	0.265345
9525.0	0.255109
9530.0	0.245199
9535.0	0.251371
9540.0	0.225007
9545.0	0.204260
9550.0	0.202154
9555.0	0.218487
9560.0	0.246757
9565.0	0.250656
9570.0	0.261286
9575.0	0.280849
9580.0	0.270718
9585.0	0.278342
9590.0	0.267216
9595.0	0.263100
9600.0	0.270455
9605.0	0.269952
9610.0	0.268443
9615.0	0.280729
9620.0	0.261828
9625.0	0.257828
9630.0	0.274129
9635.0	0.269134
9640.0	0.260543
9645.0	0.265138
9650.0	0.265355
9655.0	0.267330
9660.0	0.255769
9665.0	0.253355
9670.0	0.263920
9675.0	0.274720
9680.0	0.270864
9685.0	0.271947
9690.0	0.275198
9695.0	0.273386
9700.0	0.271767
9705.0	0.269841
9710.0	0.277058
9715.0	0.256676
9720.0	0.268297
9725.0	0.263291
9730.0	0.259544
9735.0	0.261452
9740.0	0.265654
9745.0	0.268328
9750.0	0.269957
9755.0	0.256498
9760.0	0.255828
9765.0	0.262162
9770.0	0.265948
9775.0	0.265151
9780.0	0.263805
9785.0	0.266916
9790.0	0.262343
9795.0	0.270859
9800.0	0.260138
9805.0	0.264713
9810.0	0.266290
9815.0	0.267013
9820.0	0.264791
9825.0	0.264231
9830.0	0.252501
9835.0	0.264270
9840.0	0.260082
9845.0	0.274269
9850.0	0.275125
9855.0	0.263594
9860.0	0.255494
9865.0	0.289823
9870.0	0.263053
9875.0	0.272389
9880.0	0.264034
9885.0	0.260802
9890.0	0.262663
9895.0	0.257395
9900.0	0.255794
9905.0	0.247984
9910.0	0.267087
9915.0	0.258013
9920.0	0.262023
9925.0	0.246555
9930.0	0.247450
9935.0	0.257917
9940.0	0.263090
9945.0	0.245268
9950.0	0.245447
9955.0	0.236315
9960.0	0.253690
9965.0	0.248950
9970.0	0.253033
9975.0	0.248899
9980.0	0.248439
9985.0	0.272531
9990.0	0.261000
9995.0	0.248293
10000.0	0.254793
10005.0	0.240275
10010.0	0.245167
10015.0	0.240905
10020.0	0.232180
10025.0	0.238658
10030.0	0.239778
10035.0	0.246319
10040.0	0.235050
10045.0	0.225045
10050.0	0.231267
10055.0	0.221910
10060.0	0.235253
10065.0	0.230497
10070.0	0.241458
10075.0	0.241422
10080.0	0.253680
10085.0	0.259656
10090.0	0.243356
10095.0	0.255231
10100.0	0.266737
10105.0	0.246319
10110.0	0.246229
10115.0	0.241302
10120.0	0.249328
10125.0	0.243315
10130.0	0.240652
10135.0	0.245900
10140.0	0.241194
10145.0	0.247420
10150.0	0.247613
10155.0	0.247109
10160.0	0.246538
10165.0	0.245906
10170.0	0.245221
10175.0	0.244492
10180.0	0.243726
10185.0	0.242931
10190.0	0.242115
10195.0	0.241285
10200.0	0.240450
10205.0	0.239617
10210.0	0.238793
10215.0	0.237984
10220.0	0.237197
10225.0	0.236437
10230.0	0.235713
10235.0	0.235029
10240.0	0.234392
10245.0	0.233810
10250.0	0.233288
10255.0	0.232830
10260.0	0.232430
10265.0	0.232078
10270.0	0.231766
10275.0	0.231484
10280.0	0.231224
10285.0	0.230977
10290.0	0.230733
10295.0	0.230483
10300.0	0.230218
10305.0	0.229932
10310.0	0.229628
10315.0	0.229310
10320.0	0.228984
10325.0	0.228655
10330.0	0.228328
10335.0	0.228009
10340.0	0.227703
10345.0	0.227414
10350.0	0.227149
10355.0	0.226910
10360.0	0.226693
10365.0	0.226494
10370.0	0.226306
10375.0	0.226124
10380.0	0.225942
10385.0	0.225754
10390.0	0.225556
10395.0	0.225340
10400.0	0.225102
10405.0	0.224838
10410.0	0.224551
10415.0	0.224246
10420.0	0.223928
10425.0	0.223602
10430.0	0.223274
10435.0	0.222947
10440.0	0.222628
10445.0	0.222322
10450.0	0.222033
10455.0	0.221765
10460.0	0.221517
10465.0	0.221288
10470.0	0.221073
10475.0	0.220873
10480.0	0.220683
10485.0	0.220501
10490.0	0.220326
10495.0	0.220156
10500.0	0.219986
10505.0	0.219817
10510.0	0.219647
10515.0	0.219476
10520.0	0.219305
10525.0	0.219133
10530.0	0.218961
10535.0	0.218788
10540.0	0.218615
10545.0	0.218441
10550.0	0.218266
10555.0	0.218091
10560.0	0.217915
10565.0	0.217738
10570.0	0.217562
10575.0	0.217384
10580.0	0.217206
10585.0	0.217027
10590.0	0.216848
10595.0	0.216668
10600.0	0.216488
10605.0	0.216307
10610.0	0.216125
10615.0	0.215943
10620.0	0.215761
