#-- f5i
#\*l[Angstrom]	F(\*l)/F(555.6Angstrom]
1150.0	0.009566
1155.0	0.004826
1160.0	0.001545
1165.0	0.001066
1170.0	0.001378
1175.0	0.000907
1180.0	0.000917
1185.0	0.000000
1190.0	0.000510
1195.0	0.000953
1200.0	0.000715
1205.0	0.000958
1210.0	0.001268
1215.0	0.001151
1220.0	0.000744
1225.0	0.000751
1230.0	0.000562
1235.0	0.000338
1240.0	0.000350
1245.0	0.000502
1250.0	0.000479
1255.0	0.000387
1260.0	0.000325
1265.0	0.000367
1270.0	0.000329
1275.0	0.000246
1280.0	0.000310
1285.0	0.000204
1290.0	0.000168
1295.0	0.000433
1300.0	0.000498
1305.0	0.000333
1310.0	0.000298
1315.0	0.000275
1320.0	0.000228
1325.0	0.000235
1330.0	0.000282
1335.0	0.000351
1340.0	0.000405
1345.0	0.000305
1350.0	0.000329
1355.0	0.000230
1360.0	0.000223
1365.0	0.000260
1370.0	0.000415
1375.0	0.000417
1380.0	0.000301
1385.0	0.000144
1390.0	0.000091
1395.0	0.000129
1400.0	0.000161
1405.0	0.000133
1410.0	0.000147
1415.0	0.000212
1420.0	0.000210
1425.0	0.000226
1430.0	0.000264
1435.0	0.000290
1440.0	0.000399
1445.0	0.000570
1450.0	0.000498
1455.0	0.000375
1460.0	0.000213
1465.0	0.000362
1470.0	0.000325
1475.0	0.000471
1480.0	0.000561
1485.0	0.000476
1490.0	0.000687
1495.0	0.000588
1500.0	0.000567
1505.0	0.000605
1510.0	0.000408
1515.0	0.000479
1520.0	0.000673
1525.0	0.000846
1530.0	0.000658
1535.0	0.000676
1540.0	0.000752
1545.0	0.000703
1550.0	0.000782
1555.0	0.000755
1560.0	0.000545
1565.0	0.000614
1570.0	0.000809
1575.0	0.000861
1580.0	0.000790
1585.0	0.000907
1590.0	0.000935
1595.0	0.000869
1600.0	0.000770
1605.0	0.000819
1610.0	0.000911
1615.0	0.000890
1620.0	0.000923
1625.0	0.000861
1630.0	0.000867
1635.0	0.000857
1640.0	0.000810
1645.0	0.000801
1650.0	0.000650
1655.0	0.000656
1660.0	0.001049
1665.0	0.000993
1670.0	0.000976
1675.0	0.001162
1680.0	0.001224
1685.0	0.001478
1690.0	0.001908
1695.0	0.002364
1700.0	0.002775
1705.0	0.003258
1710.0	0.003721
1715.0	0.004332
1720.0	0.004714
1725.0	0.005298
1730.0	0.005063
1735.0	0.005032
1740.0	0.005377
1745.0	0.006640
1750.0	0.007785
1755.0	0.007893
1760.0	0.007545
1765.0	0.008607
1770.0	0.010738
1775.0	0.012521
1780.0	0.011326
1785.0	0.009643
1790.0	0.014732
1795.0	0.017059
1800.0	0.015232
1805.0	0.014287
1810.0	0.017564
1815.0	0.017559
1820.0	0.016997
1825.0	0.015301
1830.0	0.014769
1835.0	0.014830
1840.0	0.012973
1845.0	0.011725
1850.0	0.011783
1855.0	0.012468
1860.0	0.013235
1865.0	0.015834
1870.0	0.018183
1875.0	0.020808
1880.0	0.027119
1885.0	0.028330
1890.0	0.028927
1895.0	0.023391
1900.0	0.019510
1905.0	0.019904
1910.0	0.025818
1915.0	0.035214
1920.0	0.034718
1925.0	0.022964
1930.0	0.017168
1935.0	0.027435
1940.0	0.042151
1945.0	0.045649
1950.0	0.041177
1955.0	0.027200
1960.0	0.023659
1965.0	0.025346
1970.0	0.027620
1975.0	0.027374
1980.0	0.027619
1985.0	0.027394
1990.0	0.025204
1995.0	0.022078
2000.0	0.021962
2005.0	0.023999
2010.0	0.030421
2015.0	0.032926
2020.0	0.033435
2025.0	0.034856
2030.0	0.029623
2035.0	0.032067
2040.0	0.035258
2045.0	0.033128
2050.0	0.035006
2055.0	0.043698
2060.0	0.033724
2065.0	0.036193
2070.0	0.036479
2075.0	0.039979
2080.0	0.044696
2085.0	0.044884
2090.0	0.045292
2095.0	0.041263
2100.0	0.040564
2105.0	0.050908
2110.0	0.049602
2115.0	0.041404
2120.0	0.043732
2125.0	0.051464
2130.0	0.050171
2135.0	0.041472
2140.0	0.038082
2145.0	0.042423
2150.0	0.044731
2155.0	0.048353
2160.0	0.050237
2165.0	0.047481
2170.0	0.043998
2175.0	0.042793
2180.0	0.041050
2185.0	0.036598
2190.0	0.050744
2195.0	0.066056
2200.0	0.066474
2205.0	0.065511
2210.0	0.057311
2215.0	0.046828
2220.0	0.036658
2225.0	0.041323
2230.0	0.047288
2235.0	0.049000
2240.0	0.051843
2245.0	0.053314
2250.0	0.053279
2255.0	0.051510
2260.0	0.047948
2265.0	0.050094
2270.0	0.052285
2275.0	0.051749
2280.0	0.049388
2285.0	0.058530
2290.0	0.063730
2295.0	0.063593
2300.0	0.059901
2305.0	0.050067
2310.0	0.053690
2315.0	0.060392
2320.0	0.057165
2325.0	0.057501
2330.0	0.055375
2335.0	0.042705
2340.0	0.032682
2345.0	0.037505
2350.0	0.028674
2355.0	0.029607
2360.0	0.036711
2365.0	0.034369
2370.0	0.035164
2375.0	0.043518
2380.0	0.047393
2385.0	0.039757
2390.0	0.031020
2395.0	0.030926
2400.0	0.030717
2405.0	0.020659
2410.0	0.024601
2415.0	0.027929
2420.0	0.038236
2425.0	0.059399
2430.0	0.070044
2435.0	0.065487
2440.0	0.066202
2445.0	0.073006
2450.0	0.071259
2455.0	0.068784
2460.0	0.073561
2465.0	0.067601
2470.0	0.059754
2475.0	0.062221
2480.0	0.064572
2485.0	0.063024
2490.0	0.060931
2495.0	0.061477
2500.0	0.069312
2505.0	0.077606
2510.0	0.079244
2515.0	0.077848
2520.0	0.066896
2525.0	0.057712
2530.0	0.052734
2535.0	0.055809
2540.0	0.055406
2545.0	0.056284
2550.0	0.061160
2555.0	0.067298
2560.0	0.070937
2565.0	0.078526
2570.0	0.079372
2575.0	0.079061
2580.0	0.065961
2585.0	0.062048
2590.0	0.069205
2595.0	0.071428
2600.0	0.063080
2605.0	0.054493
2610.0	0.055973
2615.0	0.052491
2620.0	0.057007
2625.0	0.060803
2630.0	0.063476
2635.0	0.070573
2640.0	0.100396
2645.0	0.144667
2650.0	0.165150
2655.0	0.170054
2660.0	0.165186
2665.0	0.148630
2670.0	0.134486
2675.0	0.132742
2680.0	0.139775
2685.0	0.136182
2690.0	0.121515
2695.0	0.115021
2700.0	0.119272
2705.0	0.134211
2710.0	0.136510
2715.0	0.125578
2720.0	0.116737
2725.0	0.115422
2730.0	0.119289
2735.0	0.127751
2740.0	0.117348
2745.0	0.088839
2750.0	0.074128
2755.0	0.073061
2760.0	0.080797
2765.0	0.090661
2770.0	0.100735
2775.0	0.108616
2780.0	0.110913
2785.0	0.098006
2790.0	0.079755
2795.0	0.057041
2800.0	0.033389
2805.0	0.028953
2810.0	0.044168
2815.0	0.076574
2820.0	0.116928
2825.0	0.149527
2830.0	0.162250
2835.0	0.163158
2840.0	0.158913
2845.0	0.149152
2850.0	0.145912
2855.0	0.136885
2860.0	0.149482
2865.0	0.173278
2870.0	0.173502
2875.0	0.169656
2880.0	0.168817
2885.0	0.169273
2890.0	0.186704
2895.0	0.183728
2900.0	0.186454
2905.0	0.214913
2910.0	0.230406
2915.0	0.231957
2920.0	0.235349
2925.0	0.219719
2930.0	0.203138
2935.0	0.206818
2940.0	0.224179
2945.0	0.225656
2950.0	0.218923
2955.0	0.214924
2960.0	0.235506
2965.0	0.258387
2970.0	0.247373
2975.0	0.239324
2980.0	0.267565
2985.0	0.252664
2990.0	0.242603
2995.0	0.264228
3000.0	0.282575
3005.0	0.265610
3010.0	0.264305
3015.0	0.285364
3020.0	0.280889
3025.0	0.271320
3030.0	0.271803
3035.0	0.267214
3040.0	0.264083
3045.0	0.266764
3050.0	0.273998
3055.0	0.285037
3060.0	0.275001
3065.0	0.262649
3070.0	0.287650
3075.0	0.304898
3080.0	0.308495
3085.0	0.315644
3090.0	0.330424
3095.0	0.314977
3100.0	0.284259
3105.0	0.294987
3110.0	0.307046
3115.0	0.317786
3120.0	0.307215
3125.0	0.302267
3130.0	0.311194
3135.0	0.312503
3140.0	0.321693
3145.0	0.335108
3150.0	0.329775
3155.0	0.333335
3160.0	0.323361
3165.0	0.309969
3170.0	0.314453
3175.0	0.340706
3180.0	0.343906
3185.0	0.312207
3190.0	0.318328
3195.0	0.325658
3200.0	0.316112
3205.0	0.317349
3210.0	0.319167
3215.0	0.321501
3220.0	0.324282
3225.0	0.327447
3230.0	0.330929
3235.0	0.334661
3240.0	0.338578
3245.0	0.342614
3250.0	0.346703
3255.0	0.350785
3260.0	0.354827
3265.0	0.358800
3270.0	0.362678
3275.0	0.366433
3280.0	0.370037
3285.0	0.373462
3290.0	0.376682
3295.0	0.379668
3300.0	0.382393
3305.0	0.384838
3310.0	0.387018
3315.0	0.388956
3320.0	0.390675
3325.0	0.392198
3330.0	0.393548
3335.0	0.394749
3340.0	0.395824
3345.0	0.396796
3350.0	0.397689
3355.0	0.398525
3360.0	0.399331
3365.0	0.400134
3370.0	0.400959
3375.0	0.401835
3380.0	0.402786
3385.0	0.403841
3390.0	0.405024
3395.0	0.406364
3400.0	0.407886
3405.0	0.409601
3410.0	0.411457
3415.0	0.413385
3420.0	0.415318
3425.0	0.417186
3430.0	0.418923
3435.0	0.420459
3440.0	0.421726
3445.0	0.422656
3450.0	0.423182
3455.0	0.423260
3460.0	0.422959
3465.0	0.422371
3470.0	0.421590
3475.0	0.420710
3480.0	0.419823
3485.0	0.419024
3490.0	0.418405
3495.0	0.418060
3500.0	0.418083
3505.0	0.418540
3510.0	0.479454
3515.0	0.489170
3520.0	0.482058
3525.0	0.485612
3530.0	0.502559
3535.0	0.511678
3540.0	0.526776
3545.0	0.528556
3550.0	0.524684
3555.0	0.518494
3560.0	0.519145
3565.0	0.498032
3570.0	0.475826
3575.0	0.482041
3580.0	0.483845
3585.0	0.463199
3590.0	0.483968
3595.0	0.520687
3600.0	0.590059
3605.0	0.561354
3610.0	0.540345
3615.0	0.558680
3620.0	0.571768
3625.0	0.598156
3630.0	0.552675
3635.0	0.575267
3640.0	0.586283
3645.0	0.572105
3650.0	0.593233
3655.0	0.655197
3660.0	0.671717
3665.0	0.647436
3670.0	0.656244
3675.0	0.676085
3680.0	0.684000
3685.0	0.706443
3690.0	0.792056
3695.0	0.832221
3700.0	0.866746
3705.0	0.785841
3710.0	0.826460
3715.0	0.960123
3720.0	0.912783
3725.0	0.936166
3730.0	0.927356
3735.0	0.836973
3740.0	1.025036
3745.0	0.929479
3750.0	0.850807
3755.0	1.060119
3760.0	1.042880
3765.0	1.052219
3770.0	0.978244
3775.0	1.175279
3780.0	1.445515
3785.0	1.377985
3790.0	1.193856
3795.0	1.010640
3800.0	1.134603
3805.0	1.412516
3810.0	1.499637
3815.0	1.409939
3820.0	1.414266
3825.0	1.238805
3830.0	1.024510
3835.0	0.881350
3840.0	1.131182
3845.0	1.371999
3850.0	1.464395
3855.0	1.521034
3860.0	1.579261
3865.0	1.669800
3870.0	1.631310
3875.0	1.506454
3880.0	1.383492
3885.0	1.092594
3890.0	1.014714
3895.0	1.189398
3900.0	1.316855
3905.0	1.391902
3910.0	1.456872
3915.0	1.317695
3920.0	1.214641
3925.0	0.976822
3930.0	0.502157
3935.0	0.439327
3940.0	0.851682
3945.0	1.137133
3950.0	1.240666
3955.0	1.258423
3960.0	1.052831
3965.0	0.602284
3970.0	0.526670
3975.0	0.989260
3980.0	1.332934
3985.0	1.474177
3990.0	1.550827
3995.0	1.533803
4000.0	1.533423
4005.0	1.574289
4010.0	1.649819
4015.0	1.703518
4020.0	1.710997
4025.0	1.627991
4030.0	1.543770
4035.0	1.613866
4040.0	1.671479
4045.0	1.611994
4050.0	1.604666
4055.0	1.584972
4060.0	1.604686
4065.0	1.572349
4070.0	1.529941
4075.0	1.416071
4080.0	1.457436
4085.0	1.538148
4090.0	1.569530
4095.0	1.393506
4100.0	1.116481
4105.0	1.234628
4110.0	1.446896
4115.0	1.553706
4120.0	1.492636
4125.0	1.439617
4130.0	1.416341
4135.0	1.572143
4140.0	1.633212
4145.0	1.585500
4150.0	1.553863
4155.0	1.531866
4160.0	1.574444
4165.0	1.623260
4170.0	1.482543
4175.0	1.338805
4180.0	1.379031
4185.0	1.444851
4190.0	1.529141
4195.0	1.528496
4200.0	1.440934
4205.0	1.439739
4210.0	1.545096
4215.0	1.570726
4220.0	1.539184
4225.0	1.431340
4230.0	1.508921
4235.0	1.467286
4240.0	1.515022
4245.0	1.496977
4250.0	1.477637
4255.0	1.523582
4260.0	1.539597
4265.0	1.607269
4270.0	1.497415
4275.0	1.504608
4280.0	1.541143
4285.0	1.456004
4290.0	1.375958
4295.0	1.356841
4300.0	1.250506
4305.0	1.319773
4310.0	1.411481
4315.0	1.415254
4320.0	1.478759
4325.0	1.445092
4330.0	1.405266
4335.0	1.221099
4340.0	0.988497
4345.0	1.214514
4350.0	1.378108
4355.0	1.495244
4360.0	1.588674
4365.0	1.623957
4370.0	1.526283
4375.0	1.524235
4380.0	1.529615
4385.0	1.395394
4390.0	1.451286
4395.0	1.402795
4400.0	1.396692
4405.0	1.451036
4410.0	1.417460
4415.0	1.334607
4420.0	1.366351
4425.0	1.409271
4430.0	1.391101
4435.0	1.428794
4440.0	1.430712
4445.0	1.363450
4450.0	1.429383
4455.0	1.393201
4460.0	1.366763
4465.0	1.371935
4470.0	1.396835
4475.0	1.515062
4480.0	1.470157
4485.0	1.470287
4490.0	1.430330
4495.0	1.461946
4500.0	1.532107
4505.0	1.572688
4510.0	1.582331
4515.0	1.513708
4520.0	1.431721
4525.0	1.381514
4530.0	1.357519
4535.0	1.434401
4540.0	1.457571
4545.0	1.411854
4550.0	1.336981
4555.0	1.350925
4560.0	1.414923
4565.0	1.454414
4570.0	1.473541
4575.0	1.455019
4580.0	1.375082
4585.0	1.360470
4590.0	1.393297
4595.0	1.447640
4600.0	1.466510
4605.0	1.507764
4610.0	1.533643
4615.0	1.477595
4620.0	1.481808
4625.0	1.514916
4630.0	1.470934
4635.0	1.480213
4640.0	1.529737
4645.0	1.501641
4650.0	1.498726
4655.0	1.492220
4660.0	1.495306
4665.0	1.396685
4670.0	1.405555
4675.0	1.511475
4680.0	1.507847
4685.0	1.525201
4690.0	1.514507
4695.0	1.497414
4700.0	1.455413
4705.0	1.422484
4710.0	1.425471
4715.0	1.465090
4720.0	1.492484
4725.0	1.467901
4730.0	1.397752
4735.0	1.404839
4740.0	1.449629
4745.0	1.485727
4750.0	1.483397
4755.0	1.441789
4760.0	1.379787
4765.0	1.343225
4770.0	1.418345
4775.0	1.450834
4780.0	1.429108
4785.0	1.406504
4790.0	1.414320
4795.0	1.419169
4800.0	1.400698
4805.0	1.387319
4810.0	1.414707
4815.0	1.433664
4820.0	1.396214
4825.0	1.361458
4830.0	1.371741
4835.0	1.368352
4840.0	1.361256
4845.0	1.333160
4850.0	1.260133
4855.0	1.115955
4860.0	0.938107
4865.0	0.941444
4870.0	1.071187
4875.0	1.144442
4880.0	1.203499
4885.0	1.225175
4890.0	1.223848
4895.0	1.257223
4900.0	1.296601
4905.0	1.322745
4910.0	1.311750
4915.0	1.304020
4920.0	1.240091
4925.0	1.237010
4930.0	1.304392
4935.0	1.315925
4940.0	1.313220
4945.0	1.346328
4950.0	1.360875
4955.0	1.328274
4960.0	1.318252
4965.0	1.324076
4970.0	1.323578
4975.0	1.321496
4980.0	1.272903
4985.0	1.230989
4990.0	1.236804
4995.0	1.262326
5000.0	1.231247
5005.0	1.191601
5010.0	1.178431
5015.0	1.153960
5020.0	1.150645
5025.0	1.206134
5030.0	1.235073
5035.0	1.230234
5040.0	1.210865
5045.0	1.220147
5050.0	1.229121
5055.0	1.252381
5060.0	1.278091
5065.0	1.267155
5070.0	1.232658
5075.0	1.207949
5080.0	1.197248
5085.0	1.205014
5090.0	1.236213
5095.0	1.229607
5100.0	1.212215
5105.0	1.217746
5110.0	1.222291
5115.0	1.220873
5120.0	1.205792
5125.0	1.177274
5130.0	1.153607
5135.0	1.161833
5140.0	1.167979
5145.0	1.160895
5150.0	1.160109
5155.0	1.152121
5160.0	1.151030
5165.0	1.099346
5170.0	1.069146
5175.0	1.118414
5180.0	1.152877
5185.0	1.115248
5190.0	1.074217
5195.0	1.065989
5200.0	1.078594
5205.0	1.075957
5210.0	1.103033
5215.0	1.131690
5220.0	1.145261
5225.0	1.101886
5230.0	1.068426
5235.0	1.060017
5240.0	1.111048
5245.0	1.135723
5250.0	1.122408
5255.0	1.113377
5260.0	1.087761
5265.0	1.006450
5270.0	0.971365
5275.0	0.989469
5280.0	1.038730
5285.0	1.076510
5290.0	1.121346
5295.0	1.129934
5300.0	1.109961
5305.0	1.102479
5310.0	1.095877
5315.0	1.080596
5320.0	1.076657
5325.0	1.051696
5330.0	1.030159
5335.0	1.035875
5340.0	1.048406
5345.0	1.072618
5350.0	1.090959
5355.0	1.116666
5360.0	1.110130
5365.0	1.064559
5370.0	1.044112
5375.0	1.065248
5380.0	1.066199
5385.0	1.071727
5390.0	1.080907
5395.0	1.055482
5400.0	1.029433
5405.0	1.011718
5410.0	1.008670
5415.0	1.027919
5420.0	1.034934
5425.0	1.031406
5430.0	1.026725
5435.0	1.035144
5440.0	1.056973
5445.0	1.045335
5450.0	1.038492
5455.0	1.039615
5460.0	1.046378
5465.0	1.048445
5470.0	1.040381
5475.0	1.024945
5480.0	1.011536
5485.0	1.026970
5490.0	1.037650
5495.0	1.031775
5500.0	1.019211
5505.0	1.003493
5510.0	1.000292
5515.0	1.027793
5520.0	1.033700
5525.0	1.004612
5530.0	0.982342
5535.0	0.991552
5540.0	1.009226
5545.0	1.012617
5550.0	1.020339
5555.0	1.027793
5560.0	1.021737
5565.0	1.008168
5570.0	0.995635
5575.0	0.998617
5580.0	1.001248
5585.0	0.984385
5590.0	0.968756
5595.0	0.961963
5600.0	0.966254
5605.0	0.979309
5610.0	0.997439
5615.0	0.982777
5620.0	0.974891
5625.0	0.975272
5630.0	0.982323
5635.0	0.985571
5640.0	0.976481
5645.0	0.974396
5650.0	0.975646
5655.0	0.948157
5660.0	0.917147
5665.0	0.910421
5670.0	0.923050
5675.0	0.952279
5680.0	0.958655
5685.0	0.936099
5690.0	0.932851
5695.0	0.937739
5700.0	0.945311
5705.0	0.927669
5710.0	0.913802
5715.0	0.926324
5720.0	0.946042
5725.0	0.957640
5730.0	0.956098
5735.0	0.950948
5740.0	0.945713
5745.0	0.938009
5750.0	0.932411
5755.0	0.933020
5760.0	0.937219
5765.0	0.934915
5770.0	0.930551
5775.0	0.915332
5780.0	0.887072
5785.0	0.877265
5790.0	0.889133
5795.0	0.896319
5800.0	0.898712
5805.0	0.903949
5810.0	0.904836
5815.0	0.908669
5820.0	0.919128
5825.0	0.926723
5830.0	0.924625
5835.0	0.927702
5840.0	0.938737
5845.0	0.932649
5850.0	0.915833
5855.0	0.900145
5860.0	0.900140
5865.0	0.916551
5870.0	0.936760
5875.0	0.939144
5880.0	0.930549
5885.0	0.879977
5890.0	0.798237
5895.0	0.790010
5900.0	0.840625
5905.0	0.904307
5910.0	0.919071
5915.0	0.920027
5920.0	0.920787
5925.0	0.914663
5930.0	0.909562
5935.0	0.909368
5940.0	0.912859
5945.0	0.901515
5950.0	0.890119
5955.0	0.894750
5960.0	0.906106
5965.0	0.903988
5970.0	0.898557
5975.0	0.890837
5980.0	0.881402
5985.0	0.879565
5990.0	0.870290
5995.0	0.883300
6000.0	0.883613
6005.0	0.874155
6010.0	0.873033
6015.0	0.870942
6020.0	0.863174
6025.0	0.855185
6030.0	0.865262
6035.0	0.873215
6040.0	0.867615
6045.0	0.866155
6050.0	0.871469
6055.0	0.867622
6060.0	0.874147
6065.0	0.865543
6070.0	0.872638
6075.0	0.869826
6080.0	0.858766
6085.0	0.851648
6090.0	0.861835
6095.0	0.858814
6100.0	0.846529
6105.0	0.845470
6110.0	0.850282
6115.0	0.845070
6120.0	0.841746
6125.0	0.840427
6130.0	0.843536
6135.0	0.822518
6140.0	0.795323
6145.0	0.808583
6150.0	0.818769
6155.0	0.828815
6160.0	0.812348
6165.0	0.806887
6170.0	0.811254
6175.0	0.823079
6180.0	0.834763
6185.0	0.837731
6190.0	0.830710
6195.0	0.836687
6200.0	0.842158
6205.0	0.842123
6210.0	0.839644
6215.0	0.828678
6220.0	0.826057
6225.0	0.832773
6230.0	0.811379
6235.0	0.800729
6240.0	0.797167
6245.0	0.781559
6250.0	0.795425
6255.0	0.802360
6260.0	0.811282
6265.0	0.813245
6270.0	0.810534
6275.0	0.800504
6280.0	0.762270
6285.0	0.777367
6290.0	0.804083
6295.0	0.808395
6300.0	0.790464
6305.0	0.794917
6310.0	0.795833
6315.0	0.786713
6320.0	0.783767
6325.0	0.800645
6330.0	0.802501
6335.0	0.792665
6340.0	0.789893
6345.0	0.778577
6350.0	0.784266
6355.0	0.796793
6360.0	0.788522
6365.0	0.779507
6370.0	0.768559
6375.0	0.781884
6380.0	0.784447
6385.0	0.780534
6390.0	0.779602
6395.0	0.774964
6400.0	0.776774
6405.0	0.774999
6410.0	0.765481
6415.0	0.758286
6420.0	0.760243
6425.0	0.774579
6430.0	0.762354
6435.0	0.761714
6440.0	0.765254
6445.0	0.769012
6450.0	0.760043
6455.0	0.735684
6460.0	0.737372
6465.0	0.747391
6470.0	0.754091
6475.0	0.755169
6480.0	0.746735
6485.0	0.736372
6490.0	0.711388
6495.0	0.672680
6500.0	0.718041
6505.0	0.753999
6510.0	0.753525
6515.0	0.729499
6520.0	0.735498
6525.0	0.739997
6530.0	0.737036
6535.0	0.736154
6540.0	0.731908
6545.0	0.719620
6550.0	0.699847
6555.0	0.654173
6560.0	0.552451
6565.0	0.544650
6570.0	0.652938
6575.0	0.697519
6580.0	0.715809
6585.0	0.717670
6590.0	0.713655
6595.0	0.716186
6600.0	0.728393
6605.0	0.724537
6610.0	0.727254
6615.0	0.733701
6620.0	0.738964
6625.0	0.735241
6630.0	0.726377
6635.0	0.718920
6640.0	0.719153
6645.0	0.717425
6650.0	0.723796
6655.0	0.720221
6660.0	0.715591
6665.0	0.714256
6670.0	0.714704
6675.0	0.705594
6680.0	0.701985
6685.0	0.717540
6690.0	0.717721
6695.0	0.712086
6700.0	0.712061
6705.0	0.707874
6710.0	0.703986
6715.0	0.693192
6720.0	0.696717
6725.0	0.705645
6730.0	0.704905
6735.0	0.704089
6740.0	0.699101
6745.0	0.695918
6750.0	0.690027
6755.0	0.690166
6760.0	0.696271
6765.0	0.695551
6770.0	0.691463
6775.0	0.693149
6780.0	0.692052
6785.0	0.688411
6790.0	0.689252
6795.0	0.686196
6800.0	0.688309
6805.0	0.689089
6810.0	0.690017
6815.0	0.687235
6820.0	0.682063
6825.0	0.678835
6830.0	0.675948
6835.0	0.675775
6840.0	0.676888
6845.0	0.675827
6850.0	0.674797
6855.0	0.673784
6860.0	0.672625
6865.0	0.671630
6870.0	0.670696
6875.0	0.669763
6880.0	0.668833
6885.0	0.667919
6890.0	0.666917
6895.0	0.665824
6900.0	0.664819
6905.0	0.663810
6910.0	0.662775
6915.0	0.661978
6920.0	0.661451
6925.0	0.660591
6930.0	0.659751
6935.0	0.658979
6940.0	0.658625
6945.0	0.658391
6950.0	0.657705
6955.0	0.657088
6960.0	0.656548
6965.0	0.655823
6970.0	0.655872
6975.0	0.648948
6980.0	0.643346
6985.0	0.647721
6990.0	0.643988
6995.0	0.638844
7000.0	0.626226
7005.0	0.626529
7010.0	0.638676
7015.0	0.637132
7020.0	0.634901
7025.0	0.632364
7030.0	0.635726
7035.0	0.636635
7040.0	0.635100
7045.0	0.637293
7050.0	0.634809
7055.0	0.634946
7060.0	0.634435
7065.0	0.629841
7070.0	0.627602
7075.0	0.630746
7080.0	0.631124
7085.0	0.629120
7090.0	0.626446
7095.0	0.624616
7100.0	0.625111
7105.0	0.626701
7110.0	0.619506
7115.0	0.614292
7120.0	0.615921
7125.0	0.625039
7130.0	0.628286
7135.0	0.630633
7140.0	0.627826
7145.0	0.619942
7150.0	0.622332
7155.0	0.633469
7160.0	0.626867
7165.0	0.611942
7170.0	0.607090
7175.0	0.600933
7180.0	0.589566
7185.0	0.571709
7190.0	0.576908
7195.0	0.586966
7200.0	0.585502
7205.0	0.587187
7210.0	0.607023
7215.0	0.616146
7220.0	0.608586
7225.0	0.603752
7230.0	0.607319
7235.0	0.600893
7240.0	0.599998
7245.0	0.600154
7250.0	0.601262
7255.0	0.599437
7260.0	0.599213
7265.0	0.592589
7270.0	0.595548
7275.0	0.581132
7280.0	0.583881
7285.0	0.582667
7290.0	0.567640
7295.0	0.579395
7300.0	0.584268
7305.0	0.574173
7310.0	0.571056
7315.0	0.582022
7320.0	0.583065
7325.0	0.583763
7330.0	0.583608
7335.0	0.587822
7340.0	0.592838
7345.0	0.588403
7350.0	0.581705
7355.0	0.572656
7360.0	0.577438
7365.0	0.579916
7370.0	0.578761
7375.0	0.578320
7380.0	0.576235
7385.0	0.564448
7390.0	0.559467
7395.0	0.565539
7400.0	0.570021
7405.0	0.565071
7410.0	0.550718
7415.0	0.548355
7420.0	0.554120
7425.0	0.557846
7430.0	0.564265
7435.0	0.564935
7440.0	0.563153
7445.0	0.553274
7450.0	0.554023
7455.0	0.563428
7460.0	0.561273
7465.0	0.555284
7470.0	0.562079
7475.0	0.560435
7480.0	0.555685
7485.0	0.557160
7490.0	0.555946
7495.0	0.547181
7500.0	0.551556
7505.0	0.551032
7510.0	0.540769
7515.0	0.537379
7520.0	0.548027
7525.0	0.543565
7530.0	0.542826
7535.0	0.539849
7540.0	0.550995
7545.0	0.549224
7550.0	0.546094
7555.0	0.545417
7560.0	0.544196
7565.0	0.543229
7570.0	0.542254
7575.0	0.540917
7580.0	0.539586
7585.0	0.538650
7590.0	0.537600
7595.0	0.536543
7600.0	0.535454
7605.0	0.534810
7610.0	0.534107
7615.0	0.533332
7620.0	0.532562
7625.0	0.531790
7630.0	0.531017
7635.0	0.530244
7640.0	0.529469
7645.0	0.528694
7650.0	0.527918
7655.0	0.527140
7660.0	0.526361
7665.0	0.525579
7670.0	0.524801
7675.0	0.523903
7680.0	0.522968
7685.0	0.522216
7690.0	0.521657
7695.0	0.520910
7700.0	0.520040
7705.0	0.519219
7710.0	0.519057
7715.0	0.519864
7720.0	0.519957
7725.0	0.519292
7730.0	0.518090
7735.0	0.520594
7740.0	0.519773
7745.0	0.513922
7750.0	0.508694
7755.0	0.513059
7760.0	0.514105
7765.0	0.511313
7770.0	0.492432
7775.0	0.468886
7780.0	0.490676
7785.0	0.506367
7790.0	0.510538
7795.0	0.509963
7800.0	0.505515
7805.0	0.507566
7810.0	0.507359
7815.0	0.507832
7820.0	0.509996
7825.0	0.507525
7830.0	0.501376
7835.0	0.495724
7840.0	0.498108
7845.0	0.498004
7850.0	0.495567
7855.0	0.493724
7860.0	0.496754
7865.0	0.495717
7870.0	0.497523
7875.0	0.493888
7880.0	0.491264
7885.0	0.494312
7890.0	0.497435
7895.0	0.491119
7900.0	0.491447
7905.0	0.497251
7910.0	0.492183
7915.0	0.489940
7920.0	0.483819
7925.0	0.483469
7930.0	0.483364
7935.0	0.477823
7940.0	0.477916
7945.0	0.475303
7950.0	0.478786
7955.0	0.484426
7960.0	0.484996
7965.0	0.483758
7970.0	0.484850
7975.0	0.485669
7980.0	0.484504
7985.0	0.483702
7990.0	0.481419
7995.0	0.478330
8000.0	0.472174
8005.0	0.478288
8010.0	0.476707
8015.0	0.475834
8020.0	0.477013
8025.0	0.474305
8030.0	0.475003
8035.0	0.473801
8040.0	0.473836
8045.0	0.468705
8050.0	0.468590
8055.0	0.472371
8060.0	0.470407
8065.0	0.472044
8070.0	0.471815
8075.0	0.472262
8080.0	0.469788
8085.0	0.465647
8090.0	0.467910
8095.0	0.468214
8100.0	0.467495
8105.0	0.471293
8110.0	0.469568
8115.0	0.469026
8120.0	0.471311
8125.0	0.469837
8130.0	0.469419
8135.0	0.465147
8140.0	0.467337
8145.0	0.459963
8150.0	0.458941
8155.0	0.458386
8160.0	0.453646
8165.0	0.447133
8170.0	0.456423
8175.0	0.458106
8180.0	0.445621
8185.0	0.439539
8190.0	0.446928
8195.0	0.440442
8200.0	0.442387
8205.0	0.457125
8210.0	0.464026
8215.0	0.454652
8220.0	0.447486
8225.0	0.439644
8230.0	0.426728
8235.0	0.438709
8240.0	0.454781
8245.0	0.451938
8250.0	0.448358
8255.0	0.447851
8260.0	0.452049
8265.0	0.458352
8270.0	0.455794
8275.0	0.450129
8280.0	0.446250
8285.0	0.446740
8290.0	0.442968
8295.0	0.443594
8300.0	0.448144
8305.0	0.444791
8310.0	0.442481
8315.0	0.442435
8320.0	0.437497
8325.0	0.434086
8330.0	0.428736
8335.0	0.421875
8340.0	0.428477
8345.0	0.439607
8350.0	0.443392
8355.0	0.442849
8360.0	0.439264
8365.0	0.441136
8370.0	0.441044
8375.0	0.435672
8380.0	0.439448
8385.0	0.437121
8390.0	0.427545
8395.0	0.429736
8400.0	0.438347
8405.0	0.440435
8410.0	0.431833
8415.0	0.424386
8420.0	0.432506
8425.0	0.437804
8430.0	0.435148
8435.0	0.423383
8440.0	0.414280
8445.0	0.419452
8450.0	0.427514
8455.0	0.436739
8460.0	0.434094
8465.0	0.411931
8470.0	0.409352
8475.0	0.427717
8480.0	0.435847
8485.0	0.440117
8490.0	0.436718
8495.0	0.400809
8500.0	0.352639
8505.0	0.383913
8510.0	0.414953
8515.0	0.419948
8520.0	0.424146
8525.0	0.424292
8530.0	0.414747
8535.0	0.386572
8540.0	0.320305
8545.0	0.286774
8550.0	0.360049
8555.0	0.401050
8560.0	0.414287
8565.0	0.421000
8570.0	0.418202
8575.0	0.418324
8580.0	0.415855
8585.0	0.407705
8590.0	0.401935
8595.0	0.385943
8600.0	0.374941
8605.0	0.395718
8610.0	0.404297
8615.0	0.405561
8620.0	0.414659
8625.0	0.416953
8630.0	0.417323
8635.0	0.419502
8640.0	0.420907
8645.0	0.417204
8650.0	0.402884
8655.0	0.386978
8660.0	0.324897
8665.0	0.292691
8670.0	0.349901
8675.0	0.382371
8680.0	0.390438
8685.0	0.394170
8690.0	0.401234
8695.0	0.409566
8700.0	0.415439
8705.0	0.421802
8710.0	0.421780
8715.0	0.421497
8720.0	0.425833
8725.0	0.421514
8730.0	0.415069
8735.0	0.410670
8740.0	0.403559
8745.0	0.393032
8750.0	0.369306
8755.0	0.373112
8760.0	0.396484
8765.0	0.403480
8770.0	0.405411
8775.0	0.408148
8780.0	0.411370
8785.0	0.406331
8790.0	0.406139
8795.0	0.398438
8800.0	0.405664
8805.0	0.399854
8810.0	0.398937
8815.0	0.406505
8820.0	0.405170
8825.0	0.398114
8830.0	0.403166
8835.0	0.406320
8840.0	0.397872
8845.0	0.401125
8850.0	0.393790
8855.0	0.387714
8860.0	0.368769
8865.0	0.357698
8870.0	0.373993
8875.0	0.389695
8880.0	0.394129
8885.0	0.396848
8890.0	0.403009
8895.0	0.403679
8900.0	0.404820
8905.0	0.402959
8910.0	0.398029
8915.0	0.395621
8920.0	0.401923
8925.0	0.392175
8930.0	0.385382
8935.0	0.402078
8940.0	0.404034
8945.0	0.397921
8950.0	0.392206
8955.0	0.397774
8960.0	0.403089
8965.0	0.392098
8970.0	0.388250
8975.0	0.387883
8980.0	0.387615
8985.0	0.379511
8990.0	0.360126
8995.0	0.378877
9000.0	0.366705
9005.0	0.364245
9010.0	0.353833
9015.0	0.331102
9020.0	0.342982
9025.0	0.367010
9030.0	0.382675
9035.0	0.398765
9040.0	0.398513
9045.0	0.404359
9050.0	0.401871
9055.0	0.399155
9060.0	0.376706
9065.0	0.371171
9070.0	0.381554
9075.0	0.377515
9080.0	0.367417
9085.0	0.372130
9090.0	0.359710
9095.0	0.363860
9100.0	0.371756
9105.0	0.384437
9110.0	0.381791
9115.0	0.381258
9120.0	0.384411
9125.0	0.394793
9130.0	0.383950
9135.0	0.377594
9140.0	0.383704
9145.0	0.389020
9150.0	0.378564
9155.0	0.366663
9160.0	0.370157
9165.0	0.376577
9170.0	0.375933
9175.0	0.365312
9180.0	0.371776
9185.0	0.375426
9190.0	0.379491
9195.0	0.377356
9200.0	0.376463
9205.0	0.375365
9210.0	0.363674
9215.0	0.347635
9220.0	0.341947
9225.0	0.335644
9230.0	0.317255
9235.0	0.333552
9240.0	0.347239
9245.0	0.350373
9250.0	0.360662
9255.0	0.362413
9260.0	0.361515
9265.0	0.368130
9270.0	0.377619
9275.0	0.382077
9280.0	0.378865
9285.0	0.380735
9290.0	0.381285
9295.0	0.376461
9300.0	0.365546
9305.0	0.363322
9310.0	0.355295
9315.0	0.341879
9320.0	0.326334
9325.0	0.333352
9330.0	0.335633
9335.0	0.324304
9340.0	0.316544
9345.0	0.295787
9350.0	0.343455
9355.0	0.325334
9360.0	0.327615
9365.0	0.350689
9370.0	0.330802
9375.0	0.349818
9380.0	0.346911
9385.0	0.360008
9390.0	0.385117
9395.0	0.390607
9400.0	0.389506
9405.0	0.373461
9410.0	0.362395
9415.0	0.366493
9420.0	0.368161
9425.0	0.356388
9430.0	0.328953
9435.0	0.346355
9440.0	0.315581
9445.0	0.324525
9450.0	0.350400
9455.0	0.341931
9460.0	0.321942
9465.0	0.343913
9470.0	0.353980
9475.0	0.369594
9480.0	0.336366
9485.0	0.346768
9490.0	0.359927
9495.0	0.334162
9500.0	0.315787
9505.0	0.330486
9510.0	0.358829
9515.0	0.349551
9520.0	0.316552
9525.0	0.311728
9530.0	0.335619
9535.0	0.335136
9540.0	0.322327
9545.0	0.289551
9550.0	0.299389
9555.0	0.311491
9560.0	0.321023
9565.0	0.319030
9570.0	0.322103
9575.0	0.346110
9580.0	0.335367
9585.0	0.330851
9590.0	0.322663
9595.0	0.320118
9600.0	0.331006
9605.0	0.330022
9610.0	0.335970
9615.0	0.338274
9620.0	0.325119
9625.0	0.320722
9630.0	0.331335
9635.0	0.327462
9640.0	0.324779
9645.0	0.328687
9650.0	0.331840
9655.0	0.330436
9660.0	0.316153
9665.0	0.326707
9670.0	0.332393
9675.0	0.340127
9680.0	0.331358
9685.0	0.337870
9690.0	0.334765
9695.0	0.340327
9700.0	0.332742
9705.0	0.334310
9710.0	0.334298
9715.0	0.325937
9720.0	0.329372
9725.0	0.328963
9730.0	0.327707
9735.0	0.321781
9740.0	0.323204
9745.0	0.322291
9750.0	0.318819
9755.0	0.320061
9760.0	0.319147
9765.0	0.320926
9770.0	0.324023
9775.0	0.322287
9780.0	0.320897
9785.0	0.313454
9790.0	0.318603
9795.0	0.323468
9800.0	0.315099
9805.0	0.317102
9810.0	0.321472
9815.0	0.318009
9820.0	0.319660
9825.0	0.317653
9830.0	0.317348
9835.0	0.317056
9840.0	0.319625
9845.0	0.314778
9850.0	0.314921
9855.0	0.312288
9860.0	0.314496
9865.0	0.303097
9870.0	0.317171
9875.0	0.314820
9880.0	0.313209
9885.0	0.311666
9890.0	0.309091
9895.0	0.313939
9900.0	0.308169
9905.0	0.310749
9910.0	0.310106
9915.0	0.313503
9920.0	0.305871
9925.0	0.307206
9930.0	0.307784
9935.0	0.308609
9940.0	0.313888
9945.0	0.316234
9950.0	0.302120
9955.0	0.304955
9960.0	0.308653
9965.0	0.306308
9970.0	0.304735
9975.0	0.302108
9980.0	0.305555
9985.0	0.305021
9990.0	0.304573
9995.0	0.307809
10000.0	0.302423
10005.0	0.305423
10010.0	0.299841
10015.0	0.291024
10020.0	0.302621
10025.0	0.294721
10030.0	0.289006
10035.0	0.286540
10040.0	0.279736
10045.0	0.277616
10050.0	0.268110
10055.0	0.272671
10060.0	0.283165
10065.0	0.282387
10070.0	0.279014
10075.0	0.281310
10080.0	0.290387
10085.0	0.287657
10090.0	0.284410
10095.0	0.291186
10100.0	0.273845
10105.0	0.287476
10110.0	0.285712
10115.0	0.282177
10120.0	0.286266
10125.0	0.285420
10130.0	0.284860
10135.0	0.281674
10140.0	0.282792
10145.0	0.282503
10150.0	0.282461
10155.0	0.282716
10160.0	0.283230
10165.0	0.283944
10170.0	0.284800
10175.0	0.285738
10180.0	0.286699
10185.0	0.287625
10190.0	0.288456
10195.0	0.289134
10200.0	0.289599
10205.0	0.289809
10210.0	0.289783
10215.0	0.289560
10220.0	0.289175
10225.0	0.288664
10230.0	0.288066
10235.0	0.287416
10240.0	0.286750
10245.0	0.286106
10250.0	0.285520
10255.0	0.285020
10260.0	0.284601
10265.0	0.284249
10270.0	0.283949
10275.0	0.283687
10280.0	0.283450
10285.0	0.283222
10290.0	0.282991
10295.0	0.282742
10300.0	0.282461
10305.0	0.282137
10310.0	0.281775
10315.0	0.281381
10320.0	0.280964
10325.0	0.280530
10330.0	0.280088
10335.0	0.279645
10340.0	0.279208
10345.0	0.278784
10350.0	0.278382
10355.0	0.278007
10360.0	0.277657
10365.0	0.277328
10370.0	0.277017
10375.0	0.276721
10380.0	0.276435
10385.0	0.276155
10390.0	0.275880
10395.0	0.275603
10400.0	0.275323
10405.0	0.275036
10410.0	0.274742
10415.0	0.274442
10420.0	0.274138
10425.0	0.273829
10430.0	0.273518
10435.0	0.273205
10440.0	0.272891
10445.0	0.272577
10450.0	0.272264
10455.0	0.271952
10460.0	0.271642
10465.0	0.271334
10470.0	0.271027
10475.0	0.270721
10480.0	0.270417
10485.0	0.270113
10490.0	0.269810
10495.0	0.269507
10500.0	0.269205
10505.0	0.268902
10510.0	0.268600
10515.0	0.268299
10520.0	0.267997
10525.0	0.267695
10530.0	0.267394
10535.0	0.267093
10540.0	0.266792
10545.0	0.266491
10550.0	0.266190
10555.0	0.265890
10560.0	0.265589
10565.0	0.265289
10570.0	0.264989
10575.0	0.264689
10580.0	0.264389
10585.0	0.264090
10590.0	0.263790
10595.0	0.263491
10600.0	0.263192
10605.0	0.262893
10610.0	0.262594
10615.0	0.262295
10620.0	0.261997
