#-- f5iv
#\*l[Angstrom]	F(\*l)/F(555.6Angstrom]
1150.0	0.005969
1155.0	0.004731
1160.0	0.000000
1165.0	0.000000
1170.0	0.000000
1175.0	0.000000
1180.0	0.000000
1185.0	0.000000
1190.0	0.000000
1195.0	0.000000
1200.0	0.001764
1205.0	0.005819
1210.0	0.012407
1215.0	0.009054
1220.0	0.000215
1225.0	0.000000
1230.0	0.000000
1235.0	0.000000
1240.0	0.000000
1245.0	0.000638
1250.0	0.000000
1255.0	0.000000
1260.0	0.000000
1265.0	0.000000
1270.0	0.000000
1275.0	0.000000
1280.0	0.000000
1285.0	0.000000
1290.0	0.000000
1295.0	0.000102
1300.0	0.000528
1305.0	0.000860
1310.0	0.000000
1315.0	0.000000
1320.0	0.000000
1325.0	0.000000
1330.0	0.000000
1335.0	0.000000
1340.0	0.000000
1345.0	0.000000
1350.0	0.000348
1355.0	0.000000
1360.0	0.000000
1365.0	0.000000
1370.0	0.000000
1375.0	0.000381
1380.0	0.000000
1385.0	0.000000
1390.0	0.000000
1395.0	0.000000
1400.0	0.000000
1405.0	0.000000
1410.0	0.000000
1415.0	0.000000
1420.0	0.000000
1425.0	0.000338
1430.0	0.000665
1435.0	0.000579
1440.0	0.000425
1445.0	0.001004
1450.0	0.001246
1455.0	0.000728
1460.0	0.000525
1465.0	0.000937
1470.0	0.000696
1475.0	0.000310
1480.0	0.000082
1485.0	0.000000
1490.0	0.000713
1495.0	0.000353
1500.0	0.000674
1505.0	0.000818
1510.0	0.001224
1515.0	0.000269
1520.0	0.000751
1525.0	0.000792
1530.0	0.001664
1535.0	0.001390
1540.0	0.001528
1545.0	0.001943
1550.0	0.001872
1555.0	0.001271
1560.0	0.001531
1565.0	0.001755
1570.0	0.002661
1575.0	0.002112
1580.0	0.001750
1585.0	0.002334
1590.0	0.008488
1595.0	0.026174
1600.0	0.010412
1605.0	0.002361
1610.0	0.002453
1615.0	0.002433
1620.0	0.001924
1625.0	0.001584
1630.0	0.002381
1635.0	0.002072
1640.0	0.002138
1645.0	0.002063
1650.0	0.003009
1655.0	0.004107
1660.0	0.004334
1665.0	0.003058
1670.0	0.003749
1675.0	0.004777
1680.0	0.003703
1685.0	0.003826
1690.0	0.005125
1695.0	0.006445
1700.0	0.007920
1705.0	0.009690
1710.0	0.012060
1715.0	0.014955
1720.0	0.014675
1725.0	0.016508
1730.0	0.016193
1735.0	0.015338
1740.0	0.017575
1745.0	0.022378
1750.0	0.027248
1755.0	0.029240
1760.0	0.028248
1765.0	0.032526
1770.0	0.041115
1775.0	0.047107
1780.0	0.046000
1785.0	0.041174
1790.0	0.042598
1795.0	0.049586
1800.0	0.047418
1805.0	0.043208
1810.0	0.048194
1815.0	0.050268
1820.0	0.054556
1825.0	0.053713
1830.0	0.053062
1835.0	0.048348
1840.0	0.039741
1845.0	0.034436
1850.0	0.039179
1855.0	0.045278
1860.0	0.051149
1865.0	0.060106
1870.0	0.061340
1875.0	0.061188
1880.0	0.067462
1885.0	0.067315
1890.0	0.064668
1895.0	0.060094
1900.0	0.060946
1905.0	0.066538
1910.0	0.072936
1915.0	0.078558
1920.0	0.072207
1925.0	0.054513
1930.0	0.045488
1935.0	0.063009
1940.0	0.088638
1945.0	0.096339
1950.0	0.094572
1955.0	0.088699
1960.0	0.081683
1965.0	0.058012
1970.0	0.065477
1975.0	0.093118
1980.0	0.088889
1985.0	0.093306
1990.0	0.075967
1995.0	0.054981
2000.0	0.089621
2005.0	0.095332
2010.0	0.083840
2015.0	0.115478
2020.0	0.108842
2025.0	0.096157
2030.0	0.082037
2035.0	0.094347
2040.0	0.111908
2045.0	0.111037
2050.0	0.113821
2055.0	0.120521
2060.0	0.133660
2065.0	0.115666
2070.0	0.137839
2075.0	0.144497
2080.0	0.147968
2085.0	0.158597
2090.0	0.151783
2095.0	0.133675
2100.0	0.126341
2105.0	0.139790
2110.0	0.155895
2115.0	0.174264
2120.0	0.154789
2125.0	0.178115
2130.0	0.184996
2135.0	0.152278
2140.0	0.143645
2145.0	0.163773
2150.0	0.173058
2155.0	0.174502
2160.0	0.172292
2165.0	0.147016
2170.0	0.157107
2175.0	0.120589
2180.0	0.121036
2185.0	0.147005
2190.0	0.172876
2195.0	0.190311
2200.0	0.198901
2205.0	0.196739
2210.0	0.183709
2215.0	0.143017
2220.0	0.130447
2225.0	0.138230
2230.0	0.137395
2235.0	0.170781
2240.0	0.186783
2245.0	0.164373
2250.0	0.174218
2255.0	0.173325
2260.0	0.165796
2265.0	0.157215
2270.0	0.148411
2275.0	0.135972
2280.0	0.145375
2285.0	0.152818
2290.0	0.173594
2295.0	0.157199
2300.0	0.152924
2305.0	0.141404
2310.0	0.176332
2315.0	0.176383
2320.0	0.150171
2325.0	0.163389
2330.0	0.161484
2335.0	0.154721
2340.0	0.113199
2345.0	0.126680
2350.0	0.128221
2355.0	0.132688
2360.0	0.136393
2365.0	0.098121
2370.0	0.118450
2375.0	0.145963
2380.0	0.147071
2385.0	0.115713
2390.0	0.091740
2395.0	0.110565
2400.0	0.101543
2405.0	0.097884
2410.0	0.077433
2415.0	0.080395
2420.0	0.098399
2425.0	0.142623
2430.0	0.161008
2435.0	0.159157
2440.0	0.162442
2445.0	0.178829
2450.0	0.180739
2455.0	0.158942
2460.0	0.163703
2465.0	0.160165
2470.0	0.154217
2475.0	0.148311
2480.0	0.152871
2485.0	0.154773
2490.0	0.138893
2495.0	0.118623
2500.0	0.155495
2505.0	0.169406
2510.0	0.160016
2515.0	0.155090
2520.0	0.117338
2525.0	0.101586
2530.0	0.115156
2535.0	0.114583
2540.0	0.130119
2545.0	0.130313
2550.0	0.131311
2555.0	0.159021
2560.0	0.177423
2565.0	0.193598
2570.0	0.212946
2575.0	0.223917
2580.0	0.203089
2585.0	0.184620
2590.0	0.187578
2595.0	0.199696
2600.0	0.166485
2605.0	0.160351
2610.0	0.163799
2615.0	0.154817
2620.0	0.183730
2625.0	0.192359
2630.0	0.177693
2635.0	0.206731
2640.0	0.300962
2645.0	0.350139
2650.0	0.358634
2655.0	0.381703
2660.0	0.381540
2665.0	0.335680
2670.0	0.315685
2675.0	0.336814
2680.0	0.341762
2685.0	0.328597
2690.0	0.320856
2695.0	0.300379
2700.0	0.333723
2705.0	0.349601
2710.0	0.318987
2715.0	0.299355
2720.0	0.294342
2725.0	0.290039
2730.0	0.324180
2735.0	0.322631
2740.0	0.272816
2745.0	0.196037
2750.0	0.185048
2755.0	0.198963
2760.0	0.228704
2765.0	0.258483
2770.0	0.270595
2775.0	0.302525
2780.0	0.286236
2785.0	0.240713
2790.0	0.210726
2795.0	0.146616
2800.0	0.105212
2805.0	0.122003
2810.0	0.185859
2815.0	0.300151
2820.0	0.501423
2825.0	0.544910
2830.0	0.429064
2835.0	0.380395
2840.0	0.364696
2845.0	0.369950
2850.0	0.342467
2855.0	0.293507
2860.0	0.353650
2865.0	0.388160
2870.0	0.375644
2875.0	0.424755
2880.0	0.416130
2885.0	0.419146
2890.0	0.416573
2895.0	0.399074
2900.0	0.422109
2905.0	0.478275
2910.0	0.509712
2915.0	0.557487
2920.0	0.510922
2925.0	0.433434
2930.0	0.427874
2935.0	0.456747
2940.0	0.480036
2945.0	0.518988
2950.0	0.474324
2955.0	0.479193
2960.0	0.535639
2965.0	0.524791
2970.0	0.500826
2975.0	0.513161
2980.0	0.517717
2985.0	0.477944
2990.0	0.495792
2995.0	0.513872
3000.0	0.465808
3005.0	0.459672
3010.0	0.500848
3015.0	0.480641
3020.0	0.458294
3025.0	0.514252
3030.0	0.493600
3035.0	0.506273
3040.0	0.546123
3045.0	0.530462
3050.0	0.530879
3055.0	0.515972
3060.0	0.482533
3065.0	0.475183
3070.0	0.492397
3075.0	0.495033
3080.0	0.507045
3085.0	0.535639
3090.0	0.502279
3095.0	0.484503
3100.0	0.475086
3105.0	0.505184
3110.0	0.540958
3115.0	0.551279
3120.0	0.508102
3125.0	0.509121
3130.0	0.532363
3135.0	0.534243
3140.0	0.532516
3145.0	0.552897
3150.0	0.555247
3155.0	0.527580
3160.0	0.560389
3165.0	0.578396
3170.0	0.602278
3175.0	0.593768
3180.0	0.589446
3185.0	0.602758
3190.0	0.589506
3195.0	0.606705
3200.0	0.694191
3205.0	0.689233
3210.0	0.677227
3215.0	0.666698
3220.0	0.646708
3225.0	0.610220
3230.0	0.587482
3235.0	0.604411
3240.0	0.632340
3245.0	0.641216
3250.0	0.650038
3255.0	0.681046
3260.0	0.720381
3265.0	0.746657
3270.0	0.744477
3275.0	0.710262
3280.0	0.681737
3285.0	0.694079
3290.0	0.731001
3295.0	0.765120
3300.0	0.776150
3305.0	0.754694
3310.0	0.727811
3315.0	0.722782
3320.0	0.731332
3325.0	0.737814
3330.0	0.732661
3335.0	0.713739
3340.0	0.702591
3345.0	0.716359
3350.0	0.730909
3355.0	0.720705
3360.0	0.695855
3365.0	0.673572
3370.0	0.663850
3375.0	0.671317
3380.0	0.686378
3385.0	0.699461
3390.0	0.715313
3395.0	0.737324
3400.0	0.749133
3405.0	0.737241
3410.0	0.719353
3415.0	0.715779
3420.0	0.726038
3425.0	0.741494
3430.0	0.741669
3435.0	0.713489
3440.0	0.685322
3445.0	0.685115
3450.0	0.697681
3455.0	0.703053
3460.0	0.705298
3465.0	0.710902
3470.0	0.712006
3475.0	0.701144
3480.0	0.686766
3485.0	0.679191
3490.0	0.680302
3495.0	0.689206
3500.0	0.702355
3505.0	0.715483
3510.0	0.724110
3515.0	0.724694
3520.0	0.717646
3525.0	0.707521
3530.0	0.711489
3535.0	0.741060
3540.0	0.772479
3545.0	0.781886
3550.0	0.780289
3555.0	0.780478
3560.0	0.767509
3565.0	0.728842
3570.0	0.689273
3575.0	0.673564
3580.0	0.668997
3585.0	0.662077
3590.0	0.673665
3595.0	0.718278
3600.0	0.750681
3605.0	0.730469
3610.0	0.685371
3615.0	0.681889
3620.0	0.703924
3625.0	0.724751
3630.0	0.739139
3635.0	0.746918
3640.0	0.746665
3645.0	0.740931
3650.0	0.749421
3655.0	0.785244
3660.0	0.817949
3665.0	0.817531
3670.0	0.799330
3675.0	0.785358
3680.0	0.778980
3685.0	0.780286
3690.0	0.794925
3695.0	0.822055
3700.0	0.829327
3705.0	0.794276
3710.0	0.765466
3715.0	0.788522
3720.0	0.826278
3725.0	0.836385
3730.0	0.838544
3735.0	0.852611
3740.0	0.837001
3745.0	0.766723
3750.0	0.744605
3755.0	0.849393
3760.0	0.935677
3765.0	0.873482
3770.0	0.818702
3775.0	0.926532
3780.0	1.063472
3785.0	1.070063
3790.0	0.971686
3795.0	0.848032
3800.0	0.811196
3805.0	0.930572
3810.0	1.072324
3815.0	1.093096
3820.0	1.014673
3825.0	0.896200
3830.0	0.781135
3835.0	0.713550
3840.0	0.755659
3845.0	0.932766
3850.0	1.104399
3855.0	1.139253
3860.0	1.108475
3865.0	1.107829
3870.0	1.129084
3875.0	1.132422
3880.0	1.055665
3885.0	0.878852
3890.0	0.773261
3895.0	0.883667
3900.0	1.057611
3905.0	1.125692
3910.0	1.147958
3915.0	1.195394
3920.0	1.153257
3925.0	0.929081
3930.0	0.705222
3935.0	0.674454
3940.0	0.796390
3945.0	0.976053
3950.0	1.133251
3955.0	1.189162
3960.0	1.055665
3965.0	0.726665
3970.0	0.533490
3975.0	0.751689
3980.0	1.096292
3985.0	1.241063
3990.0	1.255238
3995.0	1.272843
4000.0	1.291594
4005.0	1.289089
4010.0	1.298751
4015.0	1.347310
4020.0	1.378879
4025.0	1.345756
4030.0	1.315607
4035.0	1.353251
4040.0	1.396774
4045.0	1.377360
4050.0	1.325336
4055.0	1.288387
4060.0	1.284476
4065.0	1.311654
4070.0	1.318032
4075.0	1.267485
4080.0	1.236876
4085.0	1.282537
4090.0	1.265686
4095.0	1.076918
4100.0	0.919446
4105.0	0.992549
4110.0	1.167148
4115.0	1.272249
4120.0	1.297556
4125.0	1.278057
4130.0	1.269188
4135.0	1.310802
4140.0	1.359960
4145.0	1.369726
4150.0	1.359960
4155.0	1.357770
4160.0	1.352465
4165.0	1.330055
4170.0	1.301146
4175.0	1.282588
4180.0	1.291594
4185.0	1.331993
4190.0	1.353711
4195.0	1.318636
4200.0	1.290405
4205.0	1.329106
4210.0	1.378879
4215.0	1.375237
4220.0	1.335138
4225.0	1.292837
4230.0	1.270358
4235.0	1.278918
4240.0	1.298751
4245.0	1.308117
4250.0	1.308356
4255.0	1.305188
4260.0	1.298751
4265.0	1.290658
4270.0	1.293975
4275.0	1.315178
4280.0	1.322897
4285.0	1.288806
4290.0	1.234599
4295.0	1.188568
4300.0	1.155383
4305.0	1.138038
4310.0	1.156448
4315.0	1.220382
4320.0	1.282112
4325.0	1.283640
4330.0	1.183385
4335.0	0.985277
4340.0	0.858867
4345.0	0.947607
4350.0	1.124931
4355.0	1.236052
4360.0	1.283294
4365.0	1.302133
4370.0	1.303545
4375.0	1.292719
4380.0	1.276221
4385.0	1.260845
4390.0	1.252928
4395.0	1.257674
4400.0	1.276221
4405.0	1.304346
4410.0	1.320462
4415.0	1.309667
4420.0	1.301146
4425.0	1.320839
4430.0	1.337599
4435.0	1.321672
4440.0	1.305948
4445.0	1.320982
4450.0	1.325336
4455.0	1.281722
4460.0	1.241441
4465.0	1.256158
4470.0	1.290405
4475.0	1.300865
4480.0	1.299948
4485.0	1.307735
4490.0	1.319247
4495.0	1.327191
4500.0	1.340066
4505.0	1.363718
4510.0	1.377609
4515.0	1.360912
4520.0	1.318032
4525.0	1.265577
4530.0	1.243730
4535.0	1.277894
4540.0	1.310769
4545.0	1.288688
4550.0	1.255238
4555.0	1.261094
4560.0	1.288030
4565.0	1.306222
4570.0	1.308356
4575.0	1.295355
4580.0	1.278574
4585.0	1.269146
4590.0	1.266852
4595.0	1.269974
4600.0	1.282112
4605.0	1.304113
4610.0	1.320462
4615.0	1.317576
4620.0	1.305948
4625.0	1.299123
4630.0	1.298751
4635.0	1.301397
4640.0	1.295168
4645.0	1.274115
4650.0	1.264521
4655.0	1.285638
4660.0	1.296361
4665.0	1.261664
4670.0	1.231193
4675.0	1.254383
4680.0	1.295168
4685.0	1.308179
4690.0	1.296361
4695.0	1.274205
4700.0	1.254082
4705.0	1.246472
4710.0	1.256395
4715.0	1.281319
4720.0	1.293975
4725.0	1.273510
4730.0	1.249471
4735.0	1.252310
4740.0	1.265686
4745.0	1.267268
4750.0	1.257552
4755.0	1.242445
4760.0	1.226665
4765.0	1.215916
4770.0	1.221029
4775.0	1.245981
4780.0	1.262194
4785.0	1.246091
4790.0	1.226665
4795.0	1.233362
4800.0	1.244876
4805.0	1.237391
4810.0	1.227795
4815.0	1.234518
4820.0	1.241441
4825.0	1.230013
4830.0	1.206496
4835.0	1.183966
4840.0	1.177948
4845.0	1.184808
4850.0	1.121827
4855.0	0.939569
4860.0	0.800804
4865.0	0.857047
4870.0	1.002596
4875.0	1.098511
4880.0	1.130124
4885.0	1.120419
4890.0	1.118732
4895.0	1.161269
4900.0	1.205386
4905.0	1.204445
4910.0	1.174697
4915.0	1.146235
4920.0	1.141632
4925.0	1.170165
4930.0	1.195435
4935.0	1.185441
4940.0	1.171456
4945.0	1.186259
4950.0	1.205386
4955.0	1.201391
4960.0	1.192137
4965.0	1.197330
4970.0	1.198743
4975.0	1.178429
4980.0	1.157513
4985.0	1.158237
4990.0	1.168224
4995.0	1.170450
5000.0	1.163928
5005.0	1.151243
5010.0	1.133251
5015.0	1.114322
5020.0	1.114618
5025.0	1.145075
5030.0	1.163928
5035.0	1.135649
5040.0	1.102367
5045.0	1.110351
5050.0	1.144791
5055.0	1.177894
5060.0	1.191039
5065.0	1.174216
5070.0	1.142684
5075.0	1.116737
5080.0	1.111542
5085.0	1.132507
5090.0	1.151134
5095.0	1.141622
5100.0	1.122861
5105.0	1.118561
5110.0	1.127005
5115.0	1.138704
5120.0	1.138482
5125.0	1.116790
5130.0	1.092260
5135.0	1.084051
5140.0	1.085241
5145.0	1.087172
5150.0	1.100338
5155.0	1.127043
5160.0	1.117702
5165.0	1.039536
5170.0	0.978872
5175.0	1.014419
5180.0	1.075291
5185.0	1.080910
5190.0	1.061515
5195.0	1.061535
5200.0	1.071337
5205.0	1.074094
5210.0	1.078266
5215.0	1.091171
5220.0	1.090250
5225.0	1.058936
5230.0	1.034489
5235.0	1.052024
5240.0	1.084242
5245.0	1.097386
5250.0	1.094274
5255.0	1.083543
5260.0	1.060538
5265.0	1.023917
5270.0	0.998909
5275.0	1.009230
5280.0	1.045986
5285.0	1.089619
5290.0	1.110519
5295.0	1.090167
5300.0	1.064452
5305.0	1.068660
5310.0	1.081250
5315.0	1.074856
5320.0	1.055665
5325.0	1.037198
5330.0	1.028788
5335.0	1.034939
5340.0	1.045024
5345.0	1.049293
5350.0	1.056638
5355.0	1.073424
5360.0	1.077274
5365.0	1.050643
5370.0	1.024061
5375.0	1.028049
5380.0	1.045024
5385.0	1.050708
5390.0	1.042140
5395.0	1.023741
5400.0	1.008152
5405.0	1.006498
5410.0	1.015608
5415.0	1.027920
5420.0	1.032586
5425.0	1.024054
5430.0	1.021236
5435.0	1.039511
5440.0	1.055665
5445.0	1.046545
5450.0	1.027841
5455.0	1.020404
5460.0	1.026895
5465.0	1.042033
5470.0	1.046950
5475.0	1.028734
5480.0	1.011873
5485.0	1.019465
5490.0	1.031635
5495.0	1.026078
5500.0	1.013739
5505.0	1.010225
5510.0	1.016544
5515.0	1.027757
5520.0	1.029736
5525.0	1.013382
5530.0	0.998909
5535.0	1.005324
5540.0	1.017480
5545.0	1.017644
5550.0	1.011873
5555.0	1.009142
5560.0	1.006297
5565.0	0.999959
5570.0	0.997990
5575.0	1.005270
5580.0	1.003520
5585.0	0.978004
5590.0	0.951319
5595.0	0.948415
5600.0	0.966331
5605.0	0.992806
5610.0	1.006297
5615.0	0.992713
5620.0	0.977071
5625.0	0.983261
5630.0	0.991576
5635.0	0.981464
5640.0	0.972582
5645.0	0.983803
5650.0	0.990663
5655.0	0.970514
5660.0	0.951319
5665.0	0.961044
5670.0	0.977071
5675.0	0.973387
5680.0	0.961006
5685.0	0.956196
5690.0	0.959237
5695.0	0.965008
5700.0	0.962778
5705.0	0.947081
5710.0	0.939131
5715.0	0.956580
5720.0	0.976171
5725.0	0.973898
5730.0	0.963665
5735.0	0.962708
5740.0	0.963665
5745.0	0.956732
5750.0	0.946948
5755.0	0.941551
5760.0	0.941729
5765.0	0.946383
5770.0	0.951319
5775.0	0.952493
5780.0	0.949568
5785.0	0.944126
5790.0	0.941729
5795.0	0.946312
5800.0	0.951319
5805.0	0.950203
5810.0	0.946948
5815.0	0.947022
5820.0	0.951319
5825.0	0.958598
5830.0	0.963665
5835.0	0.962108
5840.0	0.956590
5845.0	0.950012
5850.0	0.939131
5855.0	0.923115
5860.0	0.916909
5865.0	0.932022
5870.0	0.950443
5875.0	0.951355
5880.0	0.932236
5885.0	0.900036
5890.0	0.881305
5895.0	0.896060
5900.0	0.918599
5905.0	0.921694
5910.0	0.917754
5915.0	0.922833
5920.0	0.927953
5925.0	0.922712
5930.0	0.916064
5935.0	0.917412
5940.0	0.918599
5945.0	0.911436
5950.0	0.905161
5955.0	0.909172
5960.0	0.916064
5965.0	0.916498
5970.0	0.910177
5975.0	0.900227
5980.0	0.894388
5985.0	0.897958
5990.0	0.901833
5995.0	0.897133
6000.0	0.890279
6005.0	0.903527
6010.0	0.898381
6015.0	0.894893
6020.0	0.884874
6025.0	0.892662
6030.0	0.901026
6035.0	0.906491
6040.0	0.913808
6045.0	0.898714
6050.0	0.896930
6055.0	0.893079
6060.0	0.893584
6065.0	0.893798
6070.0	0.892193
6075.0	0.891596
6080.0	0.881695
6085.0	0.883973
6090.0	0.881076
6095.0	0.880090
6100.0	0.870840
6105.0	0.868609
6110.0	0.877962
6115.0	0.872414
6120.0	0.868924
6125.0	0.867211
6130.0	0.867322
6135.0	0.854536
6140.0	0.841453
6145.0	0.850752
6150.0	0.854681
6155.0	0.848182
6160.0	0.834798
6165.0	0.833030
6170.0	0.837511
6175.0	0.850427
6180.0	0.858097
6185.0	0.858712
6190.0	0.851422
6195.0	0.854187
6200.0	0.859345
6205.0	0.861091
6210.0	0.859131
6215.0	0.850489
6220.0	0.844582
6225.0	0.844979
6230.0	0.840859
6235.0	0.836776
6240.0	0.831892
6245.0	0.825888
6250.0	0.828767
6255.0	0.829422
6260.0	0.841334
6265.0	0.846614
6270.0	0.845907
6275.0	0.829763
6280.0	0.809501
6285.0	0.824006
6290.0	0.833265
6295.0	0.825186
6300.0	0.817724
6305.0	0.821476
6310.0	0.827494
6315.0	0.820768
6320.0	0.816522
6325.0	0.826020
6330.0	0.832448
6335.0	0.822271
6340.0	0.815013
6345.0	0.817976
6350.0	0.824180
6355.0	0.824081
6360.0	0.816219
6365.0	0.815651
6370.0	0.819052
6375.0	0.820303
6380.0	0.820113
6385.0	0.818347
6390.0	0.817042
6395.0	0.812140
6400.0	0.806210
6405.0	0.805461
6410.0	0.798889
6415.0	0.802479
6420.0	0.800631
6425.0	0.803182
6430.0	0.802624
6435.0	0.799057
6440.0	0.800136
6445.0	0.802908
6450.0	0.799775
6455.0	0.790497
6460.0	0.783643
6465.0	0.786638
6470.0	0.791623
6475.0	0.790313
6480.0	0.788097
6485.0	0.784295
6490.0	0.776182
6495.0	0.758989
6500.0	0.767599
6505.0	0.792598
6510.0	0.800757
6515.0	0.792909
6520.0	0.786452
6525.0	0.789737
6530.0	0.787763
6535.0	0.780486
6540.0	0.776621
6545.0	0.766720
6550.0	0.739892
6555.0	0.675302
6560.0	0.585959
6565.0	0.572529
6570.0	0.669450
6575.0	0.732157
6580.0	0.752271
6585.0	0.759657
6590.0	0.762049
6595.0	0.765210
6600.0	0.778163
6605.0	0.774147
6610.0	0.776504
6615.0	0.780986
6620.0	0.781566
6625.0	0.775177
6630.0	0.764762
6635.0	0.756829
6640.0	0.760697
6645.0	0.764487
6650.0	0.765493
6655.0	0.761183
6660.0	0.757579
6665.0	0.754219
6670.0	0.758887
6675.0	0.750907
6680.0	0.751526
6685.0	0.756882
6690.0	0.757666
6695.0	0.755500
6700.0	0.752938
6705.0	0.750793
6710.0	0.749304
6715.0	0.743208
6720.0	0.737691
6725.0	0.744191
6730.0	0.749936
6735.0	0.749363
6740.0	0.746579
6745.0	0.743186
6750.0	0.738413
6755.0	0.734169
6760.0	0.735235
6765.0	0.734449
6770.0	0.731929
6775.0	0.734239
6780.0	0.736393
6785.0	0.732211
6790.0	0.729598
6795.0	0.728306
6800.0	0.726966
6805.0	0.727523
6810.0	0.726027
6815.0	0.725131
6820.0	0.725548
6825.0	0.724104
6830.0	0.722705
6835.0	0.719881
6840.0	0.718940
6845.0	0.717990
6850.0	0.716940
6855.0	0.715914
6860.0	0.714862
6865.0	0.713818
6870.0	0.712838
6875.0	0.711860
6880.0	0.710861
6885.0	0.709905
6890.0	0.708986
6895.0	0.708088
6900.0	0.707167
6905.0	0.706253
6910.0	0.705323
6915.0	0.704553
6920.0	0.703918
6925.0	0.703183
6930.0	0.702548
6935.0	0.701868
6940.0	0.701354
6945.0	0.701052
6950.0	0.700631
6955.0	0.700165
6960.0	0.699719
6965.0	0.699103
6970.0	0.699056
6975.0	0.693500
6980.0	0.689306
6985.0	0.691454
6990.0	0.688566
6995.0	0.687955
7000.0	0.680991
7005.0	0.676586
7010.0	0.680475
7015.0	0.678770
7020.0	0.676599
7025.0	0.679298
7030.0	0.683315
7035.0	0.683569
7040.0	0.682256
7045.0	0.684929
7050.0	0.683261
7055.0	0.682082
7060.0	0.682114
7065.0	0.683095
7070.0	0.681513
7075.0	0.678856
7080.0	0.675404
7085.0	0.672729
7090.0	0.670516
7095.0	0.670258
7100.0	0.671990
7105.0	0.676387
7110.0	0.663022
7115.0	0.660024
7120.0	0.663362
7125.0	0.668506
7130.0	0.670283
7135.0	0.671729
7140.0	0.679936
7145.0	0.671956
7150.0	0.666255
7155.0	0.671293
7160.0	0.671107
7165.0	0.653131
7170.0	0.642940
7175.0	0.635933
7180.0	0.623447
7185.0	0.613385
7190.0	0.611416
7195.0	0.617136
7200.0	0.622441
7205.0	0.626201
7210.0	0.644404
7215.0	0.658646
7220.0	0.656088
7225.0	0.654831
7230.0	0.649988
7235.0	0.636622
7240.0	0.633430
7245.0	0.634040
7250.0	0.637333
7255.0	0.636253
7260.0	0.641510
7265.0	0.638864
7270.0	0.638353
7275.0	0.627991
7280.0	0.624659
7285.0	0.623975
7290.0	0.612629
7295.0	0.621150
7300.0	0.631455
7305.0	0.625345
7310.0	0.621148
7315.0	0.624954
7320.0	0.626859
7325.0	0.629977
7330.0	0.629667
7335.0	0.636533
7340.0	0.638923
7345.0	0.638236
7350.0	0.631648
7355.0	0.627181
7360.0	0.627061
7365.0	0.627772
7370.0	0.629957
7375.0	0.629319
7380.0	0.627867
7385.0	0.615256
7390.0	0.610786
7395.0	0.616299
7400.0	0.621362
7405.0	0.615155
7410.0	0.603981
7415.0	0.606728
7420.0	0.608640
7425.0	0.611725
7430.0	0.618873
7435.0	0.620172
7440.0	0.618231
7445.0	0.608305
7450.0	0.606245
7455.0	0.612442
7460.0	0.611442
7465.0	0.608564
7470.0	0.609582
7475.0	0.609643
7480.0	0.608324
7485.0	0.610208
7490.0	0.607683
7495.0	0.598894
7500.0	0.601722
7505.0	0.599708
7510.0	0.593974
7515.0	0.595444
7520.0	0.599401
7525.0	0.596562
7530.0	0.594971
7535.0	0.595629
7540.0	0.601110
7545.0	0.600080
7550.0	0.597735
7555.0	0.597106
7560.0	0.596082
7565.0	0.595244
7570.0	0.594392
7575.0	0.593389
7580.0	0.592441
7585.0	0.591592
7590.0	0.590705
7595.0	0.589814
7600.0	0.588956
7605.0	0.588253
7610.0	0.587502
7615.0	0.586720
7620.0	0.585944
7625.0	0.585170
7630.0	0.584399
7635.0	0.583631
7640.0	0.582864
7645.0	0.582098
7650.0	0.581333
7655.0	0.580569
7660.0	0.579805
7665.0	0.579044
7670.0	0.578262
7675.0	0.577383
7680.0	0.576474
7685.0	0.575749
7690.0	0.575078
7695.0	0.574247
7700.0	0.573331
7705.0	0.572486
7710.0	0.571819
7715.0	0.571618
7720.0	0.571159
7725.0	0.570288
7730.0	0.570184
7735.0	0.573002
7740.0	0.572519
7745.0	0.563856
7750.0	0.559891
7755.0	0.564662
7760.0	0.567722
7765.0	0.565498
7770.0	0.557139
7775.0	0.543882
7780.0	0.549866
7785.0	0.558398
7790.0	0.560529
7795.0	0.560656
7800.0	0.557010
7805.0	0.556482
7810.0	0.558557
7815.0	0.560905
7820.0	0.562278
7825.0	0.558170
7830.0	0.554927
7835.0	0.548578
7840.0	0.550149
7845.0	0.552515
7850.0	0.551140
7855.0	0.550944
7860.0	0.551314
7865.0	0.552169
7870.0	0.547194
7875.0	0.548145
7880.0	0.546937
7885.0	0.548539
7890.0	0.548052
7895.0	0.545199
7900.0	0.544044
7905.0	0.544946
7910.0	0.543618
7915.0	0.542592
7920.0	0.538959
7925.0	0.537647
7930.0	0.532284
7935.0	0.529517
7940.0	0.531024
7945.0	0.532339
7950.0	0.535271
7955.0	0.533808
7960.0	0.534096
7965.0	0.535866
7970.0	0.535660
7975.0	0.536209
7980.0	0.534961
7985.0	0.538420
7990.0	0.537013
7995.0	0.531584
8000.0	0.525373
8005.0	0.525963
8010.0	0.528676
8015.0	0.528564
8020.0	0.528513
8025.0	0.525740
8030.0	0.525484
8035.0	0.523051
8040.0	0.525177
8045.0	0.520598
8050.0	0.518755
8055.0	0.520417
8060.0	0.526460
8065.0	0.526702
8070.0	0.522969
8075.0	0.523236
8080.0	0.523215
8085.0	0.521407
8090.0	0.518768
8095.0	0.518683
8100.0	0.518135
8105.0	0.517288
8110.0	0.522171
8115.0	0.522596
8120.0	0.521011
8125.0	0.521059
8130.0	0.515599
8135.0	0.510959
8140.0	0.509784
8145.0	0.502309
8150.0	0.501145
8155.0	0.499790
8160.0	0.491977
8165.0	0.485188
8170.0	0.491296
8175.0	0.494516
8180.0	0.484932
8185.0	0.488336
8190.0	0.490568
8195.0	0.481129
8200.0	0.482928
8205.0	0.500985
8210.0	0.512946
8215.0	0.506481
8220.0	0.495343
8225.0	0.473784
8230.0	0.453814
8235.0	0.473127
8240.0	0.501163
8245.0	0.503233
8250.0	0.500315
8255.0	0.494215
8260.0	0.495002
8265.0	0.501504
8270.0	0.502249
8275.0	0.488397
8280.0	0.485073
8285.0	0.485499
8290.0	0.485234
8295.0	0.486789
8300.0	0.486081
8305.0	0.482828
8310.0	0.484850
8315.0	0.484913
8320.0	0.481315
8325.0	0.481405
8330.0	0.480987
8335.0	0.470464
8340.0	0.474516
8345.0	0.480739
8350.0	0.486507
8355.0	0.486514
8360.0	0.485741
8365.0	0.486811
8370.0	0.487219
8375.0	0.486531
8380.0	0.486780
8385.0	0.483730
8390.0	0.480591
8395.0	0.481197
8400.0	0.483628
8405.0	0.483791
8410.0	0.482200
8415.0	0.482212
8420.0	0.477891
8425.0	0.477014
8430.0	0.477594
8435.0	0.476016
8440.0	0.471405
8445.0	0.466780
8450.0	0.466296
8455.0	0.475356
8460.0	0.476232
8465.0	0.471651
8470.0	0.466004
8475.0	0.469240
8480.0	0.473337
8485.0	0.475897
8490.0	0.472176
8495.0	0.447477
8500.0	0.424123
8505.0	0.441447
8510.0	0.454976
8515.0	0.455789
8520.0	0.455175
8525.0	0.456150
8530.0	0.452942
8535.0	0.442378
8540.0	0.405668
8545.0	0.372623
8550.0	0.391689
8555.0	0.419367
8560.0	0.443580
8565.0	0.451995
8570.0	0.449312
8575.0	0.448839
8580.0	0.446413
8585.0	0.441964
8590.0	0.438584
8595.0	0.430294
8600.0	0.428594
8605.0	0.432144
8610.0	0.436695
8615.0	0.440052
8620.0	0.442513
8625.0	0.445354
8630.0	0.449215
8635.0	0.450234
8640.0	0.449420
8645.0	0.446324
8650.0	0.441238
8655.0	0.432609
8660.0	0.403342
8665.0	0.370377
8670.0	0.377066
8675.0	0.403491
8680.0	0.422269
8685.0	0.425506
8690.0	0.426563
8695.0	0.441348
8700.0	0.447661
8705.0	0.451202
8710.0	0.446713
8715.0	0.446246
8720.0	0.446822
8725.0	0.443744
8730.0	0.438213
8735.0	0.432059
8740.0	0.427276
8745.0	0.418518
8750.0	0.409322
8755.0	0.410059
8760.0	0.420671
8765.0	0.426117
8770.0	0.429908
8775.0	0.432394
8780.0	0.435292
8785.0	0.434327
8790.0	0.432377
8795.0	0.431999
8800.0	0.433552
8805.0	0.427103
8810.0	0.426994
8815.0	0.434276
8820.0	0.433417
8825.0	0.428493
8830.0	0.429257
8835.0	0.432419
8840.0	0.425121
8845.0	0.424742
8850.0	0.418957
8855.0	0.410210
8860.0	0.395731
8865.0	0.384554
8870.0	0.397168
8875.0	0.408111
8880.0	0.418193
8885.0	0.413329
8890.0	0.420021
8895.0	0.422819
8900.0	0.424740
8905.0	0.425965
8910.0	0.421714
8915.0	0.419001
8920.0	0.421819
8925.0	0.418735
8930.0	0.411431
8935.0	0.420656
8940.0	0.425475
8945.0	0.417314
8950.0	0.414316
8955.0	0.415353
8960.0	0.412734
8965.0	0.408864
8970.0	0.407603
8975.0	0.409310
8980.0	0.406340
8985.0	0.395605
8990.0	0.377148
8995.0	0.385496
9000.0	0.383806
9005.0	0.376324
9010.0	0.370329
9015.0	0.355153
9020.0	0.362432
9025.0	0.376653
9030.0	0.402681
9035.0	0.424621
9040.0	0.429201
9045.0	0.428976
9050.0	0.429528
9055.0	0.424291
9060.0	0.410306
9065.0	0.398374
9070.0	0.398465
9075.0	0.391433
9080.0	0.381373
9085.0	0.382162
9090.0	0.374672
9095.0	0.377647
9100.0	0.386627
9105.0	0.387375
9110.0	0.390470
9115.0	0.404324
9120.0	0.390271
9125.0	0.397955
9130.0	0.388736
9135.0	0.379690
9140.0	0.388978
9145.0	0.389464
9150.0	0.385734
9155.0	0.372000
9160.0	0.379020
9165.0	0.389586
9170.0	0.389304
9175.0	0.376341
9180.0	0.379488
9185.0	0.389696
9190.0	0.393145
9195.0	0.389499
9200.0	0.398198
9205.0	0.394449
9210.0	0.382382
9215.0	0.368817
9220.0	0.364855
9225.0	0.359009
9230.0	0.341988
9235.0	0.352678
9240.0	0.366621
9245.0	0.373553
9250.0	0.377089
9255.0	0.386662
9260.0	0.394841
9265.0	0.396419
9270.0	0.409282
9275.0	0.418008
9280.0	0.401573
9285.0	0.405815
9290.0	0.407958
9295.0	0.402473
9300.0	0.388898
9305.0	0.377730
9310.0	0.364206
9315.0	0.351249
9320.0	0.343379
9325.0	0.341936
9330.0	0.348739
9335.0	0.342820
9340.0	0.335619
9345.0	0.329064
9350.0	0.351673
9355.0	0.338782
9360.0	0.346077
9365.0	0.356433
9370.0	0.341855
9375.0	0.355762
9380.0	0.355398
9385.0	0.374969
9390.0	0.400565
9395.0	0.422383
9400.0	0.415886
9405.0	0.398441
9410.0	0.380398
9415.0	0.372353
9420.0	0.366744
9425.0	0.347882
9430.0	0.335628
9435.0	0.349267
9440.0	0.330577
9445.0	0.331707
9450.0	0.361629
9455.0	0.357986
9460.0	0.343541
9465.0	0.357050
9470.0	0.365385
9475.0	0.364254
9480.0	0.354368
9485.0	0.359077
9490.0	0.372965
9495.0	0.355225
9500.0	0.339814
9505.0	0.368224
9510.0	0.380297
9515.0	0.370510
9520.0	0.351153
9525.0	0.343259
9530.0	0.349847
9535.0	0.358691
9540.0	0.343331
9545.0	0.326806
9550.0	0.324288
9555.0	0.316040
9560.0	0.338397
9565.0	0.342624
9570.0	0.346405
9575.0	0.366949
9580.0	0.365223
9585.0	0.359578
9590.0	0.338668
9595.0	0.340855
9600.0	0.351358
9605.0	0.350268
9610.0	0.349204
9615.0	0.348241
9620.0	0.352519
9625.0	0.339034
9630.0	0.348168
9635.0	0.347405
9640.0	0.345641
9645.0	0.338499
9650.0	0.338172
9655.0	0.349083
9660.0	0.327278
9665.0	0.344429
9670.0	0.349031
9675.0	0.350378
9680.0	0.353234
9685.0	0.348057
9690.0	0.357363
9695.0	0.349961
9700.0	0.349489
9705.0	0.348571
9710.0	0.347952
9715.0	0.338671
9720.0	0.340134
9725.0	0.350586
9730.0	0.341461
9735.0	0.338701
9740.0	0.318396
9745.0	0.334059
9750.0	0.326132
9755.0	0.326005
9760.0	0.329933
9765.0	0.335364
9770.0	0.339928
9775.0	0.340357
9780.0	0.336335
9785.0	0.336536
9790.0	0.336403
9795.0	0.335365
9800.0	0.341704
9805.0	0.340415
9810.0	0.339519
9815.0	0.338908
9820.0	0.338472
9825.0	0.338091
9830.0	0.337600
9835.0	0.336823
9840.0	0.335585
9845.0	0.333780
9850.0	0.331579
9855.0	0.329221
9860.0	0.326946
9865.0	0.324998
9870.0	0.323638
9875.0	0.323128
9880.0	0.323732
9885.0	0.325562
9890.0	0.328110
9895.0	0.330719
9900.0	0.332728
9905.0	0.333653
9910.0	0.333711
9915.0	0.333293
9920.0	0.332788
9925.0	0.332490
9930.0	0.332296
9935.0	0.332002
9940.0	0.331408
9945.0	0.330395
9950.0	0.329182
9955.0	0.328074
9960.0	0.327374
9965.0	0.327296
9970.0	0.327687
9975.0	0.328306
9980.0	0.328910
9985.0	0.329311
9990.0	0.329541
9995.0	0.329686
10000.0	0.329833
10005.0	0.329954
10010.0	0.329567
10015.0	0.328075
10020.0	0.324882
10025.0	0.319725
10030.0	0.313669
10035.0	0.308111
10040.0	0.304449
10045.0	0.303680
10050.0	0.305193
10055.0	0.307977
10060.0	0.311021
10065.0	0.313478
10070.0	0.315159
10075.0	0.316040
10080.0	0.316096
10085.0	0.315402
10090.0	0.314433
10095.0	0.313762
10100.0	0.313964
10105.0	0.315364
10110.0	0.317298
10115.0	0.318853
10120.0	0.319118
10125.0	0.317486
10130.0	0.314583
10135.0	0.311338
10140.0	0.308682
10145.0	0.307312
10150.0	0.306978
10155.0	0.307197
10160.0	0.307487
10165.0	0.307468
10170.0	0.307184
10175.0	0.306787
10180.0	0.306425
10185.0	0.306207
10190.0	0.306074
10195.0	0.305924
10200.0	0.305658
10205.0	0.305210
10210.0	0.304660
10215.0	0.304124
10220.0	0.303717
10225.0	0.303450
10230.0	0.302920
10235.0	0.301619
10240.0	0.299038
10245.0	0.294999
10250.0	0.290647
10255.0	0.287455
10260.0	0.286897
10265.0	0.289873
10270.0	0.294987
10275.0	0.300269
10280.0	0.303748
10285.0	0.304022
10290.0	0.301953
10295.0	0.298971
10300.0	0.296505
10305.0	0.295634
10310.0	0.296028
10315.0	0.297007
10320.0	0.297892
10325.0	0.298166
10330.0	0.297978
10335.0	0.297641
10340.0	0.297469
10345.0	0.297677
10350.0	0.298089
10355.0	0.298430
10360.0	0.298426
10365.0	0.297915
10370.0	0.297189
10375.0	0.296650
10380.0	0.296703
10385.0	0.297581
10390.0	0.298845
10395.0	0.299886
10400.0	0.300095
10405.0	0.299096
10410.0	0.297440
10415.0	0.295911
10420.0	0.295292
10425.0	0.296065
10430.0	0.297493
10435.0	0.298537
10440.0	0.298159
10445.0	0.295672
10450.0	0.291803
10455.0	0.287630
10460.0	0.284234
10465.0	0.282406
10470.0	0.281792
10475.0	0.281751
10480.0	0.281643
10485.0	0.280992
10490.0	0.279994
10495.0	0.279010
10500.0	0.278399
10505.0	0.278375
10510.0	0.278544
10515.0	0.278367
10520.0	0.277302
10525.0	0.275072
10530.0	0.272452
10535.0	0.270483
10540.0	0.270205
10545.0	0.272229
10550.0	0.275443
10555.0	0.278306
10560.0	0.279277
10565.0	0.277370
10570.0	0.273827
10575.0	0.270441
10580.0	0.269008
10585.0	0.270742
10590.0	0.274526
10595.0	0.278663
10600.0	0.281454
10605.0	0.281612
10610.0	0.279488
10615.0	0.275841
10620.0	0.271434
