#-- f5v
#\*l[Angstrom]	F(\*l)/F(555.6Angstrom]
1150.0	0.003635
1155.0	0.002063
1160.0	0.001474
1165.0	0.001403
1170.0	0.002089
1175.0	0.000890
1180.0	0.001100
1185.0	0.001237
1190.0	0.000750
1195.0	0.000000
1200.0	0.001912
1205.0	0.002674
1210.0	0.009632
1215.0	0.021289
1220.0	0.015726
1225.0	0.003618
1230.0	0.000575
1235.0	0.000170
1240.0	0.000516
1245.0	0.000340
1250.0	0.000625
1255.0	0.000709
1260.0	0.000670
1265.0	0.000537
1270.0	0.000351
1275.0	0.000189
1280.0	0.000600
1285.0	0.000402
1290.0	0.000084
1295.0	0.000127
1300.0	0.000443
1305.0	0.000832
1310.0	0.000724
1315.0	0.000470
1320.0	0.000260
1325.0	0.000110
1330.0	0.000469
1335.0	0.000903
1340.0	0.000683
1345.0	0.000370
1350.0	0.000544
1355.0	0.000488
1360.0	0.000679
1365.0	0.000343
1370.0	0.000326
1375.0	0.000275
1380.0	0.000482
1385.0	0.000443
1390.0	0.000436
1395.0	0.000642
1400.0	0.000508
1405.0	0.000360
1410.0	0.000260
1415.0	0.000248
1420.0	0.000474
1425.0	0.000428
1430.0	0.000638
1435.0	0.000456
1440.0	0.000584
1445.0	0.000755
1450.0	0.000868
1455.0	0.000824
1460.0	0.000881
1465.0	0.000856
1470.0	0.001054
1475.0	0.000760
1480.0	0.000801
1485.0	0.001086
1490.0	0.000688
1495.0	0.000619
1500.0	0.000857
1505.0	0.000831
1510.0	0.000770
1515.0	0.000775
1520.0	0.001116
1525.0	0.001232
1530.0	0.001295
1535.0	0.001223
1540.0	0.001384
1545.0	0.001567
1550.0	0.002252
1555.0	0.001687
1560.0	0.001794
1565.0	0.001821
1570.0	0.001459
1575.0	0.001588
1580.0	0.001764
1585.0	0.001461
1590.0	0.001368
1595.0	0.001573
1600.0	0.001502
1605.0	0.001482
1610.0	0.001283
1615.0	0.001708
1620.0	0.001657
1625.0	0.001632
1630.0	0.001468
1635.0	0.001295
1640.0	0.001713
1645.0	0.002038
1650.0	0.001914
1655.0	0.001774
1660.0	0.001898
1665.0	0.002226
1670.0	0.002334
1675.0	0.002449
1680.0	0.002695
1685.0	0.002919
1690.0	0.003011
1695.0	0.003348
1700.0	0.004008
1705.0	0.004880
1710.0	0.005406
1715.0	0.005657
1720.0	0.005860
1725.0	0.006258
1730.0	0.007299
1735.0	0.007174
1740.0	0.007554
1745.0	0.008848
1750.0	0.010473
1755.0	0.012501
1760.0	0.013294
1765.0	0.013425
1770.0	0.015677
1775.0	0.020149
1780.0	0.021967
1785.0	0.020505
1790.0	0.019731
1795.0	0.021930
1800.0	0.022722
1805.0	0.021019
1810.0	0.019964
1815.0	0.022694
1820.0	0.024995
1825.0	0.028236
1830.0	0.027295
1835.0	0.027310
1840.0	0.024187
1845.0	0.020082
1850.0	0.017558
1855.0	0.021295
1860.0	0.024751
1865.0	0.027832
1870.0	0.033120
1875.0	0.032954
1880.0	0.033451
1885.0	0.036070
1890.0	0.036157
1895.0	0.035724
1900.0	0.033720
1905.0	0.036074
1910.0	0.038514
1915.0	0.041838
1920.0	0.044833
1925.0	0.041196
1930.0	0.030798
1935.0	0.027228
1940.0	0.040694
1945.0	0.055712
1950.0	0.058978
1955.0	0.050903
1960.0	0.046265
1965.0	0.053160
1970.0	0.034615
1975.0	0.064734
1980.0	0.047506
1985.0	0.065885
1990.0	0.047406
1995.0	0.031215
2000.0	0.057676
2005.0	0.048003
2010.0	0.038555
2015.0	0.074320
2020.0	0.071656
2025.0	0.065006
2030.0	0.068785
2035.0	0.064758
2040.0	0.060776
2045.0	0.069431
2050.0	0.083349
2055.0	0.080528
2060.0	0.071641
2065.0	0.078231
2070.0	0.101114
2075.0	0.089670
2080.0	0.110657
2085.0	0.130941
2090.0	0.123597
2095.0	0.103636
2100.0	0.121062
2105.0	0.122430
2110.0	0.129517
2115.0	0.140884
2120.0	0.141236
2125.0	0.151000
2130.0	0.172057
2135.0	0.135861
2140.0	0.129792
2145.0	0.125561
2150.0	0.143223
2155.0	0.162731
2160.0	0.153187
2165.0	0.129064
2170.0	0.131901
2175.0	0.116925
2180.0	0.105891
2185.0	0.117032
2190.0	0.161894
2195.0	0.170484
2200.0	0.172117
2205.0	0.161817
2210.0	0.157526
2215.0	0.145223
2220.0	0.131301
2225.0	0.136992
2230.0	0.137459
2235.0	0.146119
2240.0	0.154632
2245.0	0.145280
2250.0	0.157083
2255.0	0.145402
2260.0	0.143929
2265.0	0.133613
2270.0	0.129428
2275.0	0.109914
2280.0	0.096942
2285.0	0.122665
2290.0	0.163736
2295.0	0.158075
2300.0	0.143735
2305.0	0.131046
2310.0	0.145302
2315.0	0.160893
2320.0	0.147012
2325.0	0.140769
2330.0	0.155271
2335.0	0.135626
2340.0	0.108255
2345.0	0.090759
2350.0	0.075146
2355.0	0.080173
2360.0	0.106046
2365.0	0.101891
2370.0	0.089020
2375.0	0.097590
2380.0	0.113764
2385.0	0.107211
2390.0	0.073075
2395.0	0.087605
2400.0	0.094939
2405.0	0.070479
2410.0	0.078552
2415.0	0.070759
2420.0	0.080377
2425.0	0.129003
2430.0	0.159735
2435.0	0.151120
2440.0	0.149491
2445.0	0.151248
2450.0	0.163765
2455.0	0.141399
2460.0	0.125815
2465.0	0.121061
2470.0	0.113816
2475.0	0.119337
2480.0	0.127369
2485.0	0.123655
2490.0	0.114844
2495.0	0.096875
2500.0	0.108844
2505.0	0.143772
2510.0	0.145582
2515.0	0.138023
2520.0	0.115691
2525.0	0.090670
2530.0	0.088676
2535.0	0.093432
2540.0	0.102848
2545.0	0.106354
2550.0	0.112788
2555.0	0.125148
2560.0	0.145405
2565.0	0.156214
2570.0	0.178218
2575.0	0.198814
2580.0	0.163058
2585.0	0.168007
2590.0	0.188982
2595.0	0.192132
2600.0	0.175712
2605.0	0.143549
2610.0	0.150080
2615.0	0.135753
2620.0	0.137004
2625.0	0.157228
2630.0	0.162791
2635.0	0.148873
2640.0	0.207157
2645.0	0.308884
2650.0	0.344581
2655.0	0.333426
2660.0	0.341301
2665.0	0.331876
2670.0	0.294697
2675.0	0.297227
2680.0	0.312208
2685.0	0.308589
2690.0	0.303592
2695.0	0.285118
2700.0	0.274318
2705.0	0.302031
2710.0	0.315733
2715.0	0.292896
2720.0	0.276307
2725.0	0.255476
2730.0	0.262767
2735.0	0.279428
2740.0	0.269400
2745.0	0.211677
2750.0	0.182248
2755.0	0.173125
2760.0	0.202653
2765.0	0.246859
2770.0	0.272530
2775.0	0.275763
2780.0	0.284097
2785.0	0.234039
2790.0	0.202593
2795.0	0.165008
2800.0	0.102132
2805.0	0.081316
2810.0	0.104929
2815.0	0.179685
2820.0	0.263913
2825.0	0.325425
2830.0	0.341137
2835.0	0.341137
2840.0	0.347254
2845.0	0.348297
2850.0	0.332451
2855.0	0.270122
2860.0	0.260064
2865.0	0.355350
2870.0	0.384254
2875.0	0.383215
2880.0	0.372639
2885.0	0.339831
2890.0	0.384006
2895.0	0.396021
2900.0	0.410897
2905.0	0.472675
2910.0	0.520994
2915.0	0.505657
2920.0	0.492005
2925.0	0.461632
2930.0	0.422486
2935.0	0.429648
2940.0	0.461800
2945.0	0.461240
2950.0	0.459387
2955.0	0.469355
2960.0	0.517671
2965.0	0.535956
2970.0	0.504432
2975.0	0.470021
2980.0	0.505905
2985.0	0.478853
2990.0	0.433548
2995.0	0.471421
3000.0	0.493679
3005.0	0.451333
3010.0	0.453855
3015.0	0.488082
3020.0	0.492171
3025.0	0.465582
3030.0	0.491829
3035.0	0.514878
3040.0	0.510849
3045.0	0.500693
3050.0	0.518867
3055.0	0.550747
3060.0	0.522033
3065.0	0.493602
3070.0	0.510372
3075.0	0.528926
3080.0	0.539188
3085.0	0.556711
3090.0	0.586394
3095.0	0.545657
3100.0	0.512644
3105.0	0.526225
3110.0	0.563789
3115.0	0.604995
3120.0	0.579042
3125.0	0.541408
3130.0	0.561521
3135.0	0.606763
3140.0	0.611645
3145.0	0.627117
3150.0	0.581049
3155.0	0.589785
3160.0	0.576483
3165.0	0.574672
3170.0	0.614475
3175.0	0.667253
3180.0	0.641456
3185.0	0.596424
3190.0	0.608988
3195.0	0.631506
3200.0	0.699669
3205.0	0.701186
3210.0	0.681258
3215.0	0.661434
3220.0	0.641915
3225.0	0.620337
3230.0	0.605436
3235.0	0.606141
3240.0	0.621066
3245.0	0.645997
3250.0	0.675722
3255.0	0.704440
3260.0	0.724994
3265.0	0.731505
3270.0	0.724560
3275.0	0.710482
3280.0	0.712081
3285.0	0.744246
3290.0	0.773707
3295.0	0.768551
3300.0	0.750454
3305.0	0.745929
3310.0	0.747249
3315.0	0.742255
3320.0	0.735311
3325.0	0.732428
3330.0	0.729685
3335.0	0.723686
3340.0	0.723085
3345.0	0.733657
3350.0	0.737618
3355.0	0.719407
3360.0	0.695902
3365.0	0.687126
3370.0	0.693224
3375.0	0.708559
3380.0	0.724242
3385.0	0.732734
3390.0	0.735149
3395.0	0.734419
3400.0	0.732086
3405.0	0.729511
3410.0	0.728706
3415.0	0.731293
3420.0	0.736692
3425.0	0.741788
3430.0	0.735531
3435.0	0.711565
3440.0	0.690234
3445.0	0.691480
3450.0	0.706923
3455.0	0.721956
3460.0	0.725377
3465.0	0.712003
3470.0	0.697323
3475.0	0.696030
3480.0	0.698963
3485.0	0.696145
3490.0	0.698200
3495.0	0.715878
3500.0	0.739849
3505.0	0.757090
3510.0	0.738420
3515.0	0.749667
3520.0	0.740593
3525.0	0.734302
3530.0	0.759347
3535.0	0.783535
3540.0	0.803304
3545.0	0.814235
3550.0	0.804052
3555.0	0.783863
3560.0	0.768689
3565.0	0.723787
3570.0	0.693361
3575.0	0.688352
3580.0	0.673298
3585.0	0.664009
3590.0	0.712630
3595.0	0.755942
3600.0	0.756160
3605.0	0.723427
3610.0	0.686177
3615.0	0.694300
3620.0	0.698116
3625.0	0.750479
3630.0	0.732319
3635.0	0.714797
3640.0	0.758650
3645.0	0.741697
3650.0	0.750497
3655.0	0.818762
3660.0	0.843869
3665.0	0.816948
3670.0	0.805184
3675.0	0.801423
3680.0	0.777222
3685.0	0.781846
3690.0	0.799128
3695.0	0.851394
3700.0	0.863155
3705.0	0.798703
3710.0	0.796790
3715.0	0.872280
3720.0	0.806212
3725.0	0.806085
3730.0	0.810914
3735.0	0.730370
3740.0	0.800017
3745.0	0.777604
3750.0	0.739470
3755.0	0.875489
3760.0	0.871813
3765.0	0.857701
3770.0	0.811004
3775.0	0.927062
3780.0	1.062102
3785.0	1.052915
3790.0	0.934163
3795.0	0.825487
3800.0	0.870826
3805.0	1.021339
3810.0	1.077546
3815.0	1.013232
3820.0	0.967744
3825.0	0.861816
3830.0	0.738707
3835.0	0.667405
3840.0	0.814613
3845.0	1.020072
3850.0	1.112865
3855.0	1.096984
3860.0	1.092499
3865.0	1.131489
3870.0	1.073322
3875.0	1.019467
3880.0	0.967645
3885.0	0.818667
3890.0	0.798248
3895.0	0.948291
3900.0	1.026598
3905.0	0.988588
3910.0	1.047399
3915.0	1.060236
3920.0	1.003337
3925.0	0.868034
3930.0	0.650938
3935.0	0.588453
3940.0	0.735652
3945.0	0.877191
3950.0	0.972243
3955.0	0.992445
3960.0	0.902842
3965.0	0.709866
3970.0	0.635034
3975.0	0.779354
3980.0	0.933284
3985.0	1.041383
3990.0	1.125815
3995.0	1.169108
4000.0	1.183233
4005.0	1.181489
4010.0	1.205239
4015.0	1.228411
4020.0	1.244035
4025.0	1.244228
4030.0	1.212666
4035.0	1.209697
4040.0	1.213283
4045.0	1.191231
4050.0	1.214213
4055.0	1.190385
4060.0	1.169130
4065.0	1.160038
4070.0	1.161950
4075.0	1.153842
4080.0	1.175472
4085.0	1.201108
4090.0	1.177039
4095.0	1.079336
4100.0	0.963319
4105.0	0.986257
4110.0	1.086872
4115.0	1.163134
4120.0	1.195251
4125.0	1.208740
4130.0	1.210029
4135.0	1.225127
4140.0	1.238401
4145.0	1.238076
4150.0	1.243515
4155.0	1.238151
4160.0	1.253162
4165.0	1.252683
4170.0	1.211430
4175.0	1.185944
4180.0	1.201463
4185.0	1.203061
4190.0	1.214166
4195.0	1.213086
4200.0	1.203996
4205.0	1.232931
4210.0	1.259437
4215.0	1.250509
4220.0	1.222435
4225.0	1.168155
4230.0	1.184172
4235.0	1.188288
4240.0	1.195707
4245.0	1.209818
4250.0	1.211522
4255.0	1.213564
4260.0	1.201021
4265.0	1.206331
4270.0	1.180243
4275.0	1.174670
4280.0	1.183762
4285.0	1.155409
4290.0	1.125751
4295.0	1.102226
4300.0	1.038434
4305.0	1.018312
4310.0	1.039880
4315.0	1.108923
4320.0	1.148663
4325.0	1.130100
4330.0	1.132409
4335.0	1.062842
4340.0	0.964308
4345.0	1.015377
4350.0	1.082126
4355.0	1.142915
4360.0	1.209023
4365.0	1.237507
4370.0	1.222134
4375.0	1.205003
4380.0	1.186184
4385.0	1.158206
4390.0	1.183328
4395.0	1.200822
4400.0	1.203577
4405.0	1.206587
4410.0	1.225746
4415.0	1.229109
4420.0	1.239100
4425.0	1.245684
4430.0	1.242165
4435.0	1.235699
4440.0	1.240322
4445.0	1.225425
4450.0	1.217248
4455.0	1.187866
4460.0	1.186360
4465.0	1.210034
4470.0	1.231833
4475.0	1.254922
4480.0	1.234648
4485.0	1.235323
4490.0	1.231435
4495.0	1.240550
4500.0	1.263034
4505.0	1.285756
4510.0	1.287452
4515.0	1.276685
4520.0	1.256365
4525.0	1.225416
4530.0	1.199576
4535.0	1.217864
4540.0	1.238678
4545.0	1.224672
4550.0	1.207176
4555.0	1.217086
4560.0	1.233021
4565.0	1.236862
4570.0	1.248810
4575.0	1.252191
4580.0	1.231093
4585.0	1.222923
4590.0	1.224332
4595.0	1.225007
4600.0	1.229509
4605.0	1.241795
4610.0	1.251966
4615.0	1.251878
4620.0	1.254040
4625.0	1.254962
4630.0	1.240363
4635.0	1.230937
4640.0	1.229565
4645.0	1.216495
4650.0	1.218277
4655.0	1.226560
4660.0	1.234505
4665.0	1.209787
4670.0	1.203478
4675.0	1.214574
4680.0	1.220690
4685.0	1.229194
4690.0	1.224499
4695.0	1.218929
4700.0	1.186604
4705.0	1.172822
4710.0	1.182506
4715.0	1.203679
4720.0	1.218368
4725.0	1.219866
4730.0	1.200914
4735.0	1.194389
4740.0	1.203873
4745.0	1.209492
4750.0	1.207378
4755.0	1.191014
4760.0	1.180562
4765.0	1.170246
4770.0	1.183953
4775.0	1.200279
4780.0	1.194884
4785.0	1.182986
4790.0	1.183353
4795.0	1.189156
4800.0	1.186560
4805.0	1.188114
4810.0	1.195892
4815.0	1.203755
4820.0	1.193821
4825.0	1.181183
4830.0	1.177443
4835.0	1.178809
4840.0	1.169461
4845.0	1.146715
4850.0	1.100354
4855.0	1.006516
4860.0	0.905801
4865.0	0.924946
4870.0	0.997295
4875.0	1.045997
4880.0	1.100697
4885.0	1.114314
4890.0	1.123570
4895.0	1.150485
4900.0	1.156704
4905.0	1.156186
4910.0	1.156490
4915.0	1.159245
4920.0	1.130197
4925.0	1.131126
4930.0	1.144724
4935.0	1.131820
4940.0	1.137386
4945.0	1.163267
4950.0	1.172403
4955.0	1.157077
4960.0	1.152139
4965.0	1.162172
4970.0	1.157624
4975.0	1.155155
4980.0	1.124589
4985.0	1.113824
4990.0	1.136342
4995.0	1.137993
5000.0	1.129531
5005.0	1.109516
5010.0	1.097540
5015.0	1.081580
5020.0	1.086820
5025.0	1.101487
5030.0	1.114804
5035.0	1.111122
5040.0	1.093744
5045.0	1.110846
5050.0	1.115944
5055.0	1.129520
5060.0	1.144837
5065.0	1.132477
5070.0	1.122057
5075.0	1.110727
5080.0	1.104883
5085.0	1.117575
5090.0	1.133928
5095.0	1.131195
5100.0	1.118096
5105.0	1.120879
5110.0	1.117093
5115.0	1.129711
5120.0	1.127198
5125.0	1.110583
5130.0	1.098458
5135.0	1.090308
5140.0	1.081935
5145.0	1.087782
5150.0	1.094227
5155.0	1.093863
5160.0	1.084515
5165.0	1.037663
5170.0	1.005551
5175.0	1.031449
5180.0	1.038697
5185.0	1.020407
5190.0	1.037245
5195.0	1.048010
5200.0	1.059060
5205.0	1.054106
5210.0	1.065988
5215.0	1.073352
5220.0	1.079919
5225.0	1.062438
5230.0	1.057088
5235.0	1.067006
5240.0	1.078365
5245.0	1.084278
5250.0	1.082688
5255.0	1.084210
5260.0	1.065440
5265.0	1.020046
5270.0	1.012910
5275.0	1.028820
5280.0	1.048891
5285.0	1.069798
5290.0	1.096045
5295.0	1.087742
5300.0	1.070607
5305.0	1.081578
5310.0	1.086748
5315.0	1.078534
5320.0	1.064186
5325.0	1.036432
5330.0	1.025918
5335.0	1.040433
5340.0	1.040131
5345.0	1.052279
5350.0	1.064570
5355.0	1.076328
5360.0	1.065645
5365.0	1.040753
5370.0	1.035896
5375.0	1.054470
5380.0	1.065360
5385.0	1.065574
5390.0	1.057437
5395.0	1.041055
5400.0	1.030774
5405.0	1.017183
5410.0	1.022611
5415.0	1.035507
5420.0	1.041027
5425.0	1.034146
5430.0	1.028547
5435.0	1.031073
5440.0	1.049485
5445.0	1.045750
5450.0	1.047521
5455.0	1.044131
5460.0	1.041315
5465.0	1.031188
5470.0	1.031237
5475.0	1.016133
5480.0	1.010487
5485.0	1.023218
5490.0	1.025297
5495.0	1.024528
5500.0	1.019914
5505.0	1.014852
5510.0	1.011297
5515.0	1.011160
5520.0	1.013557
5525.0	1.005579
5530.0	1.005597
5535.0	1.011596
5540.0	1.020304
5545.0	1.024226
5550.0	1.022328
5555.0	1.017241
5560.0	1.012851
5565.0	1.004078
5570.0	0.992949
5575.0	0.991594
5580.0	0.992222
5585.0	0.975285
5590.0	0.966359
5595.0	0.965737
5600.0	0.968731
5605.0	0.986831
5610.0	1.001713
5615.0	0.986561
5620.0	0.982669
5625.0	0.984365
5630.0	0.988898
5635.0	0.988432
5640.0	0.990352
5645.0	0.999365
5650.0	0.998595
5655.0	0.978796
5660.0	0.962991
5665.0	0.963222
5670.0	0.972009
5675.0	0.982429
5680.0	0.980130
5685.0	0.970153
5690.0	0.967089
5695.0	0.966125
5700.0	0.960998
5705.0	0.948786
5710.0	0.940282
5715.0	0.952160
5720.0	0.966740
5725.0	0.976485
5730.0	0.972035
5735.0	0.971457
5740.0	0.968859
5745.0	0.963782
5750.0	0.957765
5755.0	0.950762
5760.0	0.953331
5765.0	0.954575
5770.0	0.958807
5775.0	0.955996
5780.0	0.952397
5785.0	0.947035
5790.0	0.947812
5795.0	0.947539
5800.0	0.948624
5805.0	0.951325
5810.0	0.954208
5815.0	0.957103
5820.0	0.961144
5825.0	0.958402
5830.0	0.955279
5835.0	0.956596
5840.0	0.957917
5845.0	0.957631
5850.0	0.952831
5855.0	0.940665
5860.0	0.937969
5865.0	0.945363
5870.0	0.949692
5875.0	0.940928
5880.0	0.935004
5885.0	0.919828
5890.0	0.889125
5895.0	0.878687
5900.0	0.901413
5905.0	0.920301
5910.0	0.924416
5915.0	0.926735
5920.0	0.925299
5925.0	0.923025
5930.0	0.917976
5935.0	0.920446
5940.0	0.913941
5945.0	0.908345
5950.0	0.905337
5955.0	0.906977
5960.0	0.911758
5965.0	0.912238
5970.0	0.908659
5975.0	0.903768
5980.0	0.902190
5985.0	0.898998
5990.0	0.901786
5995.0	0.904202
6000.0	0.900876
6005.0	0.890206
6010.0	0.883259
6015.0	0.873615
6020.0	0.869832
6025.0	0.878108
6030.0	0.886700
6035.0	0.890468
6040.0	0.886509
6045.0	0.884098
6050.0	0.891161
6055.0	0.889982
6060.0	0.890387
6065.0	0.886758
6070.0	0.890902
6075.0	0.885550
6080.0	0.880152
6085.0	0.877253
6090.0	0.873749
6095.0	0.869664
6100.0	0.864037
6105.0	0.865970
6110.0	0.878007
6115.0	0.877734
6120.0	0.873588
6125.0	0.868952
6130.0	0.866901
6135.0	0.854341
6140.0	0.850626
6145.0	0.854195
6150.0	0.855447
6155.0	0.857170
6160.0	0.847907
6165.0	0.842263
6170.0	0.839650
6175.0	0.847673
6180.0	0.852326
6185.0	0.859695
6190.0	0.858883
6195.0	0.863129
6200.0	0.867385
6205.0	0.862497
6210.0	0.859360
6215.0	0.853785
6220.0	0.851382
6225.0	0.853229
6230.0	0.844036
6235.0	0.840369
6240.0	0.838736
6245.0	0.833100
6250.0	0.834334
6255.0	0.831122
6260.0	0.832318
6265.0	0.832612
6270.0	0.833434
6275.0	0.825762
6280.0	0.812642
6285.0	0.823466
6290.0	0.828651
6295.0	0.822851
6300.0	0.817779
6305.0	0.818373
6310.0	0.815464
6315.0	0.810543
6320.0	0.812600
6325.0	0.821956
6330.0	0.825140
6335.0	0.819993
6340.0	0.816648
6345.0	0.813180
6350.0	0.816389
6355.0	0.818498
6360.0	0.812610
6365.0	0.814538
6370.0	0.816969
6375.0	0.819607
6380.0	0.817360
6385.0	0.818043
6390.0	0.817893
6395.0	0.813009
6400.0	0.807598
6405.0	0.806797
6410.0	0.803669
6415.0	0.804657
6420.0	0.797839
6425.0	0.799658
6430.0	0.797706
6435.0	0.797486
6440.0	0.799761
6445.0	0.800229
6450.0	0.790020
6455.0	0.783729
6460.0	0.780281
6465.0	0.779963
6470.0	0.784190
6475.0	0.785952
6480.0	0.784822
6485.0	0.781330
6490.0	0.770343
6495.0	0.759067
6500.0	0.774034
6505.0	0.787745
6510.0	0.788659
6515.0	0.785722
6520.0	0.789079
6525.0	0.790752
6530.0	0.788695
6535.0	0.790954
6540.0	0.787738
6545.0	0.769011
6550.0	0.740607
6555.0	0.695880
6560.0	0.625906
6565.0	0.617286
6570.0	0.673569
6575.0	0.713156
6580.0	0.742115
6585.0	0.756865
6590.0	0.760336
6595.0	0.757888
6600.0	0.760338
6605.0	0.762053
6610.0	0.764091
6615.0	0.766106
6620.0	0.767356
6625.0	0.763862
6630.0	0.755805
6635.0	0.752846
6640.0	0.758672
6645.0	0.762884
6650.0	0.764786
6655.0	0.762891
6660.0	0.758601
6665.0	0.754933
6670.0	0.751367
6675.0	0.747476
6680.0	0.745420
6685.0	0.745520
6690.0	0.742880
6695.0	0.743561
6700.0	0.744300
6705.0	0.741543
6710.0	0.739099
6715.0	0.737746
6720.0	0.738624
6725.0	0.743734
6730.0	0.741194
6735.0	0.736884
6740.0	0.732775
6745.0	0.725849
6750.0	0.722336
6755.0	0.725158
6760.0	0.729738
6765.0	0.731347
6770.0	0.738268
6775.0	0.738977
6780.0	0.735459
6785.0	0.732416
6790.0	0.733063
6795.0	0.734156
6800.0	0.736677
6805.0	0.730708
6810.0	0.729807
6815.0	0.731170
6820.0	0.726980
6825.0	0.723098
6830.0	0.719077
6835.0	0.712502
6840.0	0.704363
6845.0	0.702848
6850.0	0.701552
6855.0	0.698933
6860.0	0.693721
6865.0	0.685920
6870.0	0.677331
6875.0	0.670888
6880.0	0.668982
6885.0	0.672016
6890.0	0.677984
6895.0	0.683377
6900.0	0.685192
6905.0	0.682806
6910.0	0.678270
6915.0	0.675092
6920.0	0.676141
6925.0	0.681764
6930.0	0.689406
6935.0	0.695205
6940.0	0.696353
6945.0	0.692653
6950.0	0.686422
6955.0	0.680828
6960.0	0.677637
6965.0	0.676199
6970.0	0.674242
6975.0	0.688529
6980.0	0.682225
6985.0	0.678370
6990.0	0.670467
6995.0	0.670618
7000.0	0.669214
7005.0	0.666413
7010.0	0.668306
7015.0	0.667555
7020.0	0.663088
7025.0	0.658907
7030.0	0.656753
7035.0	0.660353
7040.0	0.666962
7045.0	0.671058
7050.0	0.672409
7055.0	0.674295
7060.0	0.669760
7065.0	0.663411
7070.0	0.665496
7075.0	0.673570
7080.0	0.678882
7085.0	0.679391
7090.0	0.677767
7095.0	0.675884
7100.0	0.674433
7105.0	0.674462
7110.0	0.672529
7115.0	0.670698
7120.0	0.666343
7125.0	0.658117
7130.0	0.655178
7135.0	0.662308
7140.0	0.670464
7145.0	0.670868
7150.0	0.671086
7155.0	0.669859
7160.0	0.659990
7165.0	0.644142
7170.0	0.641940
7175.0	0.640234
7180.0	0.639328
7185.0	0.626649
7190.0	0.626804
7195.0	0.624454
7200.0	0.618891
7205.0	0.619504
7210.0	0.629369
7215.0	0.639575
7220.0	0.642679
7225.0	0.636699
7230.0	0.631806
7235.0	0.628587
7240.0	0.633084
7245.0	0.631663
7250.0	0.624942
7255.0	0.614400
7260.0	0.614611
7265.0	0.620360
7270.0	0.630076
7275.0	0.625238
7280.0	0.623430
7285.0	0.621951
7290.0	0.604169
7295.0	0.602524
7300.0	0.614667
7305.0	0.610858
7310.0	0.616403
7315.0	0.626741
7320.0	0.628554
7325.0	0.625443
7330.0	0.622993
7335.0	0.625091
7340.0	0.625144
7345.0	0.617840
7350.0	0.612160
7355.0	0.613366
7360.0	0.611526
7365.0	0.603817
7370.0	0.608187
7375.0	0.613150
7380.0	0.610652
7385.0	0.600545
7390.0	0.595567
7395.0	0.595907
7400.0	0.595176
7405.0	0.604363
7410.0	0.603640
7415.0	0.604667
7420.0	0.605732
7425.0	0.608058
7430.0	0.610890
7435.0	0.608957
7440.0	0.602214
7445.0	0.595029
7450.0	0.592463
7455.0	0.595501
7460.0	0.600474
7465.0	0.603834
7470.0	0.603443
7475.0	0.599242
7480.0	0.593399
7485.0	0.589755
7490.0	0.587540
7495.0	0.587206
7500.0	0.587779
7505.0	0.587212
7510.0	0.583670
7515.0	0.581665
7520.0	0.581381
7525.0	0.580380
7530.0	0.580414
7535.0	0.583943
7540.0	0.588283
7545.0	0.591024
7550.0	0.588305
7555.0	0.587667
7560.0	0.587028
7565.0	0.586390
7570.0	0.585751
7575.0	0.585113
7580.0	0.584474
7585.0	0.583836
7590.0	0.583197
7595.0	0.582559
7600.0	0.581920
7605.0	0.581282
7610.0	0.580643
7615.0	0.580005
7620.0	0.579366
7625.0	0.578727
7630.0	0.578089
7635.0	0.577450
7640.0	0.576812
7645.0	0.576173
7650.0	0.575535
7655.0	0.574896
7660.0	0.574258
7665.0	0.573619
7670.0	0.572981
7675.0	0.572342
7680.0	0.571704
7685.0	0.571065
7690.0	0.570427
7695.0	0.569788
7700.0	0.569150
7705.0	0.568511
7710.0	0.567873
7715.0	0.567234
7720.0	0.566595
7725.0	0.565957
7730.0	0.565318
7735.0	0.563186
7740.0	0.557393
7745.0	0.551290
7750.0	0.550759
7755.0	0.555246
7760.0	0.561247
7765.0	0.562343
7770.0	0.556196
7775.0	0.546686
7780.0	0.544527
7785.0	0.549080
7790.0	0.556847
7795.0	0.564678
7800.0	0.566075
7805.0	0.561249
7810.0	0.550309
7815.0	0.538753
7820.0	0.532297
7825.0	0.531084
7830.0	0.534530
7835.0	0.541359
7840.0	0.548428
7845.0	0.552527
7850.0	0.552424
7855.0	0.549192
7860.0	0.547154
7865.0	0.545728
7870.0	0.545729
7875.0	0.547058
7880.0	0.546869
7885.0	0.544379
7890.0	0.536736
7895.0	0.526194
7900.0	0.516972
7905.0	0.512600
7910.0	0.512865
7915.0	0.516722
7920.0	0.522645
7925.0	0.527411
7930.0	0.528003
7935.0	0.528773
7940.0	0.529949
7945.0	0.531250
7950.0	0.533688
7955.0	0.532117
7960.0	0.524644
7965.0	0.516585
7970.0	0.514910
7975.0	0.519204
7980.0	0.529698
7985.0	0.539366
7990.0	0.541133
7995.0	0.533660
8000.0	0.518787
8005.0	0.511865
8010.0	0.522140
8015.0	0.521222
8020.0	0.521255
8025.0	0.519994
8030.0	0.520292
8035.0	0.521863
8040.0	0.522174
8045.0	0.520937
8050.0	0.521158
8055.0	0.522778
8060.0	0.522571
8065.0	0.522148
8070.0	0.521681
8075.0	0.520679
8080.0	0.519221
8085.0	0.516321
8090.0	0.513900
8095.0	0.511573
8100.0	0.510747
8105.0	0.511129
8110.0	0.512273
8115.0	0.513535
8120.0	0.514273
8125.0	0.514004
8130.0	0.512891
8135.0	0.511258
8140.0	0.509427
8145.0	0.507674
8150.0	0.506081
8155.0	0.504681
8160.0	0.503511
8165.0	0.502620
8170.0	0.502129
8175.0	0.502177
8180.0	0.502900
8185.0	0.504278
8190.0	0.505653
8195.0	0.506207
8200.0	0.505123
8205.0	0.501979
8210.0	0.497928
8215.0	0.494519
8220.0	0.493300
8225.0	0.495264
8230.0	0.499181
8235.0	0.503269
8240.0	0.505743
8245.0	0.505371
8250.0	0.503119
8255.0	0.500505
8260.0	0.499048
8265.0	0.499761
8270.0	0.501645
8275.0	0.503196
8280.0	0.502910
8285.0	0.499789
8290.0	0.494855
8295.0	0.489638
8300.0	0.485665
8305.0	0.484053
8310.0	0.484270
8315.0	0.485373
8320.0	0.486418
8325.0	0.486616
8330.0	0.485788
8335.0	0.483910
8340.0	0.480958
8345.0	0.477090
8350.0	0.473191
8355.0	0.470329
8360.0	0.469572
8365.0	0.471553
8370.0	0.475171
8375.0	0.478891
8380.0	0.481176
8385.0	0.480929
8390.0	0.478800
8395.0	0.475876
8400.0	0.473245
8405.0	0.471770
8410.0	0.476877
8415.0	0.477430
8420.0	0.475546
8425.0	0.476825
8430.0	0.475379
8435.0	0.473121
8440.0	0.468193
8445.0	0.467522
8450.0	0.468012
8455.0	0.471239
8460.0	0.470088
8465.0	0.466702
8470.0	0.466829
8475.0	0.468276
8480.0	0.466327
8485.0	0.467284
8490.0	0.462021
8495.0	0.444089
8500.0	0.432169
8505.0	0.447464
8510.0	0.457724
8515.0	0.455188
8520.0	0.456959
8525.0	0.458622
8530.0	0.454352
8535.0	0.436405
8540.0	0.397150
8545.0	0.391097
8550.0	0.429372
8555.0	0.449070
8560.0	0.450413
8565.0	0.453134
8570.0	0.452143
8575.0	0.451041
8580.0	0.448751
8585.0	0.449024
8590.0	0.447667
8595.0	0.446542
8600.0	0.445076
8605.0	0.446952
8610.0	0.447872
8615.0	0.448456
8620.0	0.449302
8625.0	0.448050
8630.0	0.446161
8635.0	0.447522
8640.0	0.447482
8645.0	0.444312
8650.0	0.439550
8655.0	0.428869
8660.0	0.398670
8665.0	0.388574
8670.0	0.421810
8675.0	0.436963
8680.0	0.440469
8685.0	0.439767
8690.0	0.438481
8695.0	0.440530
8700.0	0.442611
8705.0	0.443833
8710.0	0.440372
8715.0	0.441347
8720.0	0.441018
8725.0	0.442076
8730.0	0.441423
8735.0	0.437822
8740.0	0.434659
8745.0	0.430607
8750.0	0.425384
8755.0	0.428508
8760.0	0.432894
8765.0	0.435537
8770.0	0.436855
8775.0	0.436034
8780.0	0.436894
8785.0	0.437693
8790.0	0.434926
8795.0	0.434291
8800.0	0.433424
8805.0	0.425865
8810.0	0.426216
8815.0	0.432771
8820.0	0.433546
8825.0	0.430925
8830.0	0.431203
8835.0	0.431131
8840.0	0.429828
8845.0	0.428806
8850.0	0.425571
8855.0	0.421653
8860.0	0.415073
8865.0	0.411525
8870.0	0.419419
8875.0	0.425476
8880.0	0.427559
8885.0	0.429718
8890.0	0.431677
8895.0	0.430383
8900.0	0.431116
8905.0	0.428778
8910.0	0.429409
8915.0	0.430034
8920.0	0.431122
8925.0	0.425577
8930.0	0.427201
8935.0	0.422630
8940.0	0.418003
8945.0	0.413990
8950.0	0.410221
8955.0	0.406062
8960.0	0.400882
8965.0	0.394317
8970.0	0.387075
8975.0	0.380134
8980.0	0.374470
8985.0	0.370864
8990.0	0.369318
8995.0	0.369639
9000.0	0.371634
9005.0	0.375109
9010.0	0.379873
9015.0	0.385736
9020.0	0.392506
9025.0	0.399851
9030.0	0.406870
9035.0	0.412523
9040.0	0.415765
9045.0	0.415828
9050.0	0.413028
9055.0	0.407953
9060.0	0.401191
9065.0	0.393512
9070.0	0.386410
9075.0	0.381562
9080.0	0.380644
9085.0	0.384548
9090.0	0.391035
9095.0	0.397079
9100.0	0.399657
9105.0	0.396755
9110.0	0.390399
9115.0	0.383624
9120.0	0.379466
9125.0	0.380090
9130.0	0.384179
9135.0	0.389547
9140.0	0.394007
9145.0	0.395900
9150.0	0.395682
9155.0	0.394338
9160.0	0.392852
9165.0	0.392039
9170.0	0.392038
9175.0	0.392819
9180.0	0.394350
9185.0	0.396463
9190.0	0.398428
9195.0	0.399379
9200.0	0.398447
9205.0	0.395123
9210.0	0.390332
9215.0	0.385356
9220.0	0.381480
9225.0	0.379687
9230.0	0.379768
9235.0	0.381212
9240.0	0.383510
9245.0	0.386182
9250.0	0.388872
9255.0	0.391254
9260.0	0.393000
9265.0	0.393864
9270.0	0.393908
9275.0	0.393278
9280.0	0.392114
9285.0	0.390430
9290.0	0.387710
9295.0	0.383307
9300.0	0.376576
9305.0	0.367535
9310.0	0.358874
9315.0	0.353946
9320.0	0.356107
9325.0	0.367187
9330.0	0.382915
9335.0	0.397498
9340.0	0.405141
9345.0	0.402003
9350.0	0.392046
9355.0	0.381186
9360.0	0.375336
9365.0	0.378695
9370.0	0.388584
9375.0	0.400610
9380.0	0.410377
9385.0	0.414423
9390.0	0.413017
9395.0	0.407361
9400.0	0.398657
9405.0	0.388062
9410.0	0.376565
9415.0	0.365107
9420.0	0.354633
9425.0	0.346095
9430.0	0.340475
9435.0	0.338766
9440.0	0.341959
9445.0	0.350358
9450.0	0.361519
9455.0	0.372308
9460.0	0.379591
9465.0	0.381193
9470.0	0.378763
9475.0	0.374908
9480.0	0.372235
9485.0	0.372573
9490.0	0.374645
9495.0	0.376399
9500.0	0.375783
9505.0	0.371450
9510.0	0.364886
9515.0	0.358284
9520.0	0.353836
9525.0	0.353132
9530.0	0.355349
9535.0	0.359061
9540.0	0.362842
9545.0	0.365522
9550.0	0.366958
9555.0	0.367261
9560.0	0.366546
9565.0	0.364949
9570.0	0.362710
9575.0	0.360092
9580.0	0.357360
9585.0	0.354764
9590.0	0.352500
9595.0	0.350753
9600.0	0.349706
9605.0	0.349392
9610.0	0.349251
9615.0	0.348571
9620.0	0.346640
9625.0	0.343127
9630.0	0.339210
9635.0	0.336449
9640.0	0.336401
9645.0	0.340065
9650.0	0.346199
9655.0	0.353000
9660.0	0.358665
9665.0	0.361814
9670.0	0.362750
9675.0	0.362200
9680.0	0.360889
9685.0	0.359424
9690.0	0.357937
9695.0	0.356444
9700.0	0.354958
9705.0	0.353465
9710.0	0.351830
9715.0	0.349891
9720.0	0.347483
9725.0	0.344541
9730.0	0.341374
9735.0	0.338391
9740.0	0.335998
9745.0	0.334480
9750.0	0.333625
9755.0	0.333102
9760.0	0.332576
9765.0	0.331831
9770.0	0.331113
9775.0	0.330782
9780.0	0.331202
9785.0	0.332504
9790.0	0.333905
9795.0	0.334389
9800.0	0.332942
9805.0	0.329023
9810.0	0.323972
9815.0	0.319599
9820.0	0.317719
9825.0	0.319581
9830.0	0.324198
9835.0	0.330019
9840.0	0.335497
9845.0	0.339304
9850.0	0.341000
9855.0	0.340368
9860.0	0.337191
9865.0	0.331545
9870.0	0.324689
9875.0	0.318174
9880.0	0.313553
9885.0	0.311954
9890.0	0.312807
9895.0	0.315118
9900.0	0.317892
9905.0	0.320318
9910.0	0.322312
9915.0	0.323977
9920.0	0.325412
9925.0	0.326664
9930.0	0.327565
9935.0	0.327896
9940.0	0.327435
9945.0	0.326118
9950.0	0.324505
9955.0	0.323315
9960.0	0.323266
9965.0	0.324794
9970.0	0.327205
9975.0	0.329527
9980.0	0.330785
9985.0	0.330285
9990.0	0.328457
9995.0	0.326009
10000.0	0.323648
10005.0	0.321894
10010.0	0.320495
10015.0	0.319010
10020.0	0.316997
10025.0	0.314173
10030.0	0.310888
10035.0	0.307649
10040.0	0.304965
10045.0	0.303271
10050.0	0.302707
10055.0	0.303342
10060.0	0.305244
10065.0	0.308344
10070.0	0.312021
10075.0	0.315519
10080.0	0.318081
10085.0	0.319143
10090.0	0.318918
10095.0	0.317814
10100.0	0.316237
10105.0	0.314500
10110.0	0.312538
10115.0	0.310189
10120.0	0.307295
10125.0	0.303949
10130.0	0.301264
10135.0	0.300606
10140.0	0.303342
10145.0	0.310105
10150.0	0.318586
10155.0	0.325741
10160.0	0.328527
10165.0	0.324985
10170.0	0.317498
10175.0	0.309534
10180.0	0.304562
10185.0	0.305049
10190.0	0.309466
10195.0	0.315282
10200.0	0.319969
10205.0	0.321537
10210.0	0.320159
10215.0	0.316548
10220.0	0.311419
10225.0	0.305495
10230.0	0.299539
10235.0	0.294324
10240.0	0.290621
10245.0	0.289030
10250.0	0.289451
10255.0	0.291613
10260.0	0.295241
10265.0	0.299891
10270.0	0.304431
10275.0	0.307556
10280.0	0.307963
10285.0	0.304901
10290.0	0.299845
10295.0	0.294823
10300.0	0.291862
10305.0	0.292348
10310.0	0.295099
10315.0	0.298292
10320.0	0.300101
10325.0	0.299231
10330.0	0.296503
10335.0	0.293267
10340.0	0.290874
10345.0	0.290331
10350.0	0.291282
10355.0	0.293027
10360.0	0.294870
10365.0	0.296261
10370.0	0.297252
10375.0	0.298046
10380.0	0.298846
10385.0	0.299750
10390.0	0.300441
10395.0	0.300500
10400.0	0.299506
10405.0	0.297256
10410.0	0.294424
10415.0	0.291898
10420.0	0.290570
10425.0	0.291015
10430.0	0.292563
10435.0	0.294227
10440.0	0.295022
10445.0	0.294270
10450.0	0.292514
10455.0	0.290604
10460.0	0.289388
10465.0	0.289446
10470.0	0.290274
10475.0	0.291099
10480.0	0.291148
10485.0	0.289826
10490.0	0.287263
10495.0	0.283769
10500.0	0.279653
10505.0	0.275324
10510.0	0.271582
10515.0	0.269326
10520.0	0.269456
10525.0	0.272409
10530.0	0.276783
10535.0	0.280713
10540.0	0.282335
10545.0	0.280508
10550.0	0.276984
10555.0	0.274237
10560.0	0.274742
10565.0	0.279890
10570.0	0.286732
10575.0	0.291236
10580.0	0.289371
10585.0	0.278644
10590.0	0.262713
10595.0	0.246778
10600.0	0.236037
10605.0	0.234388
10610.0	0.240533
10615.0	0.251874
10620.0	0.265813
