#-- wf5v
#\*l[Angstrom]	F(\*l)/F(555.6Angstrom]
1150.0	0.006516
1155.0	0.018401
1160.0	0.015602
1165.0	0.000000
1170.0	0.000000
1175.0	0.000000
1180.0	0.000000
1185.0	0.000000
1190.0	0.000000
1195.0	0.000000
1200.0	0.000000
1205.0	0.000336
1210.0	0.016180
1215.0	0.020992
1220.0	0.013106
1225.0	0.004364
1230.0	0.000387
1235.0	0.000820
1240.0	0.002452
1245.0	0.004063
1250.0	0.002320
1255.0	0.003562
1260.0	0.003990
1265.0	0.000336
1270.0	0.002562
1275.0	0.002182
1280.0	0.004004
1285.0	0.004936
1290.0	0.001029
1295.0	0.000000
1300.0	0.000781
1305.0	0.003788
1310.0	0.004194
1315.0	0.002025
1320.0	0.000000
1325.0	0.001903
1330.0	0.001492
1335.0	0.001223
1340.0	0.003120
1345.0	0.001672
1350.0	0.000585
1355.0	0.002153
1360.0	0.002374
1365.0	0.000724
1370.0	0.000000
1375.0	0.001066
1380.0	0.000383
1385.0	0.000000
1390.0	0.000000
1395.0	0.000000
1400.0	0.001800
1405.0	0.004077
1410.0	0.000000
1415.0	0.000000
1420.0	0.000230
1425.0	0.001268
1430.0	0.001453
1435.0	0.000000
1440.0	0.000123
1445.0	0.002174
1450.0	0.001482
1455.0	0.001420
1460.0	0.002608
1465.0	0.001518
1470.0	0.004072
1475.0	0.002981
1480.0	0.000000
1485.0	0.000000
1490.0	0.000000
1495.0	0.001286
1500.0	0.000000
1505.0	0.000231
1510.0	0.002091
1515.0	0.001498
1520.0	0.000000
1525.0	0.000000
1530.0	0.000000
1535.0	0.005198
1540.0	0.006111
1545.0	0.003826
1550.0	0.001275
1555.0	0.004071
1560.0	0.003948
1565.0	0.004145
1570.0	0.000134
1575.0	0.000380
1580.0	0.004094
1585.0	0.002963
1590.0	0.000000
1595.0	0.004120
1600.0	0.004887
1605.0	0.000000
1610.0	0.000346
1615.0	0.001533
1620.0	0.003990
1625.0	0.002185
1630.0	0.000202
1635.0	0.002062
1640.0	0.001308
1645.0	0.000721
1650.0	0.000129
1655.0	0.001650
1660.0	0.003305
1665.0	0.005093
1670.0	0.004683
1675.0	0.004413
1680.0	0.003959
1685.0	0.003988
1690.0	0.007293
1695.0	0.006833
1700.0	0.013473
1705.0	0.020165
1710.0	0.026598
1715.0	0.031218
1720.0	0.030793
1725.0	0.035054
1730.0	0.039160
1735.0	0.037813
1740.0	0.043114
1745.0	0.052198
1750.0	0.063501
1755.0	0.073784
1760.0	0.070752
1765.0	0.069438
1770.0	0.084270
1775.0	0.104520
1780.0	0.109690
1785.0	0.105533
1790.0	0.108915
1795.0	0.107070
1800.0	0.115619
1805.0	0.102064
1810.0	0.104677
1815.0	0.116443
1820.0	0.117580
1825.0	0.125514
1830.0	0.128547
1835.0	0.120130
1840.0	0.099231
1845.0	0.081585
1850.0	0.079463
1855.0	0.097640
1860.0	0.109949
1865.0	0.119585
1870.0	0.133288
1875.0	0.133670
1880.0	0.144082
1885.0	0.147677
1890.0	0.139935
1895.0	0.133690
1900.0	0.127989
1905.0	0.133968
1910.0	0.142612
1915.0	0.154350
1920.0	0.155658
1925.0	0.138397
1930.0	0.100566
1935.0	0.096943
1940.0	0.148169
1945.0	0.185213
1950.0	0.183559
1955.0	0.159956
1960.0	0.167002
1965.0	0.173065
1970.0	0.172882
1975.0	0.190741
1980.0	0.166393
1985.0	0.158380
1990.0	0.145467
1995.0	0.125976
2000.0	0.121498
2005.0	0.158699
2010.0	0.155724
2015.0	0.161793
2020.0	0.165154
2025.0	0.169128
2030.0	0.173882
2035.0	0.172225
2040.0	0.183948
2045.0	0.195727
2050.0	0.220110
2055.0	0.222203
2060.0	0.205960
2065.0	0.211849
2070.0	0.197372
2075.0	0.210773
2080.0	0.245565
2085.0	0.273278
2090.0	0.259609
2095.0	0.225616
2100.0	0.217125
2105.0	0.229304
2110.0	0.227303
2115.0	0.225826
2120.0	0.241999
2125.0	0.255474
2130.0	0.261674
2135.0	0.230617
2140.0	0.226352
2145.0	0.248335
2150.0	0.246989
2155.0	0.252625
2160.0	0.269217
2165.0	0.232858
2170.0	0.200038
2175.0	0.211613
2180.0	0.207311
2185.0	0.229359
2190.0	0.258531
2195.0	0.262641
2200.0	0.264112
2205.0	0.267018
2210.0	0.267822
2215.0	0.229503
2220.0	0.228892
2225.0	0.212049
2230.0	0.225332
2235.0	0.249005
2240.0	0.293472
2245.0	0.277648
2250.0	0.241421
2255.0	0.246126
2260.0	0.248381
2265.0	0.228078
2270.0	0.216883
2275.0	0.220231
2280.0	0.220131
2285.0	0.217178
2290.0	0.240128
2295.0	0.247741
2300.0	0.249121
2305.0	0.213004
2310.0	0.219620
2315.0	0.242211
2320.0	0.241390
2325.0	0.223174
2330.0	0.226018
2335.0	0.214319
2340.0	0.207227
2345.0	0.177476
2350.0	0.153699
2355.0	0.162062
2360.0	0.196049
2365.0	0.211723
2370.0	0.186104
2375.0	0.204096
2380.0	0.201997
2385.0	0.163890
2390.0	0.146088
2395.0	0.166222
2400.0	0.165175
2405.0	0.147066
2410.0	0.139010
2415.0	0.122271
2420.0	0.159909
2425.0	0.220658
2430.0	0.249321
2435.0	0.249031
2440.0	0.242686
2445.0	0.249199
2450.0	0.253475
2455.0	0.224227
2460.0	0.211453
2465.0	0.237325
2470.0	0.229275
2475.0	0.214304
2480.0	0.210716
2485.0	0.222585
2490.0	0.208135
2495.0	0.189588
2500.0	0.213226
2505.0	0.241907
2510.0	0.217977
2515.0	0.208921
2520.0	0.184377
2525.0	0.156371
2530.0	0.166571
2535.0	0.165092
2540.0	0.176618
2545.0	0.185265
2550.0	0.179832
2555.0	0.203152
2560.0	0.222137
2565.0	0.231991
2570.0	0.261677
2575.0	0.289213
2580.0	0.283062
2585.0	0.274223
2590.0	0.270498
2595.0	0.289499
2600.0	0.257424
2605.0	0.219532
2610.0	0.222364
2615.0	0.210825
2620.0	0.236063
2625.0	0.273106
2630.0	0.256697
2635.0	0.259844
2640.0	0.341871
2645.0	0.410520
2650.0	0.435537
2655.0	0.441651
2660.0	0.447268
2665.0	0.427348
2670.0	0.403990
2675.0	0.390473
2680.0	0.434890
2685.0	0.448929
2690.0	0.440903
2695.0	0.397875
2700.0	0.387452
2705.0	0.397458
2710.0	0.404061
2715.0	0.376313
2720.0	0.377295
2725.0	0.365082
2730.0	0.393303
2735.0	0.420689
2740.0	0.375888
2745.0	0.293731
2750.0	0.262085
2755.0	0.280875
2760.0	0.282987
2765.0	0.327029
2770.0	0.346511
2775.0	0.366949
2780.0	0.378748
2785.0	0.356053
2790.0	0.331771
2795.0	0.239253
2800.0	0.130613
2805.0	0.103486
2810.0	0.167497
2815.0	0.292417
2820.0	0.406158
2825.0	0.481317
2830.0	0.476623
2835.0	0.464466
2840.0	0.455417
2845.0	0.441778
2850.0	0.426822
2855.0	0.382612
2860.0	0.396329
2865.0	0.451765
2870.0	0.466470
2875.0	0.450756
2880.0	0.482865
2885.0	0.473273
2890.0	0.448650
2895.0	0.482308
2900.0	0.487353
2905.0	0.480962
2910.0	0.523744
2915.0	0.529762
2920.0	0.539807
2925.0	0.504619
2930.0	0.481749
2935.0	0.506623
2940.0	0.490546
2945.0	0.529389
2950.0	0.541192
2955.0	0.508656
2960.0	0.545498
2965.0	0.580471
2970.0	0.559260
2975.0	0.569161
2980.0	0.553521
2985.0	0.541834
2990.0	0.537080
2995.0	0.568898
3000.0	0.570764
3005.0	0.518654
3010.0	0.553070
3015.0	0.558363
3020.0	0.536711
3025.0	0.513377
3030.0	0.543219
3035.0	0.545255
3040.0	0.526695
3045.0	0.518156
3050.0	0.532793
3055.0	0.549730
3060.0	0.560882
3065.0	0.536653
3070.0	0.543488
3075.0	0.535516
3080.0	0.561650
3085.0	0.596122
3090.0	0.581026
3095.0	0.529006
3100.0	0.502766
3105.0	0.507750
3110.0	0.558864
3115.0	0.581061
3120.0	0.561329
3125.0	0.557401
3130.0	0.556100
3135.0	0.565660
3140.0	0.598073
3145.0	0.590608
3150.0	0.561044
3155.0	0.567107
3160.0	0.593092
3165.0	0.599733
3170.0	0.600678
3175.0	0.603763
3180.0	0.582952
3185.0	0.572806
3190.0	0.594757
3195.0	0.594491
3200.0	0.662738
3205.0	0.655942
3210.0	0.637716
3215.0	0.612800
3220.0	0.592222
3225.0	0.585486
3230.0	0.589707
3235.0	0.600480
3240.0	0.619693
3245.0	0.648386
3250.0	0.677899
3255.0	0.698141
3260.0	0.703015
3265.0	0.691986
3270.0	0.682778
3275.0	0.692015
3280.0	0.713650
3285.0	0.736649
3290.0	0.752701
3295.0	0.756392
3300.0	0.751167
3305.0	0.742268
3310.0	0.733259
3315.0	0.726471
3320.0	0.720979
3325.0	0.715855
3330.0	0.713419
3335.0	0.715745
3340.0	0.720682
3345.0	0.724808
3350.0	0.723848
3355.0	0.715311
3360.0	0.704710
3365.0	0.698900
3370.0	0.702114
3375.0	0.715493
3380.0	0.730429
3385.0	0.737844
3390.0	0.736537
3395.0	0.728426
3400.0	0.720050
3405.0	0.717467
3410.0	0.720206
3415.0	0.725479
3420.0	0.727763
3425.0	0.722385
3430.0	0.710814
3435.0	0.697231
3440.0	0.690512
3445.0	0.697242
3450.0	0.710136
3455.0	0.719738
3460.0	0.721776
3465.0	0.714986
3470.0	0.704954
3475.0	0.698083
3480.0	0.697204
3485.0	0.703735
3490.0	0.717033
3495.0	0.734480
3500.0	0.747612
3505.0	0.748997
3510.0	0.781551
3515.0	0.771053
3520.0	0.766869
3525.0	0.770538
3530.0	0.788552
3535.0	0.812351
3540.0	0.825816
3545.0	0.842279
3550.0	0.835919
3555.0	0.815267
3560.0	0.797229
3565.0	0.764033
3570.0	0.741669
3575.0	0.748998
3580.0	0.741392
3585.0	0.744930
3590.0	0.788188
3595.0	0.822183
3600.0	0.810850
3605.0	0.785994
3610.0	0.801662
3615.0	0.800946
3620.0	0.818149
3625.0	0.841253
3630.0	0.834220
3635.0	0.842363
3640.0	0.844903
3645.0	0.843046
3650.0	0.874220
3655.0	0.907612
3660.0	0.917853
3665.0	0.914509
3670.0	0.898458
3675.0	0.885157
3680.0	0.872480
3685.0	0.881965
3690.0	0.911643
3695.0	0.913872
3700.0	0.890788
3705.0	0.868077
3710.0	0.885650
3715.0	0.915369
3720.0	0.896309
3725.0	0.899085
3730.0	0.877468
3735.0	0.844542
3740.0	0.879813
3745.0	0.860164
3750.0	0.851832
3755.0	0.921603
3760.0	0.965337
3765.0	0.934377
3770.0	0.911748
3775.0	0.998549
3780.0	1.096184
3785.0	1.087206
3790.0	1.010320
3795.0	0.932279
3800.0	0.954186
3805.0	1.060609
3810.0	1.101424
3815.0	1.073042
3820.0	1.031524
3825.0	0.947459
3830.0	0.826176
3835.0	0.774626
3840.0	0.905265
3845.0	1.072122
3850.0	1.143949
3855.0	1.146134
3860.0	1.149660
3865.0	1.174512
3870.0	1.148046
3875.0	1.105018
3880.0	1.028873
3885.0	0.922567
3890.0	0.898149
3895.0	0.986612
3900.0	1.060510
3905.0	1.097454
3910.0	1.132222
3915.0	1.125091
3920.0	1.061905
3925.0	0.899411
3930.0	0.676372
3935.0	0.656489
3940.0	0.884429
3945.0	1.051995
3950.0	1.105044
3955.0	1.083402
3960.0	0.932167
3965.0	0.716794
3970.0	0.693389
3975.0	0.913180
3980.0	1.088421
3985.0	1.165662
3990.0	1.210503
3995.0	1.221789
4000.0	1.222847
4005.0	1.233756
4010.0	1.250756
4015.0	1.258182
4020.0	1.262285
4025.0	1.254386
4030.0	1.240675
4035.0	1.248600
4040.0	1.246353
4045.0	1.246697
4050.0	1.245063
4055.0	1.240156
4060.0	1.224036
4065.0	1.214796
4070.0	1.211516
4075.0	1.199536
4080.0	1.207811
4085.0	1.211388
4090.0	1.179034
4095.0	1.075648
4100.0	0.979289
4105.0	1.029331
4110.0	1.151216
4115.0	1.212575
4120.0	1.234277
4125.0	1.234559
4130.0	1.238057
4135.0	1.253611
4140.0	1.258441
4145.0	1.254184
4150.0	1.251455
4155.0	1.247186
4160.0	1.251138
4165.0	1.256860
4170.0	1.226277
4175.0	1.217329
4180.0	1.221324
4185.0	1.224509
4190.0	1.237287
4195.0	1.233743
4200.0	1.217979
4205.0	1.231652
4210.0	1.245508
4215.0	1.229297
4220.0	1.206232
4225.0	1.194724
4230.0	1.192904
4235.0	1.216656
4240.0	1.221653
4245.0	1.212281
4250.0	1.206666
4255.0	1.213644
4260.0	1.220255
4265.0	1.215032
4270.0	1.195181
4275.0	1.186401
4280.0	1.195024
4285.0	1.172486
4290.0	1.145685
4295.0	1.110629
4300.0	1.064775
4305.0	1.044936
4310.0	1.075779
4315.0	1.142028
4320.0	1.166696
4325.0	1.162732
4330.0	1.135666
4335.0	1.034437
4340.0	0.961845
4345.0	1.024139
4350.0	1.119146
4355.0	1.179733
4360.0	1.221102
4365.0	1.234274
4370.0	1.223457
4375.0	1.209404
4380.0	1.196224
4385.0	1.186339
4390.0	1.206012
4395.0	1.215114
4400.0	1.207435
4405.0	1.209433
4410.0	1.224159
4415.0	1.228380
4420.0	1.236935
4425.0	1.244551
4430.0	1.236478
4435.0	1.237539
4440.0	1.234550
4445.0	1.225516
4450.0	1.210517
4455.0	1.204961
4460.0	1.208812
4465.0	1.216314
4470.0	1.219359
4475.0	1.231652
4480.0	1.226423
4485.0	1.222713
4490.0	1.227824
4495.0	1.234687
4500.0	1.246378
4505.0	1.254057
4510.0	1.246722
4515.0	1.239954
4520.0	1.228580
4525.0	1.215997
4530.0	1.195987
4535.0	1.200472
4540.0	1.214136
4545.0	1.208826
4550.0	1.200574
4555.0	1.213221
4560.0	1.230181
4565.0	1.219731
4570.0	1.212283
4575.0	1.213471
4580.0	1.206671
4585.0	1.205923
4590.0	1.210886
4595.0	1.203456
4600.0	1.206940
4605.0	1.203448
4610.0	1.195555
4615.0	1.192439
4620.0	1.212346
4625.0	1.204912
4630.0	1.200389
4635.0	1.202789
4640.0	1.205780
4645.0	1.199367
4650.0	1.192262
4655.0	1.192025
4660.0	1.196327
4665.0	1.203311
4670.0	1.197811
4675.0	1.190436
4680.0	1.204014
4685.0	1.206665
4690.0	1.205264
4695.0	1.199786
4700.0	1.184507
4705.0	1.181019
4710.0	1.173723
4715.0	1.165334
4720.0	1.158550
4725.0	1.176456
4730.0	1.181136
4735.0	1.172550
4740.0	1.166102
4745.0	1.170240
4750.0	1.175330
4755.0	1.169652
4760.0	1.162288
4765.0	1.158253
4770.0	1.162064
4775.0	1.163431
4780.0	1.177068
4785.0	1.175579
4790.0	1.177357
4795.0	1.171108
4800.0	1.165223
4805.0	1.164131
4810.0	1.158984
4815.0	1.161068
4820.0	1.166964
4825.0	1.166173
4830.0	1.165733
4835.0	1.160213
4840.0	1.149452
4845.0	1.138366
4850.0	1.106827
4855.0	1.036297
4860.0	0.989131
4865.0	0.971669
4870.0	1.000633
4875.0	1.037901
4880.0	1.092518
4885.0	1.109622
4890.0	1.128850
4895.0	1.147553
4900.0	1.149301
4905.0	1.148148
4910.0	1.140868
4915.0	1.134142
4920.0	1.135452
4925.0	1.134432
4930.0	1.129702
4935.0	1.134773
4940.0	1.148462
4945.0	1.144072
4950.0	1.144262
4955.0	1.147785
4960.0	1.136528
4965.0	1.138681
4970.0	1.142963
4975.0	1.140769
4980.0	1.132734
4985.0	1.128004
4990.0	1.126941
4995.0	1.123984
5000.0	1.126325
5005.0	1.114175
5010.0	1.108269
5015.0	1.102500
5020.0	1.106815
5025.0	1.111376
5030.0	1.117519
5035.0	1.118561
5040.0	1.112951
5045.0	1.103561
5050.0	1.107644
5055.0	1.110033
5060.0	1.116363
5065.0	1.122257
5070.0	1.117168
5075.0	1.108665
5080.0	1.099649
5085.0	1.101840
5090.0	1.109587
5095.0	1.110649
5100.0	1.115354
5105.0	1.110296
5110.0	1.111520
5115.0	1.110587
5120.0	1.100402
5125.0	1.099857
5130.0	1.090515
5135.0	1.082017
5140.0	1.079147
5145.0	1.077860
5150.0	1.079398
5155.0	1.076578
5160.0	1.072271
5165.0	1.051263
5170.0	1.027678
5175.0	1.020493
5180.0	1.017652
5185.0	1.024204
5190.0	1.029524
5195.0	1.037797
5200.0	1.046107
5205.0	1.050493
5210.0	1.054048
5215.0	1.056886
5220.0	1.060901
5225.0	1.056237
5230.0	1.049094
5235.0	1.054759
5240.0	1.066501
5245.0	1.071932
5250.0	1.069418
5255.0	1.061582
5260.0	1.047945
5265.0	1.025020
5270.0	1.008532
5275.0	1.019972
5280.0	1.038323
5285.0	1.049625
5290.0	1.054233
5295.0	1.060820
5300.0	1.066447
5305.0	1.059068
5310.0	1.055130
5315.0	1.052933
5320.0	1.043548
5325.0	1.036932
5330.0	1.032986
5335.0	1.038378
5340.0	1.044850
5345.0	1.042930
5350.0	1.043607
5355.0	1.049568
5360.0	1.049121
5365.0	1.040021
5370.0	1.030933
5375.0	1.031593
5380.0	1.039660
5385.0	1.035615
5390.0	1.034754
5395.0	1.032392
5400.0	1.023724
5405.0	1.018053
5410.0	1.017263
5415.0	1.025125
5420.0	1.027432
5425.0	1.026301
5430.0	1.024426
5435.0	1.022545
5440.0	1.023612
5445.0	1.018827
5450.0	1.008621
5455.0	1.010123
5460.0	1.015551
5465.0	1.018515
5470.0	1.009877
5475.0	1.011483
5480.0	1.011416
5485.0	1.016473
5490.0	1.016839
5495.0	1.013740
5500.0	1.016124
5505.0	1.013159
5510.0	1.008655
5515.0	1.009517
5520.0	1.008315
5525.0	1.006991
5530.0	1.002815
5535.0	1.005143
5540.0	1.010060
5545.0	1.015608
5550.0	1.017231
5555.0	1.008532
5560.0	1.005334
5565.0	1.001808
5570.0	0.993954
5575.0	0.995426
5580.0	0.999918
5585.0	0.983748
5590.0	0.977675
5595.0	0.977474
5600.0	0.980436
5605.0	0.989571
5610.0	0.995699
5615.0	0.983013
5620.0	0.980099
5625.0	0.987762
5630.0	0.987377
5635.0	0.992051
5640.0	0.990732
5645.0	0.991942
5650.0	0.989633
5655.0	0.978714
5660.0	0.972309
5665.0	0.971686
5670.0	0.977714
5675.0	0.981377
5680.0	0.973805
5685.0	0.964204
5690.0	0.967012
5695.0	0.973552
5700.0	0.972156
5705.0	0.965371
5710.0	0.960840
5715.0	0.964327
5720.0	0.962891
5725.0	0.965958
5730.0	0.966902
5735.0	0.966828
5740.0	0.964035
5745.0	0.958161
5750.0	0.957865
5755.0	0.956624
5760.0	0.953846
5765.0	0.955869
5770.0	0.959860
5775.0	0.962765
5780.0	0.956699
5785.0	0.949188
5790.0	0.951825
5795.0	0.950017
5800.0	0.950229
5805.0	0.952921
5810.0	0.951369
5815.0	0.949520
5820.0	0.952496
5825.0	0.955634
5830.0	0.956826
5835.0	0.956045
5840.0	0.953615
5845.0	0.948235
5850.0	0.940944
5855.0	0.932009
5860.0	0.937783
5865.0	0.948719
5870.0	0.946395
5875.0	0.940383
5880.0	0.922026
5885.0	0.894890
5890.0	0.882013
5895.0	0.896694
5900.0	0.918845
5905.0	0.927642
5910.0	0.923591
5915.0	0.919951
5920.0	0.916453
5925.0	0.916421
5930.0	0.917772
5935.0	0.921388
5940.0	0.908251
5945.0	0.900869
5950.0	0.902743
5955.0	0.911232
5960.0	0.918996
5965.0	0.914393
5970.0	0.909856
5975.0	0.905637
5980.0	0.908493
5985.0	0.903132
5990.0	0.908289
5995.0	0.913106
6000.0	0.909748
6005.0	0.903849
6010.0	0.900552
6015.0	0.896912
6020.0	0.893585
6025.0	0.891586
6030.0	0.889554
6035.0	0.893578
6040.0	0.895623
6045.0	0.899310
6050.0	0.894728
6055.0	0.894784
6060.0	0.890796
6065.0	0.888189
6070.0	0.886890
6075.0	0.876034
6080.0	0.874920
6085.0	0.880846
6090.0	0.879173
6095.0	0.874945
6100.0	0.873343
6105.0	0.876218
6110.0	0.874055
6115.0	0.868206
6120.0	0.867301
6125.0	0.864095
6130.0	0.856508
6135.0	0.847866
6140.0	0.858493
6145.0	0.859574
6150.0	0.866550
6155.0	0.859330
6160.0	0.856008
6165.0	0.848682
6170.0	0.849835
6175.0	0.862350
6180.0	0.864172
6185.0	0.853388
6190.0	0.856066
6195.0	0.863091
6200.0	0.863432
6205.0	0.864638
6210.0	0.860025
6215.0	0.851949
6220.0	0.844296
6225.0	0.841899
6230.0	0.844092
6235.0	0.845425
6240.0	0.846060
6245.0	0.845047
6250.0	0.837657
6255.0	0.840143
6260.0	0.833804
6265.0	0.829920
6270.0	0.820282
6275.0	0.815653
6280.0	0.807537
6285.0	0.816917
6290.0	0.830037
6295.0	0.826238
6300.0	0.828121
6305.0	0.825129
6310.0	0.825658
6315.0	0.819216
6320.0	0.821866
6325.0	0.829639
6330.0	0.820709
6335.0	0.820239
6340.0	0.823091
6345.0	0.820915
6350.0	0.817295
6355.0	0.814281
6360.0	0.815732
6365.0	0.816513
6370.0	0.819561
6375.0	0.815746
6380.0	0.807117
6385.0	0.807407
6390.0	0.804192
6395.0	0.801036
6400.0	0.804517
6405.0	0.805095
6410.0	0.808931
6415.0	0.803481
6420.0	0.803092
6425.0	0.802533
6430.0	0.804639
6435.0	0.800975
6440.0	0.800549
6445.0	0.795551
6450.0	0.790810
6455.0	0.787478
6460.0	0.778747
6465.0	0.779441
6470.0	0.785637
6475.0	0.781074
6480.0	0.781351
6485.0	0.771868
6490.0	0.768986
6495.0	0.773409
6500.0	0.776051
6505.0	0.774216
6510.0	0.776143
6515.0	0.775608
6520.0	0.770825
6525.0	0.765924
6530.0	0.757245
6535.0	0.745670
6540.0	0.733659
6545.0	0.707375
6550.0	0.669414
6555.0	0.633942
6560.0	0.652101
6565.0	0.674252
6570.0	0.711097
6575.0	0.741874
6580.0	0.751939
6585.0	0.754771
6590.0	0.751460
6595.0	0.753010
6600.0	0.758370
6605.0	0.760171
6610.0	0.762456
6615.0	0.760988
6620.0	0.756489
6625.0	0.760035
6630.0	0.758541
6635.0	0.756114
6640.0	0.752707
6645.0	0.751939
6650.0	0.752898
6655.0	0.750805
6660.0	0.744034
6665.0	0.750389
6670.0	0.751879
6675.0	0.749034
6680.0	0.750269
6685.0	0.752475
6690.0	0.751120
6695.0	0.743391
6700.0	0.740959
6705.0	0.741888
6710.0	0.735934
6715.0	0.736005
6720.0	0.736222
6725.0	0.735913
6730.0	0.728959
6735.0	0.732315
6740.0	0.731399
6745.0	0.731263
6750.0	0.731410
6755.0	0.732059
6760.0	0.728361
6765.0	0.722785
6770.0	0.718785
6775.0	0.725751
6780.0	0.727663
6785.0	0.722475
6790.0	0.725964
6795.0	0.727723
6800.0	0.725596
6805.0	0.727281
6810.0	0.730692
6815.0	0.728147
6820.0	0.725200
6825.0	0.729330
6830.0	0.727718
6835.0	0.727164
6840.0	0.726138
6845.0	0.725111
6850.0	0.724085
6855.0	0.723058
6860.0	0.722032
6865.0	0.721005
6870.0	0.719979
6875.0	0.718952
6880.0	0.717926
6885.0	0.716900
6890.0	0.715873
6895.0	0.714847
6900.0	0.713820
6905.0	0.712794
6910.0	0.711767
6915.0	0.710741
6920.0	0.709714
6925.0	0.708688
6930.0	0.707661
6935.0	0.706635
6940.0	0.705608
6945.0	0.704582
6950.0	0.703555
6955.0	0.702529
6960.0	0.701503
6965.0	0.700476
6970.0	0.699450
6975.0	0.698423
6980.0	0.689352
6985.0	0.687578
6990.0	0.685859
6995.0	0.690926
7000.0	0.686979
7005.0	0.680811
7010.0	0.680204
7015.0	0.680691
7020.0	0.675403
7025.0	0.670792
7030.0	0.675067
7035.0	0.676856
7040.0	0.675904
7045.0	0.679190
7050.0	0.679804
7055.0	0.674159
7060.0	0.669452
7065.0	0.667058
7070.0	0.672168
7075.0	0.678652
7080.0	0.675925
7085.0	0.670724
7090.0	0.672526
7095.0	0.674239
7100.0	0.670499
7105.0	0.675135
7110.0	0.674643
7115.0	0.674157
7120.0	0.673386
7125.0	0.672931
7130.0	0.673131
7135.0	0.670350
7140.0	0.670759
7145.0	0.667811
7150.0	0.664365
7155.0	0.663439
7160.0	0.664344
7165.0	0.660972
7170.0	0.644210
7175.0	0.639151
7180.0	0.635577
7185.0	0.628178
7190.0	0.634832
7195.0	0.635690
7200.0	0.630209
7205.0	0.633441
7210.0	0.656774
7215.0	0.667140
7220.0	0.667958
7225.0	0.660178
7230.0	0.652838
7235.0	0.638137
7240.0	0.641022
7245.0	0.643470
7250.0	0.638973
7255.0	0.633777
7260.0	0.639439
7265.0	0.636647
7270.0	0.634421
7275.0	0.627565
7280.0	0.631665
7285.0	0.636975
7290.0	0.624699
7295.0	0.628957
7300.0	0.624960
7305.0	0.616954
7310.0	0.625219
7315.0	0.622509
7320.0	0.624074
7325.0	0.634377
7330.0	0.633810
7335.0	0.627102
7340.0	0.627491
7345.0	0.631825
7350.0	0.636336
7355.0	0.637632
7360.0	0.627426
7365.0	0.620893
7370.0	0.618396
7375.0	0.619429
7380.0	0.611913
7385.0	0.605760
7390.0	0.601431
7395.0	0.602834
7400.0	0.609842
7405.0	0.610989
7410.0	0.611676
7415.0	0.603050
7420.0	0.604725
7425.0	0.608014
7430.0	0.612027
7435.0	0.612997
7440.0	0.610308
7445.0	0.607276
7450.0	0.607082
7455.0	0.608548
7460.0	0.607854
7465.0	0.605968
7470.0	0.605083
7475.0	0.604939
7480.0	0.604016
7485.0	0.603576
7490.0	0.599843
7495.0	0.596528
7500.0	0.596110
7505.0	0.596488
7510.0	0.592953
7515.0	0.592449
7520.0	0.594118
7525.0	0.592694
7530.0	0.590783
7535.0	0.592167
7540.0	0.592643
7545.0	0.592308
7550.0	0.589742
7555.0	0.589005
7560.0	0.588268
7565.0	0.587532
7570.0	0.586795
7575.0	0.586058
7580.0	0.585322
7585.0	0.584585
7590.0	0.583848
7595.0	0.583112
7600.0	0.582375
7605.0	0.581638
7610.0	0.580901
7615.0	0.580165
7620.0	0.579428
7625.0	0.578691
7630.0	0.577955
7635.0	0.577218
7640.0	0.576481
7645.0	0.575744
7650.0	0.575008
7655.0	0.574271
7660.0	0.573534
7665.0	0.572798
7670.0	0.572061
7675.0	0.571324
7680.0	0.570588
7685.0	0.569851
7690.0	0.569114
7695.0	0.568377
7700.0	0.567641
7705.0	0.566904
7710.0	0.566167
7715.0	0.565431
7720.0	0.564694
7725.0	0.563957
7730.0	0.563221
7735.0	0.563325
7740.0	0.561752
7745.0	0.558100
7750.0	0.557599
7755.0	0.558613
7760.0	0.560520
7765.0	0.559111
7770.0	0.553420
7775.0	0.546239
7780.0	0.549197
7785.0	0.553901
7790.0	0.554600
7795.0	0.554545
7800.0	0.552101
7805.0	0.552879
7810.0	0.553021
7815.0	0.553213
7820.0	0.554601
7825.0	0.552763
7830.0	0.549015
7835.0	0.547502
7840.0	0.548706
7845.0	0.550189
7850.0	0.549860
7855.0	0.547509
7860.0	0.548238
7865.0	0.547711
7870.0	0.546330
7875.0	0.545451
7880.0	0.543336
7885.0	0.542929
7890.0	0.540548
7895.0	0.538156
7900.0	0.537741
7905.0	0.539379
7910.0	0.539068
7915.0	0.536704
7920.0	0.535495
7925.0	0.535165
7930.0	0.531857
7935.0	0.532006
7940.0	0.532327
7945.0	0.531137
7950.0	0.533821
7955.0	0.534941
7960.0	0.531737
7965.0	0.529316
7970.0	0.532071
7975.0	0.532391
7980.0	0.533360
7985.0	0.532834
7990.0	0.530055
7995.0	0.527904
8000.0	0.523771
8005.0	0.523797
8010.0	0.523700
8015.0	0.523593
8020.0	0.524426
8025.0	0.521250
8030.0	0.520244
8035.0	0.521536
8040.0	0.520768
8045.0	0.517881
8050.0	0.518661
8055.0	0.522573
8060.0	0.522753
8065.0	0.522160
8070.0	0.521487
8075.0	0.520250
8080.0	0.519105
8085.0	0.516317
8090.0	0.514913
8095.0	0.513043
8100.0	0.512445
8105.0	0.511847
8110.0	0.511249
8115.0	0.510650
8120.0	0.510052
8125.0	0.509454
8130.0	0.508856
8135.0	0.508258
8140.0	0.507659
8145.0	0.507061
8150.0	0.506463
8155.0	0.505865
8160.0	0.505267
8165.0	0.504668
8170.0	0.504070
8175.0	0.503472
8180.0	0.502874
8185.0	0.502276
8190.0	0.501677
8195.0	0.501079
8200.0	0.500481
8205.0	0.499883
8210.0	0.499285
8215.0	0.498686
8220.0	0.498088
8225.0	0.497490
8230.0	0.496892
8235.0	0.496294
8240.0	0.495695
8245.0	0.495097
8250.0	0.494499
8255.0	0.493901
8260.0	0.493303
8265.0	0.492704
8270.0	0.492106
8275.0	0.491508
8280.0	0.490910
8285.0	0.490312
8290.0	0.489713
8295.0	0.489115
8300.0	0.488517
8305.0	0.487919
8310.0	0.487321
8315.0	0.486722
8320.0	0.486124
8325.0	0.485526
8330.0	0.484928
8335.0	0.484330
8340.0	0.483732
8345.0	0.483133
8350.0	0.482535
8355.0	0.481937
8360.0	0.481339
8365.0	0.480741
8370.0	0.480142
8375.0	0.479544
8380.0	0.478946
8385.0	0.478348
8390.0	0.477750
8395.0	0.477151
8400.0	0.476553
8405.0	0.475955
8410.0	0.476877
8415.0	0.477430
8420.0	0.475546
8425.0	0.476825
8430.0	0.475379
8435.0	0.473121
8440.0	0.468193
8445.0	0.467522
8450.0	0.468012
8455.0	0.471239
8460.0	0.470088
8465.0	0.466702
8470.0	0.466829
8475.0	0.468276
8480.0	0.466327
8485.0	0.467284
8490.0	0.462021
8495.0	0.444089
8500.0	0.432169
8505.0	0.447464
8510.0	0.457724
8515.0	0.455188
8520.0	0.456959
8525.0	0.458622
8530.0	0.454352
8535.0	0.436405
8540.0	0.397150
8545.0	0.391097
8550.0	0.429372
8555.0	0.449070
8560.0	0.450413
8565.0	0.453134
8570.0	0.452143
8575.0	0.451041
8580.0	0.448751
8585.0	0.449024
8590.0	0.447667
8595.0	0.446542
8600.0	0.445076
8605.0	0.446952
8610.0	0.447872
8615.0	0.448456
8620.0	0.449302
8625.0	0.448050
8630.0	0.446161
8635.0	0.447522
8640.0	0.447482
8645.0	0.444312
8650.0	0.439550
8655.0	0.428869
8660.0	0.398670
8665.0	0.388574
8670.0	0.421810
8675.0	0.436963
8680.0	0.440469
8685.0	0.439767
8690.0	0.438481
8695.0	0.440530
8700.0	0.442611
8705.0	0.443833
8710.0	0.440372
8715.0	0.441347
8720.0	0.441018
8725.0	0.442076
8730.0	0.441423
8735.0	0.437822
8740.0	0.434659
8745.0	0.430607
8750.0	0.425384
8755.0	0.428508
8760.0	0.432894
8765.0	0.435537
8770.0	0.436855
8775.0	0.436034
8780.0	0.436894
8785.0	0.437693
8790.0	0.434926
8795.0	0.434291
8800.0	0.433424
8805.0	0.425865
8810.0	0.426216
8815.0	0.432771
8820.0	0.433546
8825.0	0.430925
8830.0	0.431203
8835.0	0.431131
8840.0	0.429828
8845.0	0.428806
8850.0	0.425571
8855.0	0.421653
8860.0	0.415073
8865.0	0.411525
8870.0	0.419419
8875.0	0.425476
8880.0	0.427559
8885.0	0.429718
8890.0	0.431677
8895.0	0.430383
8900.0	0.431116
8905.0	0.428753
8910.0	0.427263
8915.0	0.425690
8920.0	0.425028
8925.0	0.418552
8930.0	0.412423
8935.0	0.407445
8940.0	0.401917
8945.0	0.395957
8950.0	0.389682
8955.0	0.383208
8960.0	0.376654
8965.0	0.370164
8970.0	0.363995
8975.0	0.358433
8980.0	0.353763
8985.0	0.350323
8990.0	0.348670
8995.0	0.349410
9000.0	0.353152
9005.0	0.360188
9010.0	0.369543
9015.0	0.379924
9020.0	0.390040
9025.0	0.398712
9030.0	0.405205
9035.0	0.408901
9040.0	0.409178
9045.0	0.405774
9050.0	0.399859
9055.0	0.392959
9060.0	0.386604
9065.0	0.382038
9070.0	0.379376
9075.0	0.378452
9080.0	0.379098
9085.0	0.381035
9090.0	0.383532
9095.0	0.385743
9100.0	0.386825
9105.0	0.386178
9110.0	0.384183
9115.0	0.381467
9120.0	0.378657
9125.0	0.376308
9130.0	0.374695
9135.0	0.374022
9140.0	0.374496
9145.0	0.376216
9150.0	0.378872
9155.0	0.382051
9160.0	0.385338
9165.0	0.388384
9170.0	0.391093
9175.0	0.393433
9180.0	0.395373
9185.0	0.396861
9190.0	0.397763
9195.0	0.397924
9200.0	0.397190
9205.0	0.395525
9210.0	0.393371
9215.0	0.391289
9220.0	0.389839
9225.0	0.389493
9230.0	0.390365
9235.0	0.392479
9240.0	0.395860
9245.0	0.400339
9250.0	0.404977
9255.0	0.408640
9260.0	0.410197
9265.0	0.408726
9270.0	0.404148
9275.0	0.396597
9280.0	0.386203
9285.0	0.373254
9290.0	0.358643
9295.0	0.343418
9300.0	0.328626
9305.0	0.315223
9310.0	0.303793
9315.0	0.294830
9320.0	0.288824
9325.0	0.286167
9330.0	0.286834
9335.0	0.290698
9340.0	0.297635
9345.0	0.307411
9350.0	0.319377
9355.0	0.332777
9360.0	0.346856
9365.0	0.360787
9370.0	0.373454
9375.0	0.383671
9380.0	0.390251
9385.0	0.392254
9390.0	0.389736
9395.0	0.382998
9400.0	0.372344
9405.0	0.358430
9410.0	0.343331
9415.0	0.329476
9420.0	0.319296
9425.0	0.314573
9430.0	0.314516
9435.0	0.317685
9440.0	0.322643
9445.0	0.328148
9450.0	0.333751
9455.0	0.339200
9460.0	0.344241
9465.0	0.348656
9470.0	0.352361
9475.0	0.355303
9480.0	0.357433
9485.0	0.358706
9490.0	0.359107
9495.0	0.358626
9500.0	0.357255
9505.0	0.355103
9510.0	0.352741
9515.0	0.350859
9520.0	0.350146
9525.0	0.351073
9530.0	0.353244
9535.0	0.356046
9540.0	0.358867
9545.0	0.361148
9550.0	0.362554
9555.0	0.362805
9560.0	0.361621
9565.0	0.358855
9570.0	0.354891
9575.0	0.350249
9580.0	0.345448
9585.0	0.340947
9590.0	0.336981
9595.0	0.333725
9600.0	0.331353
9605.0	0.329945
9610.0	0.329192
9615.0	0.328691
9620.0	0.328037
9625.0	0.327011
9630.0	0.326133
9635.0	0.326109
9640.0	0.327643
9645.0	0.331222
9650.0	0.336447
9655.0	0.342700
9660.0	0.349365
9665.0	0.355832
9670.0	0.361528
9675.0	0.365889
9680.0	0.368351
9685.0	0.368548
9690.0	0.366893
9695.0	0.363998
9700.0	0.360476
9705.0	0.356849
9710.0	0.353283
9715.0	0.349857
9720.0	0.346648
9725.0	0.343716
9730.0	0.341050
9735.0	0.338621
9740.0	0.336398
9745.0	0.334350
9750.0	0.332426
9755.0	0.330574
9760.0	0.328741
9765.0	0.326888
9770.0	0.325034
9775.0	0.323213
9780.0	0.321457
9785.0	0.319825
9790.0	0.318473
9795.0	0.317586
9800.0	0.317343
9805.0	0.317863
9810.0	0.318997
9815.0	0.320532
9820.0	0.322255
9825.0	0.323959
9830.0	0.325458
9835.0	0.326573
9840.0	0.327125
9845.0	0.326980
9850.0	0.326186
9855.0	0.324838
9860.0	0.323030
9865.0	0.320856
9870.0	0.318416
9875.0	0.315812
9880.0	0.313144
9885.0	0.310568
9890.0	0.308452
9895.0	0.307223
9900.0	0.307303
9905.0	0.308945
9910.0	0.311716
9915.0	0.315010
9920.0	0.318222
9925.0	0.320843
9930.0	0.322739
9935.0	0.323873
9940.0	0.324208
9945.0	0.323769
9950.0	0.322829
9955.0	0.321726
9960.0	0.320797
9965.0	0.320284
9970.0	0.320053
9975.0	0.319872
9980.0	0.319513
9985.0	0.318772
9990.0	0.317558
9995.0	0.315806
10000.0	0.313450
10005.0	0.310511
10010.0	0.307343
10015.0	0.304383
10020.0	0.302072
10025.0	0.300757
10030.0	0.300430
10035.0	0.300995
10040.0	0.302353
10045.0	0.304335
10050.0	0.306480
10055.0	0.308256
10060.0	0.309131
10065.0	0.308746
10070.0	0.307436
10075.0	0.305711
10080.0	0.304079
10085.0	0.302946
10090.0	0.302299
10095.0	0.302021
10100.0	0.301996
10105.0	0.302124
10110.0	0.302369
10115.0	0.302714
10120.0	0.303140
10125.0	0.303624
10130.0	0.304111
10135.0	0.304542
10140.0	0.304855
10145.0	0.305007
10150.0	0.305023
10155.0	0.304945
10160.0	0.304815
10165.0	0.304698
10170.0	0.304765
10175.0	0.305206
10180.0	0.306215
10185.0	0.307832
10190.0	0.309474
10195.0	0.310410
10200.0	0.309903
10205.0	0.307481
10210.0	0.303720
10215.0	0.299453
10220.0	0.295519
10225.0	0.292645
10230.0	0.291129
10235.0	0.291164
10240.0	0.292939
10245.0	0.296444
10250.0	0.300854
10255.0	0.305141
10260.0	0.308278
10265.0	0.309452
10270.0	0.308712
10275.0	0.306324
10280.0	0.302551
10285.0	0.297759
10290.0	0.292711
10295.0	0.288273
10300.0	0.285308
10305.0	0.284409
10310.0	0.285088
10315.0	0.286584
10320.0	0.288135
10325.0	0.289117
10330.0	0.289452
10335.0	0.289200
10340.0	0.288420
10345.0	0.287199
10350.0	0.285750
10355.0	0.284312
10360.0	0.283127
10365.0	0.282391
10370.0	0.282121
10375.0	0.282290
10380.0	0.282870
10385.0	0.283846
10390.0	0.285250
10395.0	0.287129
10400.0	0.289526
10405.0	0.292363
10410.0	0.295061
10415.0	0.296917
10420.0	0.297230
10425.0	0.295532
10430.0	0.292293
10435.0	0.288220
10440.0	0.284019
10445.0	0.280317
10450.0	0.277426
10455.0	0.275578
10460.0	0.275006
10465.0	0.275804
10470.0	0.277517
10475.0	0.279550
10480.0	0.281310
10485.0	0.282329
10490.0	0.282649
10495.0	0.282439
10500.0	0.281867
10505.0	0.281078
10510.0	0.280123
10515.0	0.279029
10520.0	0.277823
10525.0	0.276521
10530.0	0.275089
10535.0	0.273482
10540.0	0.271655
10545.0	0.269627
10550.0	0.267670
10555.0	0.266121
10560.0	0.265316
10565.0	0.265466
10570.0	0.266283
10575.0	0.267355
10580.0	0.268268
10585.0	0.268717
10590.0	0.268816
10595.0	0.268788
10600.0	0.268854
10605.0	0.269187
10610.0	0.269756
10615.0	0.270484
10620.0	0.271290
