#-- wf8v
#\*l[Angstrom]	F(\*l)/F(555.6Angstrom]
1150.0	0.017546
1155.0	0.005564
1160.0	0.000000
1165.0	0.000994
1170.0	0.000000
1175.0	0.000000
1180.0	0.000000
1185.0	0.000000
1190.0	0.000000
1195.0	0.000000
1200.0	0.000878
1205.0	0.004509
1210.0	0.006506
1215.0	0.003204
1220.0	0.000422
1225.0	0.000497
1230.0	0.001112
1235.0	0.001392
1240.0	0.001193
1245.0	0.000482
1250.0	0.000915
1255.0	0.000192
1260.0	0.001303
1265.0	0.000881
1270.0	0.000592
1275.0	0.000613
1280.0	0.000576
1285.0	0.000131
1290.0	0.000000
1295.0	0.000101
1300.0	0.000401
1305.0	0.000602
1310.0	0.000392
1315.0	0.000320
1320.0	0.000653
1325.0	0.000270
1330.0	0.000528
1335.0	0.000481
1340.0	0.000440
1345.0	0.000394
1350.0	0.000697
1355.0	0.000706
1360.0	0.000466
1365.0	0.000000
1370.0	0.001468
1375.0	0.001413
1380.0	0.000286
1385.0	0.000030
1390.0	0.000217
1395.0	0.000096
1400.0	0.000213
1405.0	0.000056
1410.0	0.000098
1415.0	0.000649
1420.0	0.000186
1425.0	0.000343
1430.0	0.000824
1435.0	0.000674
1440.0	0.000377
1445.0	0.001225
1450.0	0.000916
1455.0	0.000259
1460.0	0.000041
1465.0	0.000347
1470.0	0.000212
1475.0	0.000656
1480.0	0.000463
1485.0	0.000713
1490.0	0.001426
1495.0	0.000965
1500.0	0.000765
1505.0	0.000910
1510.0	0.000867
1515.0	0.000219
1520.0	0.000321
1525.0	0.000623
1530.0	0.001920
1535.0	0.001985
1540.0	0.001487
1545.0	0.000377
1550.0	0.000642
1555.0	0.001432
1560.0	0.001903
1565.0	0.001270
1570.0	0.000615
1575.0	0.001334
1580.0	0.001517
1585.0	0.000530
1590.0	0.001302
1595.0	0.001224
1600.0	0.000799
1605.0	0.000796
1610.0	0.001449
1615.0	0.000890
1620.0	0.000484
1625.0	0.000296
1630.0	0.000798
1635.0	0.000418
1640.0	0.000146
1645.0	0.000343
1650.0	0.000837
1655.0	0.001267
1660.0	0.001598
1665.0	0.001447
1670.0	0.001374
1675.0	0.001612
1680.0	0.001632
1685.0	0.001262
1690.0	0.001423
1695.0	0.002721
1700.0	0.002761
1705.0	0.002743
1710.0	0.003368
1715.0	0.003526
1720.0	0.003594
1725.0	0.005142
1730.0	0.004837
1735.0	0.005351
1740.0	0.007400
1745.0	0.008485
1750.0	0.010095
1755.0	0.011038
1760.0	0.010634
1765.0	0.013006
1770.0	0.016979
1775.0	0.019219
1780.0	0.018590
1785.0	0.016280
1790.0	0.017129
1795.0	0.019971
1800.0	0.020069
1805.0	0.018621
1810.0	0.020321
1815.0	0.022662
1820.0	0.026802
1825.0	0.026880
1830.0	0.026306
1835.0	0.022861
1840.0	0.017350
1845.0	0.014788
1850.0	0.019671
1855.0	0.023957
1860.0	0.029222
1865.0	0.035601
1870.0	0.034946
1875.0	0.035211
1880.0	0.040818
1885.0	0.039595
1890.0	0.037159
1895.0	0.035240
1900.0	0.039456
1905.0	0.045115
1910.0	0.048699
1915.0	0.050869
1920.0	0.046493
1925.0	0.033016
1930.0	0.025368
1935.0	0.040101
1940.0	0.059234
1945.0	0.063703
1950.0	0.060460
1955.0	0.049781
1960.0	0.052884
1965.0	0.044626
1970.0	0.051557
1975.0	0.071674
1980.0	0.050590
1985.0	0.067312
1990.0	0.058253
1995.0	0.027687
2000.0	0.058116
2005.0	0.074874
2010.0	0.050077
2015.0	0.070791
2020.0	0.074678
2025.0	0.064306
2030.0	0.056813
2035.0	0.079543
2040.0	0.099492
2045.0	0.082069
2050.0	0.090124
2055.0	0.114530
2060.0	0.100037
2065.0	0.070050
2070.0	0.104749
2075.0	0.127149
2080.0	0.144673
2085.0	0.142973
2090.0	0.130649
2095.0	0.114647
2100.0	0.134888
2105.0	0.155203
2110.0	0.152920
2115.0	0.158768
2120.0	0.144002
2125.0	0.154746
2130.0	0.157025
2135.0	0.142908
2140.0	0.136168
2145.0	0.153729
2150.0	0.151464
2155.0	0.150440
2160.0	0.152680
2165.0	0.136836
2170.0	0.142392
2175.0	0.117248
2180.0	0.125147
2185.0	0.151932
2190.0	0.173514
2195.0	0.190825
2200.0	0.203158
2205.0	0.194515
2210.0	0.157439
2215.0	0.133622
2220.0	0.127724
2225.0	0.142680
2230.0	0.151388
2235.0	0.160352
2240.0	0.171191
2245.0	0.161133
2250.0	0.169596
2255.0	0.177114
2260.0	0.163814
2265.0	0.146233
2270.0	0.134217
2275.0	0.120173
2280.0	0.126585
2285.0	0.142339
2290.0	0.165885
2295.0	0.163834
2300.0	0.156591
2305.0	0.146202
2310.0	0.154620
2315.0	0.149262
2320.0	0.141999
2325.0	0.137093
2330.0	0.126780
2335.0	0.126238
2340.0	0.099713
2345.0	0.106900
2350.0	0.098668
2355.0	0.121336
2360.0	0.140692
2365.0	0.098700
2370.0	0.112521
2375.0	0.140162
2380.0	0.136678
2385.0	0.089793
2390.0	0.087640
2395.0	0.103327
2400.0	0.095712
2405.0	0.087335
2410.0	0.072390
2415.0	0.080136
2420.0	0.112537
2425.0	0.156795
2430.0	0.179345
2435.0	0.167856
2440.0	0.145196
2445.0	0.163471
2450.0	0.151344
2455.0	0.130922
2460.0	0.144433
2465.0	0.150353
2470.0	0.152040
2475.0	0.150604
2480.0	0.152006
2485.0	0.127663
2490.0	0.108736
2495.0	0.109876
2500.0	0.163970
2505.0	0.161463
2510.0	0.130814
2515.0	0.120778
2520.0	0.091237
2525.0	0.079580
2530.0	0.094871
2535.0	0.102724
2540.0	0.113737
2545.0	0.119227
2550.0	0.115717
2555.0	0.135916
2560.0	0.156550
2565.0	0.175156
2570.0	0.203306
2575.0	0.218433
2580.0	0.196499
2585.0	0.184753
2590.0	0.191858
2595.0	0.205614
2600.0	0.168806
2605.0	0.156887
2610.0	0.156353
2615.0	0.144206
2620.0	0.176987
2625.0	0.198121
2630.0	0.172326
2635.0	0.219925
2640.0	0.393978
2645.0	0.463032
2650.0	0.403352
2655.0	0.378008
2660.0	0.441586
2665.0	0.374231
2670.0	0.328639
2675.0	0.354147
2680.0	0.356668
2685.0	0.361764
2690.0	0.353326
2695.0	0.349811
2700.0	0.417405
2705.0	0.415538
2710.0	0.338723
2715.0	0.323216
2720.0	0.349916
2725.0	0.353704
2730.0	0.439607
2735.0	0.378865
2740.0	0.261228
2745.0	0.192176
2750.0	0.197574
2755.0	0.238356
2760.0	0.232212
2765.0	0.279151
2770.0	0.303197
2775.0	0.335158
2780.0	0.306244
2785.0	0.228404
2790.0	0.179767
2795.0	0.109607
2800.0	0.072523
2805.0	0.075900
2810.0	0.138160
2815.0	0.273095
2820.0	0.447768
2825.0	0.476492
2830.0	0.484283
2835.0	0.488469
2840.0	0.389736
2845.0	0.382688
2850.0	0.348630
2855.0	0.229016
2860.0	0.321538
2865.0	0.374820
2870.0	0.384273
2875.0	0.430608
2880.0	0.403478
2885.0	0.376586
2890.0	0.402989
2895.0	0.399550
2900.0	0.391483
2905.0	0.412998
2910.0	0.468751
2915.0	0.526463
2920.0	0.480844
2925.0	0.432539
2930.0	0.425327
2935.0	0.451214
2940.0	0.448178
2945.0	0.455202
2950.0	0.459992
2955.0	0.464921
2960.0	0.499471
2965.0	0.504600
2970.0	0.512582
2975.0	0.472862
2980.0	0.484927
2985.0	0.502343
2990.0	0.516893
2995.0	0.520202
3000.0	0.477819
3005.0	0.460421
3010.0	0.477126
3015.0	0.470800
3020.0	0.469919
3025.0	0.542750
3030.0	0.594194
3035.0	0.582103
3040.0	0.629134
3045.0	0.556008
3050.0	0.524996
3055.0	0.558715
3060.0	0.499009
3065.0	0.456959
3070.0	0.495419
3075.0	0.503158
3080.0	0.522123
3085.0	0.493405
3090.0	0.478625
3095.0	0.424166
3100.0	0.402291
3105.0	0.451616
3110.0	0.525622
3115.0	0.545544
3120.0	0.476323
3125.0	0.464023
3130.0	0.493706
3135.0	0.517833
3140.0	0.522211
3145.0	0.506032
3150.0	0.526924
3155.0	0.508018
3160.0	0.501320
3165.0	0.503695
3170.0	0.527415
3175.0	0.536243
3180.0	0.529550
3185.0	0.534899
3190.0	0.547350
3195.0	0.559022
3200.0	0.581864
3205.0	0.592839
3210.0	0.594830
3215.0	0.577209
3220.0	0.555513
3225.0	0.547084
3230.0	0.550346
3235.0	0.560109
3240.0	0.575669
3245.0	0.596465
3250.0	0.618020
3255.0	0.635211
3260.0	0.644253
3265.0	0.643163
3270.0	0.635823
3275.0	0.628778
3280.0	0.633336
3285.0	0.655388
3290.0	0.674402
3295.0	0.670943
3300.0	0.656395
3305.0	0.646390
3310.0	0.642751
3315.0	0.643145
3320.0	0.642437
3325.0	0.636918
3330.0	0.631398
3335.0	0.630726
3340.0	0.631395
3345.0	0.629123
3350.0	0.624869
3355.0	0.620757
3360.0	0.618318
3365.0	0.618659
3370.0	0.621769
3375.0	0.627891
3380.0	0.639402
3385.0	0.656550
3390.0	0.668944
3395.0	0.667554
3400.0	0.659433
3405.0	0.654029
3410.0	0.654264
3415.0	0.659633
3420.0	0.662420
3425.0	0.655756
3430.0	0.643353
3435.0	0.631752
3440.0	0.628200
3445.0	0.636987
3450.0	0.649877
3455.0	0.657497
3460.0	0.658461
3465.0	0.654214
3470.0	0.649530
3475.0	0.648309
3480.0	0.647631
3485.0	0.645059
3490.0	0.646908
3495.0	0.657975
3500.0	0.668235
3505.0	0.667494
3510.0	0.657154
3515.0	0.662628
3520.0	0.648958
3525.0	0.647457
3530.0	0.674729
3535.0	0.701328
3540.0	0.712507
3545.0	0.715412
3550.0	0.706718
3555.0	0.684754
3560.0	0.666578
3565.0	0.627903
3570.0	0.615112
3575.0	0.625315
3580.0	0.612332
3585.0	0.605004
3590.0	0.649755
3595.0	0.682760
3600.0	0.675986
3605.0	0.648294
3610.0	0.634107
3615.0	0.640673
3620.0	0.654816
3625.0	0.699973
3630.0	0.674826
3635.0	0.670492
3640.0	0.696933
3645.0	0.674696
3650.0	0.681912
3655.0	0.723831
3660.0	0.755456
3665.0	0.741799
3670.0	0.735230
3675.0	0.729080
3680.0	0.705934
3685.0	0.709941
3690.0	0.738533
3695.0	0.761660
3700.0	0.764783
3705.0	0.723616
3710.0	0.744907
3715.0	0.784061
3720.0	0.735217
3725.0	0.740100
3730.0	0.728101
3735.0	0.677785
3740.0	0.731365
3745.0	0.705184
3750.0	0.699447
3755.0	0.794429
3760.0	0.792166
3765.0	0.775987
3770.0	0.769249
3775.0	0.849116
3780.0	0.922484
3785.0	0.912147
3790.0	0.830071
3795.0	0.752418
3800.0	0.782707
3805.0	0.889083
3810.0	0.932997
3815.0	0.894415
3820.0	0.846802
3825.0	0.767141
3830.0	0.672511
3835.0	0.621487
3840.0	0.713738
3845.0	0.856994
3850.0	0.920923
3855.0	0.922043
3860.0	0.919806
3865.0	0.950811
3870.0	0.919853
3875.0	0.880024
3880.0	0.825107
3885.0	0.735370
3890.0	0.721810
3895.0	0.824164
3900.0	0.881910
3905.0	0.879928
3910.0	0.908230
3915.0	0.907956
3920.0	0.860803
3925.0	0.749364
3930.0	0.579468
3935.0	0.544553
3940.0	0.677512
3945.0	0.789724
3950.0	0.847835
3955.0	0.845909
3960.0	0.758848
3965.0	0.603141
3970.0	0.569927
3975.0	0.722190
3980.0	0.870179
3985.0	0.954189
3990.0	1.005430
3995.0	1.024387
4000.0	1.035331
4005.0	1.040246
4010.0	1.061669
4015.0	1.086109
4020.0	1.108160
4025.0	1.118475
4030.0	1.100152
4035.0	1.098180
4040.0	1.096819
4045.0	1.076418
4050.0	1.088596
4055.0	1.075663
4060.0	1.055670
4065.0	1.041129
4070.0	1.039462
4075.0	1.037406
4080.0	1.053639
4085.0	1.075246
4090.0	1.062176
4095.0	0.984902
4100.0	0.894980
4105.0	0.924948
4110.0	1.008210
4115.0	1.059370
4120.0	1.081892
4125.0	1.098362
4130.0	1.095124
4135.0	1.099191
4140.0	1.102793
4145.0	1.094187
4150.0	1.096743
4155.0	1.099096
4160.0	1.122796
4165.0	1.129975
4170.0	1.095121
4175.0	1.074103
4180.0	1.083100
4185.0	1.084931
4190.0	1.091676
4195.0	1.083649
4200.0	1.073173
4205.0	1.089459
4210.0	1.106687
4215.0	1.107701
4220.0	1.098766
4225.0	1.061256
4230.0	1.074697
4235.0	1.078464
4240.0	1.084530
4245.0	1.084253
4250.0	1.082660
4255.0	1.090116
4260.0	1.082882
4265.0	1.087083
4270.0	1.064932
4275.0	1.068594
4280.0	1.081316
4285.0	1.058659
4290.0	1.027576
4295.0	0.995370
4300.0	0.941764
4305.0	0.922943
4310.0	0.946302
4315.0	1.017387
4320.0	1.051299
4325.0	1.032402
4330.0	1.025102
4335.0	0.963565
4340.0	0.889755
4345.0	0.947353
4350.0	1.016818
4355.0	1.067310
4360.0	1.110858
4365.0	1.131568
4370.0	1.119734
4375.0	1.107608
4380.0	1.087821
4385.0	1.066207
4390.0	1.085445
4395.0	1.101573
4400.0	1.107157
4405.0	1.109326
4410.0	1.129053
4415.0	1.139182
4420.0	1.148057
4425.0	1.149975
4430.0	1.147808
4435.0	1.143193
4440.0	1.147403
4445.0	1.142599
4450.0	1.136191
4455.0	1.115054
4460.0	1.116967
4465.0	1.138605
4470.0	1.163248
4475.0	1.182002
4480.0	1.166181
4485.0	1.171534
4490.0	1.172666
4495.0	1.190254
4500.0	1.216795
4505.0	1.237755
4510.0	1.234551
4515.0	1.208209
4520.0	1.175057
4525.0	1.144755
4530.0	1.132607
4535.0	1.158102
4540.0	1.185344
4545.0	1.175633
4550.0	1.152457
4555.0	1.159883
4560.0	1.175970
4565.0	1.176680
4570.0	1.189850
4575.0	1.193876
4580.0	1.179040
4585.0	1.178446
4590.0	1.183793
4595.0	1.185496
4600.0	1.180284
4605.0	1.185407
4610.0	1.184558
4615.0	1.176768
4620.0	1.183587
4625.0	1.189613
4630.0	1.181147
4635.0	1.174749
4640.0	1.168546
4645.0	1.164165
4650.0	1.165697
4655.0	1.173803
4660.0	1.182516
4665.0	1.161413
4670.0	1.158000
4675.0	1.168165
4680.0	1.174533
4685.0	1.186579
4690.0	1.191569
4695.0	1.189061
4700.0	1.165225
4705.0	1.153487
4710.0	1.154479
4715.0	1.163772
4720.0	1.173094
4725.0	1.172465
4730.0	1.166357
4735.0	1.170101
4740.0	1.183328
4745.0	1.190860
4750.0	1.179076
4755.0	1.161421
4760.0	1.158929
4765.0	1.153679
4770.0	1.163296
4775.0	1.174966
4780.0	1.172799
4785.0	1.156692
4790.0	1.155401
4795.0	1.160461
4800.0	1.153796
4805.0	1.154130
4810.0	1.164795
4815.0	1.166605
4820.0	1.156340
4825.0	1.148424
4830.0	1.141679
4835.0	1.141489
4840.0	1.134888
4845.0	1.118132
4850.0	1.098608
4855.0	1.053773
4860.0	0.987659
4865.0	0.951117
4870.0	0.967907
4875.0	1.029109
4880.0	1.063219
4885.0	1.094503
4890.0	1.110393
4895.0	1.109833
4900.0	1.120045
4905.0	1.132897
4910.0	1.129142
4915.0	1.125340
4920.0	1.119168
4925.0	1.119710
4930.0	1.121181
4935.0	1.140703
4940.0	1.132585
4945.0	1.124693
4950.0	1.129036
4955.0	1.126276
4960.0	1.120851
4965.0	1.114863
4970.0	1.128765
4975.0	1.127190
4980.0	1.112815
4985.0	1.105280
4990.0	1.087533
4995.0	1.089395
5000.0	1.096077
5005.0	1.081919
5010.0	1.070603
5015.0	1.056872
5020.0	1.055611
5025.0	1.052614
5030.0	1.069072
5035.0	1.077697
5040.0	1.083731
5045.0	1.076990
5050.0	1.073934
5055.0	1.088845
5060.0	1.091740
5065.0	1.103723
5070.0	1.101869
5075.0	1.083190
5080.0	1.075182
5085.0	1.064895
5090.0	1.063868
5095.0	1.077854
5100.0	1.086616
5105.0	1.075133
5110.0	1.074686
5115.0	1.076503
5120.0	1.077106
5125.0	1.074969
5130.0	1.063132
5135.0	1.046719
5140.0	1.044607
5145.0	1.040388
5150.0	1.036392
5155.0	1.035036
5160.0	1.034574
5165.0	1.026326
5170.0	1.004218
5175.0	0.980422
5180.0	0.985568
5185.0	1.004428
5190.0	0.994647
5195.0	1.007888
5200.0	1.017602
5205.0	1.022232
5210.0	1.030953
5215.0	1.028823
5220.0	1.039280
5225.0	1.035302
5230.0	1.023980
5235.0	1.012678
5240.0	1.017914
5245.0	1.032533
5250.0	1.045916
5255.0	1.047223
5260.0	1.045812
5265.0	1.027418
5270.0	0.995049
5275.0	0.983937
5280.0	0.998293
5285.0	1.017742
5290.0	1.029991
5295.0	1.042661
5300.0	1.047998
5305.0	1.036338
5310.0	1.039672
5315.0	1.047252
5320.0	1.038462
5325.0	1.024397
5330.0	1.003305
5335.0	0.993365
5340.0	1.006771
5345.0	1.015868
5350.0	1.024121
5355.0	1.029418
5360.0	1.034248
5365.0	1.036931
5370.0	1.025681
5375.0	1.017171
5380.0	1.022093
5385.0	1.023518
5390.0	1.016014
5395.0	1.013263
5400.0	1.010364
5405.0	1.007603
5410.0	1.003979
5415.0	1.000100
5420.0	1.001322
5425.0	1.005723
5430.0	1.005743
5435.0	1.004017
5440.0	1.009945
5445.0	1.020996
5450.0	1.020334
5455.0	1.013777
5460.0	1.020131
5465.0	1.015314
5470.0	1.005825
5475.0	1.009350
5480.0	1.005286
5485.0	0.997372
5490.0	1.004403
5495.0	1.005013
5500.0	1.005456
5505.0	1.010982
5510.0	1.006606
5515.0	1.003575
5520.0	1.008289
5525.0	1.011438
5530.0	1.013636
5535.0	1.007504
5540.0	1.011799
5545.0	1.013303
5550.0	1.007699
5555.0	1.001824
5560.0	1.004560
5565.0	1.002409
5570.0	0.999128
5575.0	0.992876
5580.0	0.988234
5585.0	0.988243
5590.0	0.988379
5595.0	0.974749
5600.0	0.968973
5605.0	0.972950
5610.0	0.974092
5615.0	0.981671
5620.0	0.984049
5625.0	0.974840
5630.0	0.979652
5635.0	0.988652
5640.0	0.985686
5645.0	0.973718
5650.0	0.967187
5655.0	0.962763
5660.0	0.953986
5665.0	0.949595
5670.0	0.957824
5675.0	0.975595
5680.0	0.987042
5685.0	0.985450
5690.0	0.970732
5695.0	0.954433
5700.0	0.952063
5705.0	0.956859
5710.0	0.956069
5715.0	0.951117
5720.0	0.950827
5725.0	0.957761
5730.0	0.955953
5735.0	0.951903
5740.0	0.948098
5745.0	0.956024
5750.0	0.965017
5755.0	0.967428
5760.0	0.962332
5765.0	0.951375
5770.0	0.945298
5775.0	0.947346
5780.0	0.946275
5785.0	0.945275
5790.0	0.938442
5795.0	0.935414
5800.0	0.943614
5805.0	0.946177
5810.0	0.943056
5815.0	0.944333
5820.0	0.941940
5825.0	0.934864
5830.0	0.938163
5835.0	0.945322
5840.0	0.951229
5845.0	0.950731
5850.0	0.947896
5855.0	0.946540
5860.0	0.940143
5865.0	0.935998
5870.0	0.943535
5875.0	0.946117
5880.0	0.941394
5885.0	0.931566
5890.0	0.913538
5895.0	0.895073
5900.0	0.893024
5905.0	0.909890
5910.0	0.921260
5915.0	0.923034
5920.0	0.922657
5925.0	0.922002
5930.0	0.919257
5935.0	0.918770
5940.0	0.914698
5945.0	0.911885
5950.0	0.910678
5955.0	0.913179
5960.0	0.913392
5965.0	0.919137
5970.0	0.921298
5975.0	0.911951
5980.0	0.898534
5985.0	0.893449
5990.0	0.896202
5995.0	0.900861
6000.0	0.906349
6005.0	0.900614
6010.0	0.892093
6015.0	0.897147
6020.0	0.896770
6025.0	0.890464
6030.0	0.888121
6035.0	0.892747
6040.0	0.897640
6045.0	0.904561
6050.0	0.904364
6055.0	0.897247
6060.0	0.890271
6065.0	0.880126
6070.0	0.880212
6075.0	0.878801
6080.0	0.879261
6085.0	0.885052
6090.0	0.882776
6095.0	0.878259
6100.0	0.866236
6105.0	0.866565
6110.0	0.875068
6115.0	0.875567
6120.0	0.873250
6125.0	0.874318
6130.0	0.871292
6135.0	0.858988
6140.0	0.853806
6145.0	0.861150
6150.0	0.864117
6155.0	0.858326
6160.0	0.847712
6165.0	0.841326
6170.0	0.841200
6175.0	0.849154
6180.0	0.856961
6185.0	0.861854
6190.0	0.860983
6195.0	0.864243
6200.0	0.866014
6205.0	0.865710
6210.0	0.861578
6215.0	0.852843
6220.0	0.853045
6225.0	0.856330
6230.0	0.850504
6235.0	0.848877
6240.0	0.850375
6245.0	0.845721
6250.0	0.843536
6255.0	0.837377
6260.0	0.837478
6265.0	0.839813
6270.0	0.845464
6275.0	0.837291
6280.0	0.828307
6285.0	0.838942
6290.0	0.839639
6295.0	0.836509
6300.0	0.833098
6305.0	0.835385
6310.0	0.834297
6315.0	0.830118
6320.0	0.830701
6325.0	0.838295
6330.0	0.842061
6335.0	0.837339
6340.0	0.835639
6345.0	0.835908
6350.0	0.837640
6355.0	0.838025
6360.0	0.837068
6365.0	0.836373
6370.0	0.834174
6375.0	0.836655
6380.0	0.834163
6385.0	0.833988
6390.0	0.829855
6395.0	0.825643
6400.0	0.822968
6405.0	0.822595
6410.0	0.819401
6415.0	0.817903
6420.0	0.817948
6425.0	0.820125
6430.0	0.817419
6435.0	0.816995
6440.0	0.812701
6445.0	0.811178
6450.0	0.809182
6455.0	0.808342
6460.0	0.807345
6465.0	0.808041
6470.0	0.812134
6475.0	0.813006
6480.0	0.809332
6485.0	0.807724
6490.0	0.798182
6495.0	0.789506
6500.0	0.798175
6505.0	0.808048
6510.0	0.810643
6515.0	0.804794
6520.0	0.807717
6525.0	0.807744
6530.0	0.807286
6535.0	0.806583
6540.0	0.800182
6545.0	0.782840
6550.0	0.761007
6555.0	0.722521
6560.0	0.651786
6565.0	0.664225
6570.0	0.729492
6575.0	0.774094
6580.0	0.790374
6585.0	0.792878
6590.0	0.788413
6595.0	0.786954
6600.0	0.793461
6605.0	0.795852
6610.0	0.800320
6615.0	0.802728
6620.0	0.799741
6625.0	0.794318
6630.0	0.786974
6635.0	0.786239
6640.0	0.787912
6645.0	0.788546
6650.0	0.790852
6655.0	0.785706
6660.0	0.774467
6665.0	0.772418
6670.0	0.774522
6675.0	0.774028
6680.0	0.778846
6685.0	0.784545
6690.0	0.785101
6695.0	0.780765
6700.0	0.778537
6705.0	0.774735
6710.0	0.770594
6715.0	0.765444
6720.0	0.762502
6725.0	0.764244
6730.0	0.767032
6735.0	0.768190
6740.0	0.766276
6745.0	0.764563
6750.0	0.760770
6755.0	0.762339
6760.0	0.763635
6765.0	0.763824
6770.0	0.762828
6775.0	0.761565
6780.0	0.758376
6785.0	0.755682
6790.0	0.757216
6795.0	0.757045
6800.0	0.763308
6805.0	0.766088
6810.0	0.768827
6815.0	0.767630
6820.0	0.766426
6825.0	0.764078
6830.0	0.760684
6835.0	0.758191
6840.0	0.754346
6845.0	0.756722
6850.0	0.758257
6855.0	0.756494
6860.0	0.751722
6865.0	0.747024
6870.0	0.745606
6875.0	0.747690
6880.0	0.750164
6885.0	0.749295
6890.0	0.743999
6895.0	0.737015
6900.0	0.732722
6905.0	0.733246
6910.0	0.736793
6915.0	0.739368
6920.0	0.738129
6925.0	0.733759
6930.0	0.729826
6935.0	0.729540
6940.0	0.733163
6945.0	0.738023
6950.0	0.740742
6955.0	0.739857
6960.0	0.736740
6965.0	0.734122
6970.0	0.733711
6975.0	0.728309
6980.0	0.726800
6985.0	0.726112
6990.0	0.721850
6995.0	0.719701
7000.0	0.716420
7005.0	0.711320
7010.0	0.718804
7015.0	0.719944
7020.0	0.722212
7025.0	0.720153
7030.0	0.717227
7035.0	0.711315
7040.0	0.707249
7045.0	0.706230
7050.0	0.702494
7055.0	0.700335
7060.0	0.704299
7065.0	0.704170
7070.0	0.703605
7075.0	0.702659
7080.0	0.701851
7085.0	0.703966
7090.0	0.708734
7095.0	0.714069
7100.0	0.714783
7105.0	0.711710
7110.0	0.702860
7115.0	0.699027
7120.0	0.697940
7125.0	0.700561
7130.0	0.703725
7135.0	0.705725
7140.0	0.702059
7145.0	0.693983
7150.0	0.692004
7155.0	0.693522
7160.0	0.690598
7165.0	0.686690
7170.0	0.686476
7175.0	0.685410
7180.0	0.681278
7185.0	0.672021
7190.0	0.669381
7195.0	0.672892
7200.0	0.674361
7205.0	0.682796
7210.0	0.697671
7215.0	0.704333
7220.0	0.702296
7225.0	0.698387
7230.0	0.687597
7235.0	0.676258
7240.0	0.672461
7245.0	0.675668
7250.0	0.677162
7255.0	0.680908
7260.0	0.681689
7265.0	0.676676
7270.0	0.674861
7275.0	0.669688
7280.0	0.676154
7285.0	0.677616
7290.0	0.667738
7295.0	0.669947
7300.0	0.668702
7305.0	0.663400
7310.0	0.663046
7315.0	0.667604
7320.0	0.671229
7325.0	0.672580
7330.0	0.668743
7335.0	0.669610
7340.0	0.671598
7345.0	0.672571
7350.0	0.674361
7355.0	0.671143
7360.0	0.668286
7365.0	0.663881
7370.0	0.657846
7375.0	0.657209
7380.0	0.659360
7385.0	0.654672
7390.0	0.651334
7395.0	0.651536
7400.0	0.646568
7405.0	0.643254
7410.0	0.639792
7415.0	0.639785
7420.0	0.641820
7425.0	0.654908
7430.0	0.654757
7435.0	0.653068
7440.0	0.651755
7445.0	0.651115
7450.0	0.652054
7455.0	0.652939
7460.0	0.652328
7465.0	0.650345
7470.0	0.649640
7475.0	0.650385
7480.0	0.652608
7485.0	0.653874
7490.0	0.650447
7495.0	0.645297
7500.0	0.639628
7505.0	0.636844
7510.0	0.636077
7515.0	0.638355
7520.0	0.638895
7525.0	0.634754
7530.0	0.628626
7535.0	0.626957
7540.0	0.629056
7545.0	0.634402
7550.0	0.641829
7555.0	0.645298
7560.0	0.643546
7565.0	0.637956
7570.0	0.632030
7575.0	0.629093
7580.0	0.630328
7585.0	0.634199
7590.0	0.637636
7595.0	0.638194
7600.0	0.635602
7605.0	0.631845
7610.0	0.629781
7615.0	0.631082
7620.0	0.634931
7625.0	0.638732
7630.0	0.640124
7635.0	0.638652
7640.0	0.635803
7645.0	0.633414
7650.0	0.631853
7655.0	0.629766
7660.0	0.625844
7665.0	0.620496
7670.0	0.615903
7675.0	0.614243
7680.0	0.615378
7685.0	0.616573
7690.0	0.614899
7695.0	0.609969
7700.0	0.604682
7705.0	0.603193
7710.0	0.607400
7715.0	0.615065
7720.0	0.621429
7725.0	0.622471
7730.0	0.617359
7735.0	0.608724
7740.0	0.599066
7745.0	0.595771
7750.0	0.587483
7755.0	0.585861
7760.0	0.588080
7765.0	0.593214
7770.0	0.597397
7775.0	0.601464
7780.0	0.601631
7785.0	0.599115
7790.0	0.595253
7795.0	0.593519
7800.0	0.596430
7805.0	0.602014
7810.0	0.606840
7815.0	0.605284
7820.0	0.598917
7825.0	0.591301
7830.0	0.585057
7835.0	0.583033
7840.0	0.583788
7845.0	0.585750
7850.0	0.586669
7855.0	0.585313
7860.0	0.586113
7865.0	0.585866
7870.0	0.584315
7875.0	0.582410
7880.0	0.582068
7885.0	0.579130
7890.0	0.578652
7895.0	0.576128
7900.0	0.575497
7905.0	0.573039
7910.0	0.569965
7915.0	0.565263
7920.0	0.563849
7925.0	0.565132
7930.0	0.567756
7935.0	0.569970
7940.0	0.571962
7945.0	0.570930
7950.0	0.569758
7955.0	0.567965
7960.0	0.568354
7965.0	0.570564
7970.0	0.570744
7975.0	0.570587
7980.0	0.566449
7985.0	0.561444
7990.0	0.555210
7995.0	0.550508
8000.0	0.549024
8005.0	0.552028
8010.0	0.553524
8015.0	0.554282
8020.0	0.554052
8025.0	0.552562
8030.0	0.552602
8035.0	0.553413
8040.0	0.555719
8045.0	0.557549
8050.0	0.550628
8055.0	0.552391
8060.0	0.550165
8065.0	0.548377
8070.0	0.548963
8075.0	0.549328
8080.0	0.545901
8085.0	0.545789
8090.0	0.545209
8095.0	0.544683
8100.0	0.543975
8105.0	0.543267
8110.0	0.542559
8115.0	0.541851
8120.0	0.541143
8125.0	0.540435
8130.0	0.539728
8135.0	0.539020
8140.0	0.538312
8145.0	0.537604
8150.0	0.536896
8155.0	0.536188
8160.0	0.535480
8165.0	0.534772
8170.0	0.534064
8175.0	0.533356
8180.0	0.532648
8185.0	0.531940
8190.0	0.531232
8195.0	0.530524
8200.0	0.529816
8205.0	0.529108
8210.0	0.528400
8215.0	0.527692
8220.0	0.526984
8225.0	0.526276
8230.0	0.525568
8235.0	0.524860
8240.0	0.524152
8245.0	0.523444
8250.0	0.522736
8255.0	0.522029
8260.0	0.521321
8265.0	0.520613
8270.0	0.519905
8275.0	0.519197
8280.0	0.518489
8285.0	0.517781
8290.0	0.517073
8295.0	0.516365
8300.0	0.515657
8305.0	0.514949
8310.0	0.514241
8315.0	0.513533
8320.0	0.512825
8325.0	0.512117
8330.0	0.511409
8335.0	0.510701
8340.0	0.509993
8345.0	0.509285
8350.0	0.508577
8355.0	0.507869
8360.0	0.507161
8365.0	0.506454
8370.0	0.505746
8375.0	0.505038
8380.0	0.504330
8385.0	0.503622
8390.0	0.502914
8395.0	0.502206
8400.0	0.501498
8405.0	0.500790
8410.0	0.505038
8415.0	0.503495
8420.0	0.503989
8425.0	0.505141
8430.0	0.503697
8435.0	0.498151
8440.0	0.499089
8445.0	0.497709
8450.0	0.498365
8455.0	0.496664
8460.0	0.499921
8465.0	0.494611
8470.0	0.491505
8475.0	0.493063
8480.0	0.494406
8485.0	0.493817
8490.0	0.489043
8495.0	0.474842
8500.0	0.465471
8505.0	0.476345
8510.0	0.483894
8515.0	0.481037
8520.0	0.485868
8525.0	0.482605
8530.0	0.484879
8535.0	0.469683
8540.0	0.438575
8545.0	0.426727
8550.0	0.459230
8555.0	0.473793
8560.0	0.476518
8565.0	0.477187
8570.0	0.476365
8575.0	0.476409
8580.0	0.474034
8585.0	0.472866
8590.0	0.472089
8595.0	0.470263
8600.0	0.469670
8605.0	0.468736
8610.0	0.472926
8615.0	0.472921
8620.0	0.474925
8625.0	0.473496
8630.0	0.471243
8635.0	0.467939
8640.0	0.471178
8645.0	0.469390
8650.0	0.466647
8655.0	0.461584
8660.0	0.437547
8665.0	0.425044
8670.0	0.450099
8675.0	0.462442
8680.0	0.467462
8685.0	0.465645
8690.0	0.465604
8695.0	0.466585
8700.0	0.468363
8705.0	0.467552
8710.0	0.467665
8715.0	0.468449
8720.0	0.467913
8725.0	0.466811
8730.0	0.466430
8735.0	0.464227
8740.0	0.463163
8745.0	0.458952
8750.0	0.455943
8755.0	0.456328
8760.0	0.462667
8765.0	0.461327
8770.0	0.463605
8775.0	0.459264
8780.0	0.459462
8785.0	0.459113
8790.0	0.459631
8795.0	0.458419
8800.0	0.456616
8805.0	0.452417
8810.0	0.451490
8815.0	0.455487
8820.0	0.459727
8825.0	0.458620
8830.0	0.453784
8835.0	0.451901
8840.0	0.450299
8845.0	0.453008
8850.0	0.449261
8855.0	0.445853
8860.0	0.443422
8865.0	0.440127
8870.0	0.445590
8875.0	0.448594
8880.0	0.456527
8885.0	0.456254
8890.0	0.450247
8895.0	0.452359
8900.0	0.455222
8905.0	0.452180
8910.0	0.451499
8915.0	0.453760
8920.0	0.449464
8925.0	0.441588
8930.0	0.441281
8935.0	0.437633
8940.0	0.434464
8945.0	0.432121
8950.0	0.430498
8955.0	0.429373
8960.0	0.428525
8965.0	0.427742
8970.0	0.426844
8975.0	0.425659
8980.0	0.424017
8985.0	0.421917
8990.0	0.420045
8995.0	0.419256
9000.0	0.420408
9005.0	0.424049
9010.0	0.429502
9015.0	0.435780
9020.0	0.441900
9025.0	0.446971
9030.0	0.450491
9035.0	0.452052
9040.0	0.451247
9045.0	0.447905
9050.0	0.442798
9055.0	0.436932
9060.0	0.431315
9065.0	0.426806
9070.0	0.423673
9075.0	0.422033
9080.0	0.422007
9085.0	0.423540
9090.0	0.425887
9095.0	0.428129
9100.0	0.429349
9105.0	0.428851
9110.0	0.426827
9115.0	0.423695
9120.0	0.419871
9125.0	0.415778
9130.0	0.411873
9135.0	0.408620
9140.0	0.406484
9145.0	0.405784
9150.0	0.406272
9155.0	0.407554
9160.0	0.409236
9165.0	0.410989
9170.0	0.412736
9175.0	0.414466
9180.0	0.416166
9185.0	0.417841
9190.0	0.419570
9195.0	0.421448
9200.0	0.423571
9205.0	0.425965
9210.0	0.428366
9215.0	0.430443
9220.0	0.431861
9225.0	0.432371
9230.0	0.432056
9235.0	0.431083
9240.0	0.429620
9245.0	0.427867
9250.0	0.426167
9255.0	0.424895
9260.0	0.424428
9265.0	0.424876
9270.0	0.425287
9275.0	0.424441
9280.0	0.421122
9285.0	0.414467
9290.0	0.405049
9295.0	0.393794
9300.0	0.381632
9305.0	0.369561
9310.0	0.358862
9315.0	0.350884
9320.0	0.346978
9325.0	0.348003
9330.0	0.352847
9335.0	0.359906
9340.0	0.367577
9345.0	0.374617
9350.0	0.381222
9355.0	0.387951
9360.0	0.395362
9365.0	0.403795
9370.0	0.412727
9375.0	0.421413
9380.0	0.429114
9385.0	0.435063
9390.0	0.438406
9395.0	0.438265
9400.0	0.433762
9405.0	0.424568
9410.0	0.412549
9415.0	0.400120
9420.0	0.389697
9425.0	0.383144
9430.0	0.380126
9435.0	0.379756
9440.0	0.381147
9445.0	0.383449
9450.0	0.385950
9455.0	0.387976
9460.0	0.388850
9465.0	0.388126
9470.0	0.386262
9475.0	0.383945
9480.0	0.381863
9485.0	0.380542
9490.0	0.379867
9495.0	0.379564
9500.0	0.379358
9505.0	0.379055
9510.0	0.378786
9515.0	0.378764
9520.0	0.379201
9525.0	0.380216
9530.0	0.381548
9535.0	0.382841
9540.0	0.383741
9545.0	0.383989
9550.0	0.383712
9555.0	0.383133
9560.0	0.382477
9565.0	0.381874
9570.0	0.381086
9575.0	0.379783
9580.0	0.377635
9585.0	0.374493
9590.0	0.370937
9595.0	0.367730
9600.0	0.365633
9605.0	0.365138
9610.0	0.365655
9615.0	0.366322
9620.0	0.366280
9625.0	0.365007
9630.0	0.363352
9635.0	0.362502
9640.0	0.363646
9645.0	0.367528
9650.0	0.373118
9655.0	0.378945
9660.0	0.383534
9665.0	0.385784
9670.0	0.386069
9675.0	0.385136
9680.0	0.383731
9685.0	0.382430
9690.0	0.381131
9695.0	0.379565
9700.0	0.377460
9705.0	0.374684
9710.0	0.371657
9715.0	0.368937
9720.0	0.367083
9725.0	0.366464
9730.0	0.366699
9735.0	0.367219
9740.0	0.367455
9745.0	0.366983
9750.0	0.365967
9755.0	0.364717
9760.0	0.363544
9765.0	0.362675
9770.0	0.362004
9775.0	0.361341
9780.0	0.360498
9785.0	0.359355
9790.0	0.358070
9795.0	0.356868
9800.0	0.355976
9805.0	0.355565
9810.0	0.355591
9815.0	0.355952
9820.0	0.356549
9825.0	0.357258
9830.0	0.357868
9835.0	0.358144
9840.0	0.357852
9845.0	0.356869
9850.0	0.355519
9855.0	0.354239
9860.0	0.353463
9865.0	0.353486
9870.0	0.354027
9875.0	0.354664
9880.0	0.354975
9885.0	0.354632
9890.0	0.353695
9895.0	0.352316
9900.0	0.350650
9905.0	0.348865
9910.0	0.347189
9915.0	0.345863
9920.0	0.345129
9925.0	0.345138
9930.0	0.345672
9935.0	0.346424
9940.0	0.347085
9945.0	0.347406
9950.0	0.347373
9955.0	0.347029
9960.0	0.346418
9965.0	0.345595
9970.0	0.344651
9975.0	0.343688
9980.0	0.342807
9985.0	0.342106
9990.0	0.341656
9995.0	0.341524
10000.0	0.341778
10005.0	0.342399
10010.0	0.343031
10015.0	0.343234
10020.0	0.342566
10025.0	0.340760
10030.0	0.338237
10035.0	0.335592
10040.0	0.333418
10045.0	0.332181
10050.0	0.331824
10055.0	0.332159
10060.0	0.332999
10065.0	0.334138
10070.0	0.335292
10075.0	0.336154
10080.0	0.336421
10085.0	0.335881
10090.0	0.334701
10095.0	0.333140
10100.0	0.331458
10105.0	0.329894
10110.0	0.328599
10115.0	0.327701
10120.0	0.327332
10125.0	0.327566
10130.0	0.328254
10135.0	0.329194
10140.0	0.330183
10145.0	0.331037
10150.0	0.331639
10155.0	0.331891
10160.0	0.331696
10165.0	0.330981
10170.0	0.329780
10175.0	0.328153
10180.0	0.326162
10185.0	0.323932
10190.0	0.321853
10195.0	0.320383
10200.0	0.319978
10205.0	0.320892
10210.0	0.322580
10215.0	0.324291
10220.0	0.325279
10225.0	0.325011
10230.0	0.323819
10235.0	0.322250
10240.0	0.320853
10245.0	0.320060
10250.0	0.319835
10255.0	0.320029
10260.0	0.320491
10265.0	0.321059
10270.0	0.321522
10275.0	0.321658
10280.0	0.321245
10285.0	0.320174
10290.0	0.318784
10295.0	0.317528
10300.0	0.316861
10305.0	0.317068
10310.0	0.317776
10315.0	0.318448
10320.0	0.318544
10325.0	0.317691
10330.0	0.316180
10335.0	0.314470
10340.0	0.313017
10345.0	0.312150
10350.0	0.311686
10355.0	0.311316
10360.0	0.310729
10365.0	0.309747
10370.0	0.308721
10375.0	0.308134
10380.0	0.308470
10385.0	0.309981
10390.0	0.311982
10395.0	0.313560
10400.0	0.313800
10405.0	0.312121
10410.0	0.309287
10415.0	0.306399
10420.0	0.304556
10425.0	0.304516
10430.0	0.305672
10435.0	0.307076
10440.0	0.307780
10445.0	0.307116
10450.0	0.305540
10455.0	0.303787
10460.0	0.302595
10465.0	0.302480
10470.0	0.303080
10475.0	0.303815
10480.0	0.304105
10485.0	0.303573
10490.0	0.302660
10495.0	0.302010
10500.0	0.302270
10505.0	0.303860
10510.0	0.306304
10515.0	0.308903
10520.0	0.310957
10525.0	0.311916
10530.0	0.311825
10535.0	0.310877
10540.0	0.309267
10545.0	0.307196
10550.0	0.304894
10555.0	0.302603
10560.0	0.300559
10565.0	0.298938
10570.0	0.297649
10575.0	0.296539
10580.0	0.295453
10585.0	0.294291
10590.0	0.293173
10595.0	0.292274
10600.0	0.291769
10605.0	0.291781
10610.0	0.292220
10615.0	0.292943
10620.0	0.293808
