#-- g5iii
#\*l[Angstrom]	F(\*l)/F(555.6Angstrom]
1150.0	0.000000
1155.0	0.000000
1160.0	0.000000
1165.0	0.000000
1170.0	0.000000
1175.0	0.000000
1180.0	0.000000
1185.0	0.000000
1190.0	0.000000
1195.0	0.000000
1200.0	0.000000
1205.0	0.000000
1210.0	0.000000
1215.0	0.000000
1220.0	0.000000
1225.0	0.000000
1230.0	0.000000
1235.0	0.000000
1240.0	0.000000
1245.0	0.000000
1250.0	0.000000
1255.0	0.000000
1260.0	0.000000
1265.0	0.000000
1270.0	0.000000
1275.0	0.000000
1280.0	0.000000
1285.0	0.000000
1290.0	0.000000
1295.0	0.000000
1300.0	0.000000
1305.0	0.000000
1310.0	0.000000
1315.0	0.000000
1320.0	0.000000
1325.0	0.000000
1330.0	0.000000
1335.0	0.000000
1340.0	0.000000
1345.0	0.000000
1350.0	0.000000
1355.0	0.000000
1360.0	0.000000
1365.0	0.000000
1370.0	0.000000
1375.0	0.000000
1380.0	0.000000
1385.0	0.000000
1390.0	0.000000
1395.0	0.000000
1400.0	0.000000
1405.0	0.000000
1410.0	0.000000
1415.0	0.000000
1420.0	0.000000
1425.0	0.000000
1430.0	0.000000
1435.0	0.000000
1440.0	0.000000
1445.0	0.000000
1450.0	0.000000
1455.0	0.000000
1460.0	0.000000
1465.0	0.000000
1470.0	0.000000
1475.0	0.000000
1480.0	0.000000
1485.0	0.000000
1490.0	0.000000
1495.0	0.000000
1500.0	0.000000
1505.0	0.000000
1510.0	0.000000
1515.0	0.000000
1520.0	0.000000
1525.0	0.000000
1530.0	0.000000
1535.0	0.000000
1540.0	0.000000
1545.0	0.000000
1550.0	0.000000
1555.0	0.000000
1560.0	0.000000
1565.0	0.000000
1570.0	0.000000
1575.0	0.000000
1580.0	0.000000
1585.0	0.000000
1590.0	0.000000
1595.0	0.000000
1600.0	0.000000
1605.0	0.000000
1610.0	0.000000
1615.0	0.000000
1620.0	0.000000
1625.0	0.000000
1630.0	0.000000
1635.0	0.000000
1640.0	0.000000
1645.0	0.000000
1650.0	0.000000
1655.0	0.000000
1660.0	0.000000
1665.0	0.000000
1670.0	0.000000
1675.0	0.000000
1680.0	0.000000
1685.0	0.000000
1690.0	0.000000
1695.0	0.000000
1700.0	0.000000
1705.0	0.000000
1710.0	0.000000
1715.0	0.000000
1720.0	0.000001
1725.0	0.000001
1730.0	0.000001
1735.0	0.000001
1740.0	0.000001
1745.0	0.000000
1750.0	0.000000
1755.0	0.000000
1760.0	0.000000
1765.0	0.000000
1770.0	0.000000
1775.0	0.000000
1780.0	0.000000
1785.0	0.000000
1790.0	0.000000
1795.0	0.000000
1800.0	0.000000
1805.0	0.000002
1810.0	0.000004
1815.0	0.000006
1820.0	0.000008
1825.0	0.000009
1830.0	0.000010
1835.0	0.000009
1840.0	0.000008
1845.0	0.000005
1850.0	0.000000
1855.0	0.000000
1860.0	0.000000
1865.0	0.000000
1870.0	0.000000
1875.0	0.000000
1880.0	0.000000
1885.0	0.000000
1890.0	0.000000
1895.0	0.000000
1900.0	0.000000
1905.0	0.000024
1910.0	0.000052
1915.0	0.000080
1920.0	0.000106
1925.0	0.000125
1930.0	0.000133
1935.0	0.000129
1940.0	0.000107
1945.0	0.000066
1950.0	0.000000
1955.0	0.000000
1960.0	0.000000
1965.0	0.000000
1970.0	0.000000
1975.0	0.000000
1980.0	0.000000
1985.0	0.000000
1990.0	0.000000
1995.0	0.000000
2000.0	0.000000
2005.0	0.000341
2010.0	0.000766
2015.0	0.001256
2020.0	0.001794
2025.0	0.002362
2030.0	0.002942
2035.0	0.003515
2040.0	0.004065
2045.0	0.004572
2050.0	0.005020
2055.0	0.005396
2060.0	0.005710
2065.0	0.005980
2070.0	0.006222
2075.0	0.006453
2080.0	0.006691
2085.0	0.006950
2090.0	0.007249
2095.0	0.007604
2100.0	0.008032
2105.0	0.008544
2110.0	0.009126
2115.0	0.009759
2120.0	0.010426
2125.0	0.011106
2130.0	0.011782
2135.0	0.012434
2140.0	0.013042
2145.0	0.013590
2150.0	0.014056
2155.0	0.014428
2160.0	0.014712
2165.0	0.014917
2170.0	0.015054
2175.0	0.015135
2180.0	0.015170
2185.0	0.015169
2190.0	0.015143
2195.0	0.015104
2200.0	0.015060
2205.0	0.015022
2210.0	0.014992
2215.0	0.014970
2220.0	0.014955
2225.0	0.014950
2230.0	0.014953
2235.0	0.014965
2240.0	0.014987
2245.0	0.015018
2250.0	0.015060
2255.0	0.015113
2260.0	0.015176
2265.0	0.015249
2270.0	0.015333
2275.0	0.015428
2280.0	0.015534
2285.0	0.015650
2290.0	0.015777
2295.0	0.015915
2300.0	0.016064
2305.0	0.016222
2310.0	0.016378
2315.0	0.016520
2320.0	0.016635
2325.0	0.016711
2330.0	0.016736
2335.0	0.016695
2340.0	0.016579
2345.0	0.016372
2350.0	0.016064
2355.0	0.015650
2360.0	0.015160
2365.0	0.014631
2370.0	0.014102
2375.0	0.013610
2380.0	0.013195
2385.0	0.012893
2390.0	0.012744
2395.0	0.012784
2400.0	0.013052
2405.0	0.013572
2410.0	0.014309
2415.0	0.015213
2420.0	0.016235
2425.0	0.017326
2430.0	0.018437
2435.0	0.019518
2440.0	0.020520
2445.0	0.021393
2450.0	0.022088
2455.0	0.022570
2460.0	0.022858
2465.0	0.022984
2470.0	0.022982
2475.0	0.022883
2480.0	0.022720
2485.0	0.022527
2490.0	0.022335
2495.0	0.022178
2500.0	0.022088
2505.0	0.022091
2510.0	0.022178
2515.0	0.022334
2520.0	0.022545
2525.0	0.022795
2530.0	0.023069
2535.0	0.023351
2540.0	0.023627
2545.0	0.023880
2550.0	0.024096
2555.0	0.024270
2560.0	0.024431
2565.0	0.024620
2570.0	0.024877
2575.0	0.025244
2580.0	0.025760
2585.0	0.026465
2590.0	0.027400
2595.0	0.028605
2600.0	0.030120
2605.0	0.031968
2610.0	0.034092
2615.0	0.036420
2620.0	0.038877
2625.0	0.041390
2630.0	0.043884
2635.0	0.046287
2640.0	0.048525
2645.0	0.050523
2650.0	0.052209
2655.0	0.053526
2660.0	0.054494
2665.0	0.055152
2670.0	0.055536
2675.0	0.055684
2680.0	0.055635
2685.0	0.055425
2690.0	0.055094
2695.0	0.054679
2700.0	0.054217
2705.0	0.053741
2710.0	0.053264
2715.0	0.052791
2720.0	0.052331
2725.0	0.051889
2730.0	0.051473
2735.0	0.051089
2740.0	0.050744
2745.0	0.050446
2750.0	0.050201
2755.0	0.050013
2760.0	0.049881
2765.0	0.049798
2770.0	0.049760
2775.0	0.049763
2780.0	0.049800
2785.0	0.049867
2790.0	0.049960
2795.0	0.050073
2800.0	0.050201
2805.0	0.050352
2810.0	0.050587
2815.0	0.050978
2820.0	0.051600
2825.0	0.052524
2830.0	0.053825
2835.0	0.055576
2840.0	0.057849
2845.0	0.060718
2850.0	0.064257
2855.0	0.068502
2860.0	0.073346
2865.0	0.078646
2870.0	0.084259
2875.0	0.090040
2880.0	0.095847
2885.0	0.101537
2890.0	0.106965
2895.0	0.111989
2900.0	0.116466
2905.0	0.120280
2910.0	0.123434
2915.0	0.125957
2920.0	0.127880
2925.0	0.129233
2930.0	0.130047
2935.0	0.130352
2940.0	0.130177
2945.0	0.129555
2950.0	0.128514
2955.0	0.127100
2960.0	0.125417
2965.0	0.123583
2970.0	0.121716
2975.0	0.119935
2980.0	0.118359
2985.0	0.117105
2990.0	0.116293
2995.0	0.116040
3000.0	0.116466
3005.0	0.117651
3010.0	0.119526
3015.0	0.121984
3020.0	0.124920
3025.0	0.128226
3030.0	0.131796
3035.0	0.135523
3040.0	0.139302
3045.0	0.143025
3050.0	0.146586
3055.0	0.149900
3060.0	0.152963
3065.0	0.155795
3070.0	0.158413
3075.0	0.160837
3080.0	0.163085
3085.0	0.165175
3090.0	0.167125
3095.0	0.168955
3100.0	0.170683
3105.0	0.172327
3110.0	0.173908
3115.0	0.175446
3120.0	0.176962
3125.0	0.178476
3130.0	0.180010
3135.0	0.181583
3140.0	0.183217
3145.0	0.184931
3150.0	0.186747
3155.0	0.188681
3160.0	0.190732
3165.0	0.192897
3170.0	0.195170
3175.0	0.197547
3180.0	0.200025
3185.0	0.202597
3190.0	0.205261
3195.0	0.208011
3200.0	0.210843
3205.0	0.213756
3210.0	0.216755
3215.0	0.219850
3220.0	0.223050
3225.0	0.226365
3230.0	0.229804
3235.0	0.233375
3240.0	0.237089
3245.0	0.240954
3250.0	0.244980
3255.0	0.249155
3260.0	0.253382
3265.0	0.257546
3270.0	0.261530
3275.0	0.265216
3280.0	0.268488
3285.0	0.271229
3290.0	0.273323
3295.0	0.274652
3300.0	0.275100
3305.0	0.274600
3310.0	0.273283
3315.0	0.271329
3320.0	0.268920
3325.0	0.266236
3330.0	0.263458
3335.0	0.260766
3340.0	0.258342
3345.0	0.256367
3350.0	0.255020
3355.0	0.254437
3360.0	0.254563
3365.0	0.255298
3370.0	0.256542
3375.0	0.258195
3380.0	0.260156
3385.0	0.262325
3390.0	0.264601
3395.0	0.266885
3400.0	0.269076
3405.0	0.271096
3410.0	0.272957
3415.0	0.274691
3420.0	0.276334
3425.0	0.277918
3430.0	0.279477
3435.0	0.281046
3440.0	0.282658
3445.0	0.284346
3450.0	0.286145
3455.0	0.288076
3460.0	0.290117
3465.0	0.292233
3470.0	0.294389
3475.0	0.296550
3480.0	0.298682
3485.0	0.300750
3490.0	0.302720
3495.0	0.304556
3500.0	0.306225
3505.0	0.307692
3510.0	0.275057
3515.0	0.273485
3520.0	0.266152
3525.0	0.270314
3530.0	0.298799
3535.0	0.310015
3540.0	0.311809
3545.0	0.307557
3550.0	0.271941
3555.0	0.264038
3560.0	0.258830
3565.0	0.252906
3570.0	0.253464
3575.0	0.249345
3580.0	0.211242
3585.0	0.214390
3590.0	0.245874
3595.0	0.287826
3600.0	0.308112
3605.0	0.296150
3610.0	0.262394
3615.0	0.259806
3620.0	0.282937
3625.0	0.306438
3630.0	0.305349
3635.0	0.321471
3640.0	0.336555
3645.0	0.315043
3650.0	0.318908
3655.0	0.381258
3660.0	0.416198
3665.0	0.403470
3670.0	0.391418
3675.0	0.378927
3680.0	0.352543
3685.0	0.357672
3690.0	0.366308
3695.0	0.395366
3700.0	0.413132
3705.0	0.385142
3710.0	0.380801
3715.0	0.389275
3720.0	0.349027
3725.0	0.342421
3730.0	0.324818
3735.0	0.296154
3740.0	0.292595
3745.0	0.276034
3750.0	0.281170
3755.0	0.315936
3760.0	0.322982
3765.0	0.342670
3770.0	0.369388
3775.0	0.405543
3780.0	0.419075
3785.0	0.383807
3790.0	0.334551
3795.0	0.306964
3800.0	0.315221
3805.0	0.335598
3810.0	0.325272
3815.0	0.275391
3820.0	0.224419
3825.0	0.195517
3830.0	0.193469
3835.0	0.201727
3840.0	0.210615
3845.0	0.233861
3850.0	0.235949
3855.0	0.225579
3860.0	0.204508
3865.0	0.200379
3870.0	0.201534
3875.0	0.219617
3880.0	0.247802
3885.0	0.300428
3890.0	0.360302
3895.0	0.404637
3900.0	0.408056
3905.0	0.404832
3910.0	0.414237
3915.0	0.410964
3920.0	0.374161
3925.0	0.302811
3930.0	0.217556
3935.0	0.182281
3940.0	0.225040
3945.0	0.299202
3950.0	0.371318
3955.0	0.405296
3960.0	0.365575
3965.0	0.261377
3970.0	0.219738
3975.0	0.308014
3980.0	0.427207
3985.0	0.505023
3990.0	0.553658
3995.0	0.578524
4000.0	0.600161
4005.0	0.607764
4010.0	0.624800
4015.0	0.650422
4020.0	0.665298
4025.0	0.661467
4030.0	0.637285
4035.0	0.641491
4040.0	0.646741
4045.0	0.626108
4050.0	0.629736
4055.0	0.611040
4060.0	0.591861
4065.0	0.587827
4070.0	0.597953
4075.0	0.597557
4080.0	0.618827
4085.0	0.673006
4090.0	0.700083
4095.0	0.672582
4100.0	0.638286
4105.0	0.643256
4110.0	0.660798
4115.0	0.667024
4120.0	0.659370
4125.0	0.642211
4130.0	0.620928
4135.0	0.625091
4140.0	0.615778
4145.0	0.592107
4150.0	0.579125
4155.0	0.585123
4160.0	0.608107
4165.0	0.608101
4170.0	0.591241
4175.0	0.563552
4180.0	0.563115
4185.0	0.588199
4190.0	0.601966
4195.0	0.588608
4200.0	0.581228
4205.0	0.611877
4210.0	0.644158
4215.0	0.663012
4220.0	0.679128
4225.0	0.635144
4230.0	0.645538
4235.0	0.656371
4240.0	0.672947
4245.0	0.695216
4250.0	0.691718
4255.0	0.683491
4260.0	0.679722
4265.0	0.691200
4270.0	0.669965
4275.0	0.665881
4280.0	0.669750
4285.0	0.652692
4290.0	0.640769
4295.0	0.611249
4300.0	0.546074
4305.0	0.487646
4310.0	0.502863
4315.0	0.650385
4320.0	0.748469
4325.0	0.741922
4330.0	0.757284
4335.0	0.758540
4340.0	0.742256
4345.0	0.778347
4350.0	0.787072
4355.0	0.794888
4360.0	0.828760
4365.0	0.845194
4370.0	0.823922
4375.0	0.788761
4380.0	0.738935
4385.0	0.685843
4390.0	0.702908
4395.0	0.746523
4400.0	0.772438
4405.0	0.763135
4410.0	0.788147
4415.0	0.809854
4420.0	0.827589
4425.0	0.828889
4430.0	0.816600
4435.0	0.812356
4440.0	0.833954
4445.0	0.861404
4450.0	0.872266
4455.0	0.830084
4460.0	0.793186
4465.0	0.819285
4470.0	0.863423
4475.0	0.911753
4480.0	0.931945
4485.0	0.933227
4490.0	0.910177
4495.0	0.894277
4500.0	0.925862
4505.0	0.972753
4510.0	0.991352
4515.0	0.983352
4520.0	0.951847
4525.0	0.889066
4530.0	0.849982
4535.0	0.866566
4540.0	0.893119
4545.0	0.891082
4550.0	0.890767
4555.0	0.914840
4560.0	0.935753
4565.0	0.934358
4570.0	0.943222
4575.0	0.942974
4580.0	0.925234
4585.0	0.930206
4590.0	0.926807
4595.0	0.914150
4600.0	0.920504
4605.0	0.953406
4610.0	0.991327
4615.0	1.000545
4620.0	1.015103
4625.0	1.024043
4630.0	1.015628
4635.0	0.984477
4640.0	0.954781
4645.0	0.920869
4650.0	0.924938
4655.0	0.952280
4660.0	0.974644
4665.0	0.931176
4670.0	0.912309
4675.0	0.926495
4680.0	0.949506
4685.0	0.964580
4690.0	0.959064
4695.0	0.955260
4700.0	0.936237
4705.0	0.918605
4710.0	0.922030
4715.0	0.959656
4720.0	0.985230
4725.0	0.973157
4730.0	0.945753
4735.0	0.960462
4740.0	0.984439
4745.0	1.012620
4750.0	1.018719
4755.0	1.011838
4760.0	1.005253
4765.0	0.971828
4770.0	0.971535
4775.0	1.008544
4780.0	1.034159
4785.0	1.021264
4790.0	1.006154
4795.0	1.008974
4800.0	1.020275
4805.0	1.021759
4810.0	1.021037
4815.0	1.045599
4820.0	1.054231
4825.0	1.030554
4830.0	1.010391
4835.0	1.017553
4840.0	1.009217
4845.0	1.018482
4850.0	1.002818
4855.0	0.939533
4860.0	0.873853
4865.0	0.887198
4870.0	0.912807
4875.0	0.947511
4880.0	0.976305
4885.0	0.950241
4890.0	0.953424
4895.0	1.012291
4900.0	1.036458
4905.0	1.036590
4910.0	1.001152
4915.0	0.984895
4920.0	0.939363
4925.0	0.975673
4930.0	1.014933
4935.0	0.984733
4940.0	0.981909
4945.0	1.032324
4950.0	1.060069
4955.0	1.041028
4960.0	1.025396
4965.0	1.022481
4970.0	1.014604
4975.0	1.018847
4980.0	0.986166
4985.0	0.971182
4990.0	0.982044
4995.0	0.985668
5000.0	0.972451
5005.0	0.946048
5010.0	0.936088
5015.0	0.910453
5020.0	0.917750
5025.0	0.945451
5030.0	0.968992
5035.0	0.963924
5040.0	0.935191
5045.0	0.963211
5050.0	0.983845
5055.0	1.013891
5060.0	1.037703
5065.0	1.010093
5070.0	0.987258
5075.0	0.973351
5080.0	0.949386
5085.0	0.977463
5090.0	1.011367
5095.0	1.010362
5100.0	0.980044
5105.0	0.976757
5110.0	0.975899
5115.0	1.009992
5120.0	1.005786
5125.0	0.956561
5130.0	0.951896
5135.0	0.960114
5140.0	0.947934
5145.0	0.942261
5150.0	0.941433
5155.0	0.962122
5160.0	0.962998
5165.0	0.866233
5170.0	0.818576
5175.0	0.892929
5180.0	0.927515
5185.0	0.897346
5190.0	0.911933
5195.0	0.928426
5200.0	0.956817
5205.0	0.941198
5210.0	0.948096
5215.0	0.968232
5220.0	0.965538
5225.0	0.930590
5230.0	0.933624
5235.0	0.974590
5240.0	1.005435
5245.0	0.996619
5250.0	0.974037
5255.0	0.981816
5260.0	0.962256
5265.0	0.878623
5270.0	0.855613
5275.0	0.912222
5280.0	0.975014
5285.0	1.014452
5290.0	1.041944
5295.0	1.002497
5300.0	0.985788
5305.0	1.027083
5310.0	1.052680
5315.0	1.048735
5320.0	1.016663
5325.0	0.963412
5330.0	0.954190
5335.0	0.987837
5340.0	0.997303
5345.0	1.008968
5350.0	1.022167
5355.0	1.064769
5360.0	1.064177
5365.0	1.020448
5370.0	0.988838
5375.0	1.020776
5380.0	1.031334
5385.0	1.026967
5390.0	0.998468
5395.0	0.971860
5400.0	0.957440
5405.0	0.943976
5410.0	0.961617
5415.0	1.004136
5420.0	1.013351
5425.0	1.009363
5430.0	0.984348
5435.0	0.980994
5440.0	1.015616
5445.0	1.005692
5450.0	1.020625
5455.0	1.016645
5460.0	1.030724
5465.0	1.017403
5470.0	1.004420
5475.0	0.976597
5480.0	0.967755
5485.0	0.988534
5490.0	0.999487
5495.0	1.013583
5500.0	1.012060
5505.0	0.999004
5510.0	0.986861
5515.0	0.998194
5520.0	1.024096
5525.0	1.010776
5530.0	1.003373
5535.0	1.003244
5540.0	1.013508
5545.0	1.020459
5550.0	1.039521
5555.0	1.028970
5560.0	1.018076
5565.0	1.002208
5570.0	0.994598
5575.0	1.002843
5580.0	1.005378
5585.0	0.971449
5590.0	0.948058
5595.0	0.965309
5600.0	0.971231
5605.0	1.002997
5610.0	1.030538
5615.0	0.996907
5620.0	0.989737
5625.0	0.992071
5630.0	1.009204
5635.0	1.003570
5640.0	0.993945
5645.0	1.001606
5650.0	1.002277
5655.0	0.977817
5660.0	0.955584
5665.0	0.973906
5670.0	1.001103
5675.0	1.021468
5680.0	1.016488
5685.0	0.998123
5690.0	0.994656
5695.0	0.993005
5700.0	0.974387
5705.0	0.953851
5710.0	0.940321
5715.0	0.978975
5720.0	1.015135
5725.0	1.033997
5730.0	1.029047
5735.0	1.033223
5740.0	1.029468
5745.0	1.017197
5750.0	1.003736
5755.0	0.993798
5760.0	0.991702
5765.0	1.009496
5770.0	1.025619
5775.0	1.016714
5780.0	0.981560
5785.0	0.961674
5790.0	0.979292
5795.0	0.996596
5800.0	1.014247
5805.0	1.008200
5810.0	1.010052
5815.0	1.018154
5820.0	1.039518
5825.0	1.052066
5830.0	1.051403
5835.0	1.042645
5840.0	1.046432
5845.0	1.035940
5850.0	1.016356
5855.0	0.995680
5860.0	0.996798
5865.0	1.016847
5870.0	1.037915
5875.0	1.041014
5880.0	1.023181
5885.0	0.980385
5890.0	0.912150
5895.0	0.913181
5900.0	0.951287
5905.0	0.983957
5910.0	1.004218
5915.0	1.003295
5920.0	1.009120
5925.0	1.008787
5930.0	1.005609
5935.0	1.010400
5940.0	1.010858
5945.0	1.001509
5950.0	0.992049
5955.0	0.993192
5960.0	1.007247
5965.0	1.013786
5970.0	1.017073
5975.0	1.001474
5980.0	0.994421
5985.0	0.981783
5990.0	0.987917
5995.0	0.998571
6000.0	0.992179
6005.0	0.977278
6010.0	0.971576
6015.0	0.968702
6020.0	0.968568
6025.0	0.981230
6030.0	0.995494
6035.0	1.005417
6040.0	1.006303
6045.0	1.014791
6050.0	1.010912
6055.0	0.998432
6060.0	0.995764
6065.0	0.992857
6070.0	1.004206
6075.0	0.995279
6080.0	0.975092
6085.0	0.971764
6090.0	0.972562
6095.0	0.973729
6100.0	0.966667
6105.0	0.970982
6110.0	0.984840
6115.0	0.982567
6120.0	0.968727
6125.0	0.970268
6130.0	0.969055
6135.0	0.940620
6140.0	0.946081
6145.0	0.964498
6150.0	0.965980
6155.0	0.956510
6160.0	0.931846
6165.0	0.926419
6170.0	0.939393
6175.0	0.956529
6180.0	0.972679
6185.0	0.967283
6190.0	0.954278
6195.0	0.968308
6200.0	0.979084
6205.0	0.987200
6210.0	0.975218
6215.0	0.952803
6220.0	0.944975
6225.0	0.947140
6230.0	0.939643
6235.0	0.952749
6240.0	0.946326
6245.0	0.937858
6250.0	0.934414
6255.0	0.915408
6260.0	0.932505
6265.0	0.948389
6270.0	0.958969
6275.0	0.947925
6280.0	0.930949
6285.0	0.953830
6290.0	0.960361
6295.0	0.945487
6300.0	0.931085
6305.0	0.946070
6310.0	0.946163
6315.0	0.921777
6320.0	0.922351
6325.0	0.948565
6330.0	0.957277
6335.0	0.944399
6340.0	0.941691
6345.0	0.946600
6350.0	0.955020
6355.0	0.941219
6360.0	0.925117
6365.0	0.937488
6370.0	0.958769
6375.0	0.961130
6380.0	0.959472
6385.0	0.962645
6390.0	0.955778
6395.0	0.950827
6400.0	0.943524
6405.0	0.945081
6410.0	0.940723
6415.0	0.941316
6420.0	0.935296
6425.0	0.949397
6430.0	0.948877
6435.0	0.947015
6440.0	0.946820
6445.0	0.947206
6450.0	0.931606
6455.0	0.934864
6460.0	0.932879
6465.0	0.935891
6470.0	0.937819
6475.0	0.939049
6480.0	0.935831
6485.0	0.938418
6490.0	0.917942
6495.0	0.873321
6500.0	0.901835
6505.0	0.935994
6510.0	0.955272
6515.0	0.948023
6520.0	0.944933
6525.0	0.950726
6530.0	0.945326
6535.0	0.950577
6540.0	0.952478
6545.0	0.944649
6550.0	0.931222
6555.0	0.898671
6560.0	0.825436
6565.0	0.852240
6570.0	0.895730
6575.0	0.910571
6580.0	0.930090
6585.0	0.935867
6590.0	0.929752
6595.0	0.922183
6600.0	0.932604
6605.0	0.928166
6610.0	0.928933
6615.0	0.944425
6620.0	0.948912
6625.0	0.943634
6630.0	0.927806
6635.0	0.920410
6640.0	0.920052
6645.0	0.924263
6650.0	0.934282
6655.0	0.937683
6660.0	0.925717
6665.0	0.917976
6670.0	0.926799
6675.0	0.921906
6680.0	0.925289
6685.0	0.934610
6690.0	0.933157
6695.0	0.922489
6700.0	0.914907
6705.0	0.912624
6710.0	0.910404
6715.0	0.901271
6720.0	0.908889
6725.0	0.914230
6730.0	0.915936
6735.0	0.911622
6740.0	0.906847
6745.0	0.903730
6750.0	0.904528
6755.0	0.912871
6760.0	0.920885
6765.0	0.914384
6770.0	0.906172
6775.0	0.917887
6780.0	0.918879
6785.0	0.908538
6790.0	0.909798
6795.0	0.907107
6800.0	0.909083
6805.0	0.903995
6810.0	0.901414
6815.0	0.905079
6820.0	0.905976
6825.0	0.909214
6830.0	0.907323
6835.0	0.898926
6840.0	0.895770
6845.0	0.900520
6850.0	0.905284
6855.0	0.902169
6860.0	0.902635
6865.0	0.906724
6870.0	0.903714
6875.0	0.896505
6880.0	0.897369
6885.0	0.902106
6890.0	0.908783
6895.0	0.909810
6900.0	0.908669
6905.0	0.905901
6910.0	0.900920
6915.0	0.895822
6920.0	0.898034
6925.0	0.894797
6930.0	0.894839
6935.0	0.893429
6940.0	0.889991
6945.0	0.884146
6950.0	0.882165
6955.0	0.881865
6960.0	0.887590
6965.0	0.892439
6970.0	0.891471
6975.0	0.859514
6980.0	0.848041
6985.0	0.862291
6990.0	0.868372
6995.0	0.868052
7000.0	0.860002
7005.0	0.858094
7010.0	0.860669
7015.0	0.843462
7020.0	0.845279
7025.0	0.842846
7030.0	0.854750
7035.0	0.859769
7040.0	0.864167
7045.0	0.872697
7050.0	0.870709
7055.0	0.862626
7060.0	0.862570
7065.0	0.861211
7070.0	0.864116
7075.0	0.875362
7080.0	0.875591
7085.0	0.859208
7090.0	0.853020
7095.0	0.861457
7100.0	0.864597
7105.0	0.855486
7110.0	0.843639
7115.0	0.847897
7120.0	0.844686
7125.0	0.844233
7130.0	0.839178
7135.0	0.848880
7140.0	0.856595
7145.0	0.845434
7150.0	0.841131
7155.0	0.847566
7160.0	0.846842
7165.0	0.834102
7170.0	0.839883
7175.0	0.834080
7180.0	0.821128
7185.0	0.807277
7190.0	0.805634
7195.0	0.814400
7200.0	0.819598
7205.0	0.819152
7210.0	0.826122
7215.0	0.837894
7220.0	0.836766
7225.0	0.834614
7230.0	0.835540
7235.0	0.829388
7240.0	0.826891
7245.0	0.831407
7250.0	0.834713
7255.0	0.837441
7260.0	0.830638
7265.0	0.835228
7270.0	0.835079
7275.0	0.820447
7280.0	0.817890
7285.0	0.810709
7290.0	0.799614
7295.0	0.813884
7300.0	0.816044
7305.0	0.812243
7310.0	0.816466
7315.0	0.824987
7320.0	0.823114
7325.0	0.816160
7330.0	0.816115
7335.0	0.821286
7340.0	0.829370
7345.0	0.825757
7350.0	0.818506
7355.0	0.809654
7360.0	0.812886
7365.0	0.816887
7370.0	0.822387
7375.0	0.825222
7380.0	0.820741
7385.0	0.801214
7390.0	0.792165
7395.0	0.804233
7400.0	0.807592
7405.0	0.807790
7410.0	0.795220
7415.0	0.791265
7420.0	0.792614
7425.0	0.817818
7430.0	0.826288
7435.0	0.824675
7440.0	0.813107
7445.0	0.803827
7450.0	0.808430
7455.0	0.816981
7460.0	0.812670
7465.0	0.819678
7470.0	0.820451
7475.0	0.811479
7480.0	0.806869
7485.0	0.806558
7490.0	0.804176
7495.0	0.797403
7500.0	0.803898
7505.0	0.799631
7510.0	0.794601
7515.0	0.802740
7520.0	0.806522
7525.0	0.803141
7530.0	0.804731
7535.0	0.811452
7540.0	0.811829
7545.0	0.807516
7550.0	0.806372
7555.0	0.803164
7560.0	0.803934
7565.0	0.804816
7570.0	0.803363
7575.0	0.805991
7580.0	0.806265
7585.0	0.800576
7590.0	0.796809
7595.0	0.788320
7600.0	0.777546
7605.0	0.771761
7610.0	0.775121
7615.0	0.773108
7620.0	0.770599
7625.0	0.777995
7630.0	0.783738
7635.0	0.783895
7640.0	0.782635
7645.0	0.783873
7650.0	0.782550
7655.0	0.780211
7660.0	0.774124
7665.0	0.777185
7670.0	0.785940
7675.0	0.786949
7680.0	0.786746
7685.0	0.788902
7690.0	0.788635
7695.0	0.785235
7700.0	0.783198
7705.0	0.779537
7710.0	0.769244
7715.0	0.763809
7720.0	0.768675
7725.0	0.770826
7730.0	0.774329
7735.0	0.778495
7740.0	0.775127
7745.0	0.757486
7750.0	0.751729
7755.0	0.769641
7760.0	0.779031
7765.0	0.782752
7770.0	0.775372
7775.0	0.767150
7780.0	0.760342
7785.0	0.763538
7790.0	0.768130
7795.0	0.769859
7800.0	0.767282
7805.0	0.766002
7810.0	0.763765
7815.0	0.771466
7820.0	0.775566
7825.0	0.776147
7830.0	0.767453
7835.0	0.758718
7840.0	0.763518
7845.0	0.762411
7850.0	0.760626
7855.0	0.763381
7860.0	0.768471
7865.0	0.764764
7870.0	0.757214
7875.0	0.748731
7880.0	0.742329
7885.0	0.748179
7890.0	0.746267
7895.0	0.736311
7900.0	0.733785
7905.0	0.733859
7910.0	0.724754
7915.0	0.718728
7920.0	0.719707
7925.0	0.723114
7930.0	0.722177
7935.0	0.718388
7940.0	0.715518
7945.0	0.716228
7950.0	0.725299
7955.0	0.729966
7960.0	0.734133
7965.0	0.738228
7970.0	0.740371
7975.0	0.741992
7980.0	0.742439
7985.0	0.741013
7990.0	0.740324
7995.0	0.729937
8000.0	0.724034
8005.0	0.729477
8010.0	0.733078
8015.0	0.739038
8020.0	0.736490
8025.0	0.723996
8030.0	0.723295
8035.0	0.734803
8040.0	0.734411
8045.0	0.719165
8050.0	0.716137
8055.0	0.727712
8060.0	0.732828
8065.0	0.730900
8070.0	0.719728
8075.0	0.714204
8080.0	0.711462
8085.0	0.708890
8090.0	0.704143
8095.0	0.697271
8100.0	0.699574
8105.0	0.700178
8110.0	0.702311
8115.0	0.702498
8120.0	0.706517
8125.0	0.708097
8130.0	0.705556
8135.0	0.704152
8140.0	0.696964
8145.0	0.691311
8150.0	0.692294
8155.0	0.698234
8160.0	0.694989
8165.0	0.689463
8170.0	0.684148
8175.0	0.679663
8180.0	0.678535
8185.0	0.679180
8190.0	0.677007
8195.0	0.664849
8200.0	0.673676
8205.0	0.688587
8210.0	0.694868
8215.0	0.700260
8220.0	0.696459
8225.0	0.680378
8230.0	0.670112
8235.0	0.682925
8240.0	0.691751
8245.0	0.701500
8250.0	0.705390
8255.0	0.700625
8260.0	0.703377
8265.0	0.704623
8270.0	0.698858
8275.0	0.683440
8280.0	0.682190
8285.0	0.678380
8290.0	0.676546
8295.0	0.680425
8300.0	0.680715
8305.0	0.680093
8310.0	0.680390
8315.0	0.683910
8320.0	0.681787
8325.0	0.676004
8330.0	0.667987
8335.0	0.667640
8340.0	0.671382
8345.0	0.674628
8350.0	0.681614
8355.0	0.686112
8360.0	0.687678
8365.0	0.686058
8370.0	0.687020
8375.0	0.684416
8380.0	0.679806
8385.0	0.667768
8390.0	0.674088
8395.0	0.685090
8400.0	0.686346
8405.0	0.687072
8410.0	0.683117
8415.0	0.680796
8420.0	0.675743
8425.0	0.671519
8430.0	0.676818
8435.0	0.667629
8440.0	0.668325
8445.0	0.674022
8450.0	0.682526
8455.0	0.689753
8460.0	0.689193
8465.0	0.681318
8470.0	0.676559
8475.0	0.682294
8480.0	0.686636
8485.0	0.685163
8490.0	0.670545
8495.0	0.610986
8500.0	0.601883
8505.0	0.638646
8510.0	0.652430
8515.0	0.647924
8520.0	0.651451
8525.0	0.647708
8530.0	0.638427
8535.0	0.601181
8540.0	0.523481
8545.0	0.519421
8550.0	0.567219
8555.0	0.610794
8560.0	0.644188
8565.0	0.659128
8570.0	0.652957
8575.0	0.650186
8580.0	0.648179
8585.0	0.646808
8590.0	0.647377
8595.0	0.641698
8600.0	0.644966
8605.0	0.649010
8610.0	0.649737
8615.0	0.651996
8620.0	0.652015
8625.0	0.658522
8630.0	0.665033
8635.0	0.668371
8640.0	0.668816
8645.0	0.658323
8650.0	0.646087
8655.0	0.623499
8660.0	0.555594
8665.0	0.543272
8670.0	0.575287
8675.0	0.606361
8680.0	0.638557
8685.0	0.642656
8690.0	0.645081
8695.0	0.667850
8700.0	0.653405
8705.0	0.662755
8710.0	0.662510
8715.0	0.668934
8720.0	0.674415
8725.0	0.668284
8730.0	0.663627
8735.0	0.664471
8740.0	0.661670
8745.0	0.657322
8750.0	0.647402
8755.0	0.641166
8760.0	0.641410
8765.0	0.639872
8770.0	0.634375
8775.0	0.640662
8780.0	0.646280
8785.0	0.644385
8790.0	0.635168
8795.0	0.636811
8800.0	0.636527
8805.0	0.622693
8810.0	0.641192
8815.0	0.654400
8820.0	0.648946
8825.0	0.647028
8830.0	0.654784
8835.0	0.649072
8840.0	0.645922
8845.0	0.652926
8850.0	0.651429
8855.0	0.643916
8860.0	0.629601
8865.0	0.621417
8870.0	0.630093
8875.0	0.626388
8880.0	0.623801
8885.0	0.630280
8890.0	0.631298
8895.0	0.632949
8900.0	0.638569
8905.0	0.640504
8910.0	0.639531
8915.0	0.631824
8920.0	0.628663
8925.0	0.626007
8930.0	0.629156
8935.0	0.629113
8940.0	0.625604
8945.0	0.619293
8950.0	0.625114
8955.0	0.625439
8960.0	0.627261
8965.0	0.622969
8970.0	0.624231
8975.0	0.620951
8980.0	0.620249
8985.0	0.615701
8990.0	0.612174
8995.0	0.617387
9000.0	0.612014
9005.0	0.606617
9010.0	0.598199
9015.0	0.591956
9020.0	0.597065
9025.0	0.595883
9030.0	0.603831
9035.0	0.607164
9040.0	0.605282
9045.0	0.602781
9050.0	0.598727
9055.0	0.599675
9060.0	0.595898
9065.0	0.594433
9070.0	0.589549
9075.0	0.588120
9080.0	0.578339
9085.0	0.578588
9090.0	0.572392
9095.0	0.572979
9100.0	0.571062
9105.0	0.574022
9110.0	0.573227
9115.0	0.571248
9120.0	0.572271
9125.0	0.577759
9130.0	0.572514
9135.0	0.566944
9140.0	0.565206
9145.0	0.562674
9150.0	0.560230
9155.0	0.558633
9160.0	0.567575
9165.0	0.567016
9170.0	0.559668
9175.0	0.560550
9180.0	0.564332
9185.0	0.563555
9190.0	0.562742
9195.0	0.559524
9200.0	0.561221
9205.0	0.558403
9210.0	0.558329
9215.0	0.559859
9220.0	0.565585
9225.0	0.566440
9230.0	0.562438
9235.0	0.553003
9240.0	0.547612
9245.0	0.539998
9250.0	0.539950
9255.0	0.537092
9260.0	0.544131
9265.0	0.552110
9270.0	0.557108
9275.0	0.557871
9280.0	0.558894
9285.0	0.565705
9290.0	0.568147
9295.0	0.573645
9300.0	0.576423
9305.0	0.574295
9310.0	0.565685
9315.0	0.551018
9320.0	0.547766
9325.0	0.546773
9330.0	0.552664
9335.0	0.549827
9340.0	0.536497
9345.0	0.538907
9350.0	0.550477
9355.0	0.532783
9360.0	0.542198
9365.0	0.547891
9370.0	0.547453
9375.0	0.555008
9380.0	0.552144
9385.0	0.560593
9390.0	0.576583
9395.0	0.588701
9400.0	0.583901
9405.0	0.580286
9410.0	0.570294
9415.0	0.562705
9420.0	0.557640
9425.0	0.537793
9430.0	0.531722
9435.0	0.530554
9440.0	0.515381
9445.0	0.528177
9450.0	0.545195
9455.0	0.537812
9460.0	0.540002
9465.0	0.553381
9470.0	0.547539
9475.0	0.540583
9480.0	0.535256
9485.0	0.546977
9490.0	0.549309
9495.0	0.529946
9500.0	0.526862
9505.0	0.547400
9510.0	0.559826
9515.0	0.548103
9520.0	0.550149
9525.0	0.556338
9530.0	0.560197
9535.0	0.562523
9540.0	0.556015
9545.0	0.543548
9550.0	0.546945
9555.0	0.537021
9560.0	0.531030
9565.0	0.512745
9570.0	0.513131
9575.0	0.520757
9580.0	0.517459
9585.0	0.523096
9590.0	0.518443
9595.0	0.527689
9600.0	0.527435
9605.0	0.525647
9610.0	0.528996
9615.0	0.533508
9620.0	0.529836
9625.0	0.532818
9630.0	0.533674
9635.0	0.527564
9640.0	0.521914
9645.0	0.526979
9650.0	0.522281
9655.0	0.519019
9660.0	0.509700
9665.0	0.508659
9670.0	0.507577
9675.0	0.502428
9680.0	0.505461
9685.0	0.503135
9690.0	0.505753
9695.0	0.510960
9700.0	0.506088
9705.0	0.508839
9710.0	0.519501
9715.0	0.518714
9720.0	0.522460
9725.0	0.520434
9730.0	0.521910
9735.0	0.512646
9740.0	0.512081
9745.0	0.505045
9750.0	0.509214
9755.0	0.504316
9760.0	0.507022
9765.0	0.509227
9770.0	0.507400
9775.0	0.503730
9780.0	0.507880
9785.0	0.500828
9790.0	0.511090
9795.0	0.516989
9800.0	0.519311
9805.0	0.515077
9810.0	0.511629
9815.0	0.509664
9820.0	0.508160
9825.0	0.512351
9830.0	0.512284
9835.0	0.518403
9840.0	0.510728
9845.0	0.506108
9850.0	0.500868
9855.0	0.504296
9860.0	0.510642
9865.0	0.514937
9870.0	0.506983
9875.0	0.498569
9880.0	0.490795
9885.0	0.504825
9890.0	0.496658
9895.0	0.506733
9900.0	0.509291
9905.0	0.513323
9910.0	0.512376
9915.0	0.498381
9920.0	0.506167
9925.0	0.503819
9930.0	0.509848
9935.0	0.507003
9940.0	0.501140
9945.0	0.501521
9950.0	0.498920
9955.0	0.529455
9960.0	0.503809
9965.0	0.496888
9970.0	0.506635
9975.0	0.497598
9980.0	0.505889
9985.0	0.502622
9990.0	0.501421
9995.0	0.506387
10000.0	0.499274
10005.0	0.496133
10010.0	0.494171
10015.0	0.501746
10020.0	0.518343
10025.0	0.498968
10030.0	0.486407
10035.0	0.479885
10040.0	0.498466
10045.0	0.488795
10050.0	0.495713
10055.0	0.491550
10060.0	0.492256
10065.0	0.502304
10070.0	0.479523
10075.0	0.490185
10080.0	0.497279
10085.0	0.492099
10090.0	0.498252
10095.0	0.479929
10100.0	0.479046
10105.0	0.491676
10110.0	0.514306
10115.0	0.502517
10120.0	0.491553
10125.0	0.500836
10130.0	0.486651
10135.0	0.487424
10140.0	0.468096
10145.0	0.480602
10150.0	0.485944
10155.0	0.485425
10160.0	0.484860
10165.0	0.484260
10170.0	0.483634
10175.0	0.482993
10180.0	0.482347
10185.0	0.481707
10190.0	0.481082
10195.0	0.480483
10200.0	0.479920
10205.0	0.479400
10210.0	0.478921
10215.0	0.478478
10220.0	0.478065
10225.0	0.477675
10230.0	0.477305
10235.0	0.476948
10240.0	0.476599
10245.0	0.476253
10250.0	0.475904
10255.0	0.475547
10260.0	0.475181
10265.0	0.474806
10270.0	0.474421
10275.0	0.474026
10280.0	0.473621
10285.0	0.473205
10290.0	0.472777
10295.0	0.472339
10300.0	0.471888
10305.0	0.471424
10310.0	0.470950
10315.0	0.470465
10320.0	0.469971
10325.0	0.469468
10330.0	0.468958
10335.0	0.468442
10340.0	0.467921
10345.0	0.467396
10350.0	0.466867
10355.0	0.466337
10360.0	0.465807
10365.0	0.465280
10370.0	0.464757
10375.0	0.464241
10380.0	0.463735
10385.0	0.463240
10390.0	0.462759
10395.0	0.462294
10400.0	0.461847
10405.0	0.461421
10410.0	0.461010
10415.0	0.460613
10420.0	0.460223
10425.0	0.459838
10430.0	0.459453
10435.0	0.459064
10440.0	0.458667
10445.0	0.458257
10450.0	0.457831
10455.0	0.457386
10460.0	0.456922
10465.0	0.456442
10470.0	0.455948
10475.0	0.455442
10480.0	0.454927
10485.0	0.454404
10490.0	0.453875
10495.0	0.453344
10500.0	0.452811
10505.0	0.452279
10510.0	0.451749
10515.0	0.451219
10520.0	0.450691
10525.0	0.450164
10530.0	0.449638
10535.0	0.449113
10540.0	0.448589
10545.0	0.448066
10550.0	0.447544
10555.0	0.447024
10560.0	0.446505
10565.0	0.445986
10570.0	0.445469
10575.0	0.444953
10580.0	0.444438
10585.0	0.443925
10590.0	0.443412
10595.0	0.442900
10600.0	0.442390
10605.0	0.441880
10610.0	0.441372
10615.0	0.440865
10620.0	0.440359
