#-- rg5v
#\*l[Angstrom]	F(\*l)/F(555.6Angstrom]
1150.0	0.003386
1155.0	0.002432
1160.0	0.001234
1165.0	0.000788
1170.0	0.000876
1175.0	0.000854
1180.0	0.000425
1185.0	0.000363
1190.0	0.000084
1195.0	0.001137
1200.0	0.004133
1205.0	0.028503
1210.0	0.078916
1215.0	0.091386
1220.0	0.041003
1225.0	0.005986
1230.0	0.000716
1235.0	0.000489
1240.0	0.000501
1245.0	0.000393
1250.0	0.000239
1255.0	0.000134
1260.0	0.000150
1265.0	0.000146
1270.0	0.000153
1275.0	0.000239
1280.0	0.000307
1285.0	0.000254
1290.0	0.000172
1295.0	0.000196
1300.0	0.000443
1305.0	0.000597
1310.0	0.000253
1315.0	0.000122
1320.0	0.000101
1325.0	0.000150
1330.0	0.000373
1335.0	0.000748
1340.0	0.000264
1345.0	0.000058
1350.0	0.000012
1355.0	0.000129
1360.0	0.000183
1365.0	0.000164
1370.0	0.000119
1375.0	0.000146
1380.0	0.000120
1385.0	0.000108
1390.0	0.000246
1395.0	0.000419
1400.0	0.000359
1405.0	0.000395
1410.0	0.000236
1415.0	0.000127
1420.0	0.000131
1425.0	0.000217
1430.0	0.000283
1435.0	0.000181
1440.0	0.000215
1445.0	0.000314
1450.0	0.000347
1455.0	0.000303
1460.0	0.000162
1465.0	0.000277
1470.0	0.000431
1475.0	0.000299
1480.0	0.000225
1485.0	0.000465
1490.0	0.000517
1495.0	0.000489
1500.0	0.000363
1505.0	0.000296
1510.0	0.000391
1515.0	0.000333
1520.0	0.000339
1525.0	0.000348
1530.0	0.000600
1535.0	0.000558
1540.0	0.000435
1545.0	0.001056
1550.0	0.001258
1555.0	0.000509
1560.0	0.000327
1565.0	0.000350
1570.0	0.000270
1575.0	0.000374
1580.0	0.000420
1585.0	0.000343
1590.0	0.000230
1595.0	0.000259
1600.0	0.000348
1605.0	0.000345
1610.0	0.000275
1615.0	0.000287
1620.0	0.000277
1625.0	0.000394
1630.0	0.000517
1635.0	0.000660
1640.0	0.000762
1645.0	0.000427
1650.0	0.000485
1655.0	0.000945
1660.0	0.000961
1665.0	0.000576
1670.0	0.000500
1675.0	0.000432
1680.0	0.000463
1685.0	0.000480
1690.0	0.000540
1695.0	0.000595
1700.0	0.000674
1705.0	0.000734
1710.0	0.000682
1715.0	0.000723
1720.0	0.000671
1725.0	0.000670
1730.0	0.000736
1735.0	0.000797
1740.0	0.000838
1745.0	0.000910
1750.0	0.001019
1755.0	0.001114
1760.0	0.001126
1765.0	0.001075
1770.0	0.001178
1775.0	0.001218
1780.0	0.001202
1785.0	0.001131
1790.0	0.000837
1795.0	0.001170
1800.0	0.001414
1805.0	0.001839
1810.0	0.002190
1815.0	0.002583
1820.0	0.002529
1825.0	0.001884
1830.0	0.001742
1835.0	0.001819
1840.0	0.001781
1845.0	0.001607
1850.0	0.001666
1855.0	0.001801
1860.0	0.001895
1865.0	0.002163
1870.0	0.002445
1875.0	0.002317
1880.0	0.002398
1885.0	0.002460
1890.0	0.002629
1895.0	0.002650
1900.0	0.002619
1905.0	0.002650
1910.0	0.002730
1915.0	0.002821
1920.0	0.002909
1925.0	0.002862
1930.0	0.002571
1935.0	0.002692
1940.0	0.003305
1945.0	0.003664
1950.0	0.004489
1955.0	0.008526
1960.0	0.006307
1965.0	0.005917
1970.0	0.008694
1975.0	0.006101
1980.0	0.007434
1985.0	0.007610
1990.0	0.005268
1995.0	0.009817
2000.0	0.008977
2005.0	0.007119
2010.0	0.005476
2015.0	0.006159
2020.0	0.008399
2025.0	0.006360
2030.0	0.005854
2035.0	0.008801
2040.0	0.011189
2045.0	0.011544
2050.0	0.012756
2055.0	0.008982
2060.0	0.009672
2065.0	0.010517
2070.0	0.013435
2075.0	0.013418
2080.0	0.013108
2085.0	0.013256
2090.0	0.009770
2095.0	0.011903
2100.0	0.018507
2105.0	0.020693
2110.0	0.014922
2115.0	0.018359
2120.0	0.021511
2125.0	0.016434
2130.0	0.014465
2135.0	0.017537
2140.0	0.020113
2145.0	0.018565
2150.0	0.021147
2155.0	0.023041
2160.0	0.019227
2165.0	0.018464
2170.0	0.013554
2175.0	0.015007
2180.0	0.019166
2185.0	0.028026
2190.0	0.033004
2195.0	0.033598
2200.0	0.029709
2205.0	0.023371
2210.0	0.020642
2215.0	0.020171
2220.0	0.025212
2225.0	0.026920
2230.0	0.022857
2235.0	0.025955
2240.0	0.028616
2245.0	0.032965
2250.0	0.032376
2255.0	0.026305
2260.0	0.022601
2265.0	0.020451
2270.0	0.021761
2275.0	0.019190
2280.0	0.026324
2285.0	0.026785
2290.0	0.023385
2295.0	0.026388
2300.0	0.027974
2305.0	0.031936
2310.0	0.032693
2315.0	0.030139
2320.0	0.028291
2325.0	0.034974
2330.0	0.032393
2335.0	0.026424
2340.0	0.026576
2345.0	0.023913
2350.0	0.024197
2355.0	0.027670
2360.0	0.029896
2365.0	0.032778
2370.0	0.037670
2375.0	0.037540
2380.0	0.029221
2385.0	0.024895
2390.0	0.026098
2395.0	0.026897
2400.0	0.020325
2405.0	0.023121
2410.0	0.022248
2415.0	0.024908
2420.0	0.033207
2425.0	0.037874
2430.0	0.032948
2435.0	0.032080
2440.0	0.034034
2445.0	0.032431
2450.0	0.030967
2455.0	0.035821
2460.0	0.031469
2465.0	0.028116
2470.0	0.029488
2475.0	0.029409
2480.0	0.025906
2485.0	0.021923
2490.0	0.024502
2495.0	0.029453
2500.0	0.034347
2505.0	0.033009
2510.0	0.030658
2515.0	0.029257
2520.0	0.028990
2525.0	0.028660
2530.0	0.032699
2535.0	0.031460
2540.0	0.031762
2545.0	0.034534
2550.0	0.037384
2555.0	0.039710
2560.0	0.044977
2565.0	0.053830
2570.0	0.051889
2575.0	0.046883
2580.0	0.056277
2585.0	0.061710
2590.0	0.060299
2595.0	0.055097
2600.0	0.052459
2605.0	0.052687
2610.0	0.051075
2615.0	0.052387
2620.0	0.053126
2625.0	0.056049
2630.0	0.060523
2635.0	0.076681
2640.0	0.101154
2645.0	0.108174
2650.0	0.104751
2655.0	0.111304
2660.0	0.116292
2665.0	0.110502
2670.0	0.110242
2675.0	0.112677
2680.0	0.112362
2685.0	0.107777
2690.0	0.105758
2695.0	0.107947
2700.0	0.120456
2705.0	0.119606
2710.0	0.112691
2715.0	0.102452
2720.0	0.086735
2725.0	0.087631
2730.0	0.099248
2735.0	0.091256
2740.0	0.069914
2745.0	0.065188
2750.0	0.069989
2755.0	0.084190
2760.0	0.100493
2765.0	0.110414
2770.0	0.113408
2775.0	0.110549
2780.0	0.093481
2785.0	0.077256
2790.0	0.067773
2795.0	0.061573
2800.0	0.059310
2805.0	0.062927
2810.0	0.079994
2815.0	0.113465
2820.0	0.128644
2825.0	0.137018
2830.0	0.147558
2835.0	0.146842
2840.0	0.132913
2845.0	0.113446
2850.0	0.088133
2855.0	0.087334
2860.0	0.124779
2865.0	0.154245
2870.0	0.161761
2875.0	0.158707
2880.0	0.143122
2885.0	0.154251
2890.0	0.186831
2895.0	0.222036
2900.0	0.265604
2905.0	0.294514
2910.0	0.298259
2915.0	0.284907
2920.0	0.257356
2925.0	0.246612
2930.0	0.256434
2935.0	0.254571
2940.0	0.238128
2945.0	0.232933
2950.0	0.238386
2955.0	0.261427
2960.0	0.262299
2965.0	0.236709
2970.0	0.215031
2975.0	0.238911
2980.0	0.234699
2985.0	0.201381
2990.0	0.216512
2995.0	0.213190
3000.0	0.192364
3005.0	0.186111
3010.0	0.198393
3015.0	0.205163
3020.0	0.197293
3025.0	0.225995
3030.0	0.266395
3035.0	0.269042
3040.0	0.256655
3045.0	0.260510
3050.0	0.270472
3055.0	0.258566
3060.0	0.244171
3065.0	0.255186
3070.0	0.269582
3075.0	0.275997
3080.0	0.280212
3085.0	0.274211
3090.0	0.259278
3095.0	0.244303
3100.0	0.261771
3105.0	0.320750
3110.0	0.346896
3115.0	0.311096
3120.0	0.298821
3125.0	0.315384
3130.0	0.336131
3135.0	0.348017
3140.0	0.335313
3145.0	0.297349
3150.0	0.319066
3155.0	0.306723
3160.0	0.297297
3165.0	0.322289
3170.0	0.356085
3175.0	0.367040
3180.0	0.340077
3185.0	0.322233
3190.0	0.333569
3195.0	0.338242
3200.0	0.363456
3205.0	0.358271
3210.0	0.342532
3215.0	0.333722
3220.0	0.324144
3225.0	0.305903
3230.0	0.295484
3235.0	0.308798
3240.0	0.335091
3245.0	0.359030
3250.0	0.373646
3255.0	0.378941
3260.0	0.394462
3265.0	0.432880
3270.0	0.459840
3275.0	0.444781
3280.0	0.419366
3285.0	0.420060
3290.0	0.440326
3295.0	0.463297
3300.0	0.473794
3305.0	0.462555
3310.0	0.442312
3315.0	0.428370
3320.0	0.424352
3325.0	0.429107
3330.0	0.434080
3335.0	0.433016
3340.0	0.436258
3345.0	0.451435
3350.0	0.458702
3355.0	0.439255
3360.0	0.405923
3365.0	0.377268
3370.0	0.363140
3375.0	0.368656
3380.0	0.388703
3385.0	0.414908
3390.0	0.436099
3395.0	0.443752
3400.0	0.442751
3405.0	0.439970
3410.0	0.436850
3415.0	0.434242
3420.0	0.436070
3425.0	0.442870
3430.0	0.438560
3435.0	0.410882
3440.0	0.379512
3445.0	0.366921
3450.0	0.374830
3455.0	0.396294
3460.0	0.410476
3465.0	0.401744
3470.0	0.389195
3475.0	0.392443
3480.0	0.398443
3485.0	0.393226
3490.0	0.391791
3495.0	0.410228
3500.0	0.440031
3505.0	0.466228
3510.0	0.443919
3515.0	0.436798
3520.0	0.417986
3525.0	0.396676
3530.0	0.425207
3535.0	0.459852
3540.0	0.485281
3545.0	0.496494
3550.0	0.489268
3555.0	0.460079
3560.0	0.441912
3565.0	0.399839
3570.0	0.355083
3575.0	0.345535
3580.0	0.305764
3585.0	0.294387
3590.0	0.361844
3595.0	0.409368
3600.0	0.499935
3605.0	0.468861
3610.0	0.403912
3615.0	0.389581
3620.0	0.406666
3625.0	0.475811
3630.0	0.496136
3635.0	0.491714
3640.0	0.507072
3645.0	0.467681
3650.0	0.469424
3655.0	0.555228
3660.0	0.623284
3665.0	0.619967
3670.0	0.598351
3675.0	0.584963
3680.0	0.551807
3685.0	0.535219
3690.0	0.552884
3695.0	0.599460
3700.0	0.614595
3705.0	0.557175
3710.0	0.534859
3715.0	0.558225
3720.0	0.500110
3725.0	0.495489
3730.0	0.485933
3735.0	0.418467
3740.0	0.410400
3745.0	0.386812
3750.0	0.393918
3755.0	0.478254
3760.0	0.492990
3765.0	0.496993
3770.0	0.534862
3775.0	0.616213
3780.0	0.664232
3785.0	0.624889
3790.0	0.538700
3795.0	0.486991
3800.0	0.497327
3805.0	0.565027
3810.0	0.570412
3815.0	0.482475
3820.0	0.387659
3825.0	0.323335
3830.0	0.293654
3835.0	0.290795
3840.0	0.330812
3845.0	0.426016
3850.0	0.471050
3855.0	0.435897
3860.0	0.395687
3865.0	0.416820
3870.0	0.420893
3875.0	0.438920
3880.0	0.442725
3885.0	0.443890
3890.0	0.477450
3895.0	0.539971
3900.0	0.559374
3905.0	0.561707
3910.0	0.598657
3915.0	0.612527
3920.0	0.556227
3925.0	0.453237
3930.0	0.325640
3935.0	0.273634
3940.0	0.349232
3945.0	0.472749
3950.0	0.583741
3955.0	0.613840
3960.0	0.537261
3965.0	0.373842
3970.0	0.311068
3975.0	0.454357
3980.0	0.641828
3985.0	0.738903
3990.0	0.784447
3995.0	0.805746
4000.0	0.815679
4005.0	0.815347
4010.0	0.835516
4015.0	0.866602
4020.0	0.882447
4025.0	0.871104
4030.0	0.836080
4035.0	0.841280
4040.0	0.855862
4045.0	0.804579
4050.0	0.811093
4055.0	0.806160
4060.0	0.786531
4065.0	0.772079
4070.0	0.778582
4075.0	0.795312
4080.0	0.839883
4085.0	0.907391
4090.0	0.933999
4095.0	0.865680
4100.0	0.783387
4105.0	0.809142
4110.0	0.885501
4115.0	0.923461
4120.0	0.921889
4125.0	0.906149
4130.0	0.875382
4135.0	0.878652
4140.0	0.894355
4145.0	0.873702
4150.0	0.868066
4155.0	0.870269
4160.0	0.907204
4165.0	0.925939
4170.0	0.892787
4175.0	0.852502
4180.0	0.850465
4185.0	0.852391
4190.0	0.858522
4195.0	0.839085
4200.0	0.811912
4205.0	0.865586
4210.0	0.922375
4215.0	0.927063
4220.0	0.897654
4225.0	0.808015
4230.0	0.798774
4235.0	0.828455
4240.0	0.857798
4245.0	0.876001
4250.0	0.847625
4255.0	0.836750
4260.0	0.833158
4265.0	0.850019
4270.0	0.818131
4275.0	0.807722
4280.0	0.839235
4285.0	0.827908
4290.0	0.795050
4295.0	0.749277
4300.0	0.659970
4305.0	0.597066
4310.0	0.620945
4315.0	0.804622
4320.0	0.935720
4325.0	0.894499
4330.0	0.891082
4335.0	0.878661
4340.0	0.828131
4345.0	0.871891
4350.0	0.919622
4355.0	0.938734
4360.0	0.974561
4365.0	1.005103
4370.0	0.983663
4375.0	0.936202
4380.0	0.878509
4385.0	0.810770
4390.0	0.847131
4395.0	0.912785
4400.0	0.935017
4405.0	0.907967
4410.0	0.933784
4415.0	0.972122
4420.0	1.006897
4425.0	1.016255
4430.0	1.008956
4435.0	0.995590
4440.0	1.011327
4445.0	1.032799
4450.0	1.039411
4455.0	0.971482
4460.0	0.931213
4465.0	0.971187
4470.0	1.028964
4475.0	1.070888
4480.0	1.060575
4485.0	1.068564
4490.0	1.065783
4495.0	1.064919
4500.0	1.090642
4505.0	1.130206
4510.0	1.143901
4515.0	1.120624
4520.0	1.097466
4525.0	1.032716
4530.0	0.976644
4535.0	1.012805
4540.0	1.059964
4545.0	1.051277
4550.0	1.034926
4555.0	1.064177
4560.0	1.101925
4565.0	1.096893
4570.0	1.101879
4575.0	1.101136
4580.0	1.069553
4585.0	1.058441
4590.0	1.068638
4595.0	1.056649
4600.0	1.048652
4605.0	1.081296
4610.0	1.110187
4615.0	1.110034
4620.0	1.112058
4625.0	1.113430
4630.0	1.115411
4635.0	1.089379
4640.0	1.065788
4645.0	1.040892
4650.0	1.035655
4655.0	1.068243
4660.0	1.088225
4665.0	1.033445
4670.0	1.011306
4675.0	1.051662
4680.0	1.056576
4685.0	1.065729
4690.0	1.063713
4695.0	1.052884
4700.0	1.018911
4705.0	0.995100
4710.0	1.018682
4715.0	1.067490
4720.0	1.105747
4725.0	1.090945
4730.0	1.045016
4735.0	1.052586
4740.0	1.079803
4745.0	1.102739
4750.0	1.100343
4755.0	1.078957
4760.0	1.069410
4765.0	1.042921
4770.0	1.056829
4775.0	1.105277
4780.0	1.126738
4785.0	1.092262
4790.0	1.085610
4795.0	1.112529
4800.0	1.112436
4805.0	1.094646
4810.0	1.091887
4815.0	1.113889
4820.0	1.119158
4825.0	1.098239
4830.0	1.079269
4835.0	1.067225
4840.0	1.065764
4845.0	1.080593
4850.0	1.067765
4855.0	0.976188
4860.0	0.866911
4865.0	0.883829
4870.0	0.951819
4875.0	0.996730
4880.0	1.034629
4885.0	1.008260
4890.0	0.977046
4895.0	1.048096
4900.0	1.100681
4905.0	1.085255
4910.0	1.053984
4915.0	1.021395
4920.0	0.977442
4925.0	1.012790
4930.0	1.077983
4935.0	1.053847
4940.0	1.036505
4945.0	1.080756
4950.0	1.096320
4955.0	1.065411
4960.0	1.044713
4965.0	1.070483
4970.0	1.072849
4975.0	1.070918
4980.0	1.028583
4985.0	1.002234
4990.0	1.045261
4995.0	1.056362
5000.0	1.018133
5005.0	0.975981
5010.0	0.978406
5015.0	0.972853
5020.0	0.982332
5025.0	1.013850
5030.0	1.039542
5035.0	1.026498
5040.0	0.984189
5045.0	0.992618
5050.0	1.030134
5055.0	1.061155
5060.0	1.084550
5065.0	1.057051
5070.0	1.021578
5075.0	1.003786
5080.0	0.989305
5085.0	1.019933
5090.0	1.061635
5095.0	1.047305
5100.0	1.007049
5105.0	1.013136
5110.0	1.022536
5115.0	1.046059
5120.0	1.043367
5125.0	1.010102
5130.0	0.997687
5135.0	0.992943
5140.0	0.971426
5145.0	0.968790
5150.0	0.988361
5155.0	1.014024
5160.0	0.999836
5165.0	0.881284
5170.0	0.776847
5175.0	0.826410
5180.0	0.901550
5185.0	0.881220
5190.0	0.911487
5195.0	0.955528
5200.0	0.989231
5205.0	0.977781
5210.0	0.966074
5215.0	0.994032
5220.0	1.007886
5225.0	0.969037
5230.0	0.945547
5235.0	0.989146
5240.0	1.041377
5245.0	1.044170
5250.0	1.026836
5255.0	1.033670
5260.0	1.011122
5265.0	0.908917
5270.0	0.862388
5275.0	0.925568
5280.0	1.003729
5285.0	1.036742
5290.0	1.069643
5295.0	1.041056
5300.0	1.008576
5305.0	1.045028
5310.0	1.081462
5315.0	1.075796
5320.0	1.042208
5325.0	0.977307
5330.0	0.954939
5335.0	1.009486
5340.0	1.023106
5345.0	1.020702
5350.0	1.036628
5355.0	1.075087
5360.0	1.083403
5365.0	1.028564
5370.0	0.980582
5375.0	1.007168
5380.0	1.039037
5385.0	1.039405
5390.0	1.023122
5395.0	0.991685
5400.0	0.975085
5405.0	0.951906
5410.0	0.959988
5415.0	1.002810
5420.0	1.022797
5425.0	1.009205
5430.0	0.994503
5435.0	1.000446
5440.0	1.030317
5445.0	1.021768
5450.0	1.011508
5455.0	1.013888
5460.0	1.019947
5465.0	1.020858
5470.0	1.024570
5475.0	0.999220
5480.0	0.981175
5485.0	1.010080
5490.0	1.028607
5495.0	1.027019
5500.0	1.018136
5505.0	1.014917
5510.0	1.017036
5515.0	1.018106
5520.0	1.023466
5525.0	1.015861
5530.0	0.999880
5535.0	1.009392
5540.0	1.023986
5545.0	1.030642
5550.0	1.038051
5555.0	1.029990
5560.0	1.014804
5565.0	0.995186
5570.0	0.977626
5575.0	0.986800
5580.0	1.002331
5585.0	0.974314
5590.0	0.936087
5595.0	0.947649
5600.0	0.964157
5605.0	0.994740
5610.0	1.028725
5615.0	0.996341
5620.0	0.968156
5625.0	0.984407
5630.0	1.002551
5635.0	1.000631
5640.0	0.982578
5645.0	0.995999
5650.0	1.005085
5655.0	0.978024
5660.0	0.953174
5665.0	0.969101
5670.0	0.997525
5675.0	1.009490
5680.0	1.000441
5685.0	0.978311
5690.0	0.971772
5695.0	0.984609
5700.0	0.985194
5705.0	0.955839
5710.0	0.934174
5715.0	0.962873
5720.0	1.009889
5725.0	1.018909
5730.0	1.014217
5735.0	1.011345
5740.0	1.013367
5745.0	1.007526
5750.0	0.992818
5755.0	0.982747
5760.0	0.990028
5765.0	0.998708
5770.0	1.007136
5775.0	0.999017
5780.0	0.981790
5785.0	0.957887
5790.0	0.968262
5795.0	0.989079
5800.0	1.003177
5805.0	0.995680
5810.0	0.988063
5815.0	0.994531
5820.0	1.008587
5825.0	1.016389
5830.0	1.014141
5835.0	1.012558
5840.0	1.014366
5845.0	1.014513
5850.0	0.998608
5855.0	0.978748
5860.0	0.968893
5865.0	0.984840
5870.0	1.005531
5875.0	1.010549
5880.0	0.993468
5885.0	0.946577
5890.0	0.871401
5895.0	0.859721
5900.0	0.924391
5905.0	0.974171
5910.0	0.987895
5915.0	0.983830
5920.0	0.984721
5925.0	0.987907
5930.0	0.979895
5935.0	0.980882
5940.0	0.981324
5945.0	0.973188
5950.0	0.970598
5955.0	0.971840
5960.0	0.979554
5965.0	0.984579
5970.0	0.987413
5975.0	0.976512
5980.0	0.962829
5985.0	0.957358
5990.0	0.965124
5995.0	0.970875
6000.0	0.962218
6005.0	0.951807
6010.0	0.948689
6015.0	0.940559
6020.0	0.927782
6025.0	0.937785
6030.0	0.965605
6035.0	0.973783
6040.0	0.970407
6045.0	0.971711
6050.0	0.972599
6055.0	0.962640
6060.0	0.964362
6065.0	0.964966
6070.0	0.969685
6075.0	0.962608
6080.0	0.948538
6085.0	0.948939
6090.0	0.946020
6095.0	0.945058
6100.0	0.931814
6105.0	0.932799
6110.0	0.949164
6115.0	0.947348
6120.0	0.927155
6125.0	0.928187
6130.0	0.936212
6135.0	0.912259
6140.0	0.905379
6145.0	0.926331
6150.0	0.937508
6155.0	0.921710
6160.0	0.886833
6165.0	0.876161
6170.0	0.894655
6175.0	0.917374
6180.0	0.932294
6185.0	0.929665
6190.0	0.916399
6195.0	0.926976
6200.0	0.942980
6205.0	0.947643
6210.0	0.944499
6215.0	0.925605
6220.0	0.916249
6225.0	0.919369
6230.0	0.906092
6235.0	0.907729
6240.0	0.913083
6245.0	0.903208
6250.0	0.900833
6255.0	0.892202
6260.0	0.894785
6265.0	0.904361
6270.0	0.917361
6275.0	0.907461
6280.0	0.890820
6285.0	0.907190
6290.0	0.922933
6295.0	0.909919
6300.0	0.890837
6305.0	0.896869
6310.0	0.910418
6315.0	0.887213
6320.0	0.876283
6325.0	0.901922
6330.0	0.913574
6335.0	0.897875
6340.0	0.887344
6345.0	0.900209
6350.0	0.911458
6355.0	0.900043
6360.0	0.883401
6365.0	0.888200
6370.0	0.906055
6375.0	0.912146
6380.0	0.908535
6385.0	0.907260
6390.0	0.906161
6395.0	0.890955
6400.0	0.880086
6405.0	0.882201
6410.0	0.880152
6415.0	0.880050
6420.0	0.881645
6425.0	0.889884
6430.0	0.895072
6435.0	0.892927
6440.0	0.889794
6445.0	0.895764
6450.0	0.884921
6455.0	0.882311
6460.0	0.879637
6465.0	0.873730
6470.0	0.880143
6475.0	0.880001
6480.0	0.882032
6485.0	0.886080
6490.0	0.873164
6495.0	0.836758
6500.0	0.846049
6505.0	0.883897
6510.0	0.901495
6515.0	0.891387
6520.0	0.883953
6525.0	0.887767
6530.0	0.887077
6535.0	0.888235
6540.0	0.888585
6545.0	0.883145
6550.0	0.862166
6555.0	0.814347
6560.0	0.734704
6565.0	0.725905
6570.0	0.810398
6575.0	0.850006
6580.0	0.863834
6585.0	0.867202
6590.0	0.862911
6595.0	0.858548
6600.0	0.872488
6605.0	0.875178
6610.0	0.871171
6615.0	0.879010
6620.0	0.883313
6625.0	0.878761
6630.0	0.866894
6635.0	0.852291
6640.0	0.852352
6645.0	0.858486
6650.0	0.865578
6655.0	0.866181
6660.0	0.858135
6665.0	0.851819
6670.0	0.859019
6675.0	0.856034
6680.0	0.851857
6685.0	0.862958
6690.0	0.869401
6695.0	0.859030
6700.0	0.850760
6705.0	0.846003
6710.0	0.843558
6715.0	0.833898
6720.0	0.832672
6725.0	0.843272
6730.0	0.846539
6735.0	0.845089
6740.0	0.841703
6745.0	0.835191
6750.0	0.833472
6755.0	0.838405
6760.0	0.845063
6765.0	0.842188
6770.0	0.831442
6775.0	0.833530
6780.0	0.839576
6785.0	0.834203
6790.0	0.832760
6795.0	0.830030
6800.0	0.831309
6805.0	0.831057
6810.0	0.828934
6815.0	0.828348
6820.0	0.828284
6825.0	0.829871
6830.0	0.826472
6835.0	0.821364
6840.0	0.816539
6845.0	0.815587
6850.0	0.814636
6855.0	0.813684
6860.0	0.812732
6865.0	0.811780
6870.0	0.810829
6875.0	0.809877
6880.0	0.808925
6885.0	0.807973
6890.0	0.807021
6895.0	0.806070
6900.0	0.805118
6905.0	0.804166
6910.0	0.803214
6915.0	0.802263
6920.0	0.801311
6925.0	0.800359
6930.0	0.799407
6935.0	0.798455
6940.0	0.797504
6945.0	0.796552
6950.0	0.795600
6955.0	0.794648
6960.0	0.793697
6965.0	0.792745
6970.0	0.791793
6975.0	0.794649
6980.0	0.779114
6985.0	0.792381
6990.0	0.799056
6995.0	0.801494
7000.0	0.794149
7005.0	0.780428
7010.0	0.781764
7015.0	0.776016
7020.0	0.771672
7025.0	0.774148
7030.0	0.783398
7035.0	0.782363
7040.0	0.786231
7045.0	0.794045
7050.0	0.794639
7055.0	0.789289
7060.0	0.783860
7065.0	0.779315
7070.0	0.780167
7075.0	0.789883
7080.0	0.789396
7085.0	0.776976
7090.0	0.770495
7095.0	0.774505
7100.0	0.783834
7105.0	0.787220
7110.0	0.777465
7115.0	0.778442
7120.0	0.780199
7125.0	0.777896
7130.0	0.775119
7135.0	0.781589
7140.0	0.786091
7145.0	0.777940
7150.0	0.772641
7155.0	0.777316
7160.0	0.778401
7165.0	0.766533
7170.0	0.756243
7175.0	0.745377
7180.0	0.735296
7185.0	0.717311
7190.0	0.710798
7195.0	0.715066
7200.0	0.726347
7205.0	0.731550
7210.0	0.747642
7215.0	0.765636
7220.0	0.774562
7225.0	0.773666
7230.0	0.765488
7235.0	0.747522
7240.0	0.740911
7245.0	0.742185
7250.0	0.748342
7255.0	0.744590
7260.0	0.750653
7265.0	0.744898
7270.0	0.743090
7275.0	0.733291
7280.0	0.729206
7285.0	0.728451
7290.0	0.716711
7295.0	0.720019
7300.0	0.736061
7305.0	0.733759
7310.0	0.729254
7315.0	0.732833
7320.0	0.737189
7325.0	0.738931
7330.0	0.736015
7335.0	0.741213
7340.0	0.747233
7345.0	0.744920
7350.0	0.739297
7355.0	0.732110
7360.0	0.729359
7365.0	0.726899
7370.0	0.732570
7375.0	0.739166
7380.0	0.734340
7385.0	0.718198
7390.0	0.703626
7395.0	0.714364
7400.0	0.721754
7405.0	0.718991
7410.0	0.706361
7415.0	0.702781
7420.0	0.707792
7425.0	0.715350
7430.0	0.727371
7435.0	0.727263
7440.0	0.721739
7445.0	0.710002
7450.0	0.713473
7455.0	0.719523
7460.0	0.717716
7465.0	0.721853
7470.0	0.725397
7475.0	0.721670
7480.0	0.715886
7485.0	0.717445
7490.0	0.713475
7495.0	0.707385
7500.0	0.712113
7505.0	0.706041
7510.0	0.699816
7515.0	0.708515
7520.0	0.718216
7525.0	0.709463
7530.0	0.706646
7535.0	0.711469
7540.0	0.718976
7545.0	0.715221
7550.0	0.709938
7555.0	0.709222
7560.0	0.708507
7565.0	0.707791
7570.0	0.707076
7575.0	0.706360
7580.0	0.705645
7585.0	0.704929
7590.0	0.704214
7595.0	0.703498
7600.0	0.702783
7605.0	0.702067
7610.0	0.701352
7615.0	0.700637
7620.0	0.699921
7625.0	0.699206
7630.0	0.698490
7635.0	0.697775
7640.0	0.697059
7645.0	0.696344
7650.0	0.695628
7655.0	0.694913
7660.0	0.694197
7665.0	0.693482
7670.0	0.692766
7675.0	0.692051
7680.0	0.691335
7685.0	0.690620
7690.0	0.689905
7695.0	0.689189
7700.0	0.688474
7705.0	0.687758
7710.0	0.687043
7715.0	0.686327
7720.0	0.685612
7725.0	0.684896
7730.0	0.684181
7735.0	0.688500
7740.0	0.686067
7745.0	0.671645
7750.0	0.665940
7755.0	0.676167
7760.0	0.683016
7765.0	0.683289
7770.0	0.680260
7775.0	0.674820
7780.0	0.672456
7785.0	0.673474
7790.0	0.673774
7795.0	0.670329
7800.0	0.664621
7805.0	0.664228
7810.0	0.667688
7815.0	0.673682
7820.0	0.684410
7825.0	0.680345
7830.0	0.666134
7835.0	0.661142
7840.0	0.669430
7845.0	0.672143
7850.0	0.671210
7855.0	0.672982
7860.0	0.676042
7865.0	0.671581
7870.0	0.668874
7875.0	0.665864
7880.0	0.663153
7885.0	0.665674
7890.0	0.669634
7895.0	0.661276
7900.0	0.659492
7905.0	0.661581
7910.0	0.661586
7915.0	0.654399
7920.0	0.649483
7925.0	0.648041
7930.0	0.643196
7935.0	0.637782
7940.0	0.634096
7945.0	0.632820
7950.0	0.640983
7955.0	0.648097
7960.0	0.652291
7965.0	0.652969
7970.0	0.652046
7975.0	0.651946
7980.0	0.654457
7985.0	0.653706
7990.0	0.654928
7995.0	0.644937
8000.0	0.632384
8005.0	0.637739
8010.0	0.645066
8015.0	0.652169
8020.0	0.650288
8025.0	0.640047
8030.0	0.634624
8035.0	0.643888
8040.0	0.645041
8045.0	0.630682
8050.0	0.622060
8055.0	0.634334
8060.0	0.644916
8065.0	0.643288
8070.0	0.635032
8075.0	0.635250
8080.0	0.634690
8085.0	0.631205
8090.0	0.628639
8095.0	0.623333
8100.0	0.623687
8105.0	0.626763
8110.0	0.628223
8115.0	0.624699
8120.0	0.621507
8125.0	0.623484
8130.0	0.624864
8135.0	0.619922
8140.0	0.613706
8145.0	0.611968
8150.0	0.612496
8155.0	0.611711
8160.0	0.608528
8165.0	0.603178
8170.0	0.598690
8175.0	0.597744
8180.0	0.598847
8185.0	0.599208
8190.0	0.595028
8195.0	0.585501
8200.0	0.582792
8205.0	0.596194
8210.0	0.610524
8215.0	0.609722
8220.0	0.598683
8225.0	0.587106
8230.0	0.582933
8235.0	0.590461
8240.0	0.601164
8245.0	0.605843
8250.0	0.605428
8255.0	0.603308
8260.0	0.602588
8265.0	0.604768
8270.0	0.605228
8275.0	0.600023
8280.0	0.594034
8285.0	0.592682
8290.0	0.594723
8295.0	0.597275
8300.0	0.597564
8305.0	0.594313
8310.0	0.592113
8315.0	0.594737
8320.0	0.596814
8325.0	0.593092
8330.0	0.587941
8335.0	0.586561
8340.0	0.587828
8345.0	0.589697
8350.0	0.592740
8355.0	0.597232
8360.0	0.599658
8365.0	0.597261
8370.0	0.594132
8375.0	0.594148
8380.0	0.593488
8385.0	0.588722
8390.0	0.585692
8395.0	0.589800
8400.0	0.595436
8405.0	0.596353
8410.0	0.596489
8415.0	0.595664
8420.0	0.594247
8425.0	0.594653
8430.0	0.596428
8435.0	0.582762
8440.0	0.575086
8445.0	0.582977
8450.0	0.592112
8455.0	0.599396
8460.0	0.595411
8465.0	0.589128
8470.0	0.581601
8475.0	0.584610
8480.0	0.588146
8485.0	0.592389
8490.0	0.585252
8495.0	0.539322
8500.0	0.511805
8505.0	0.549776
8510.0	0.573248
8515.0	0.568299
8520.0	0.560730
8525.0	0.562203
8530.0	0.560675
8535.0	0.539179
8540.0	0.482213
8545.0	0.457273
8550.0	0.490177
8555.0	0.522088
8560.0	0.548016
8565.0	0.563149
8570.0	0.562542
8575.0	0.559370
8580.0	0.558893
8585.0	0.557892
8590.0	0.555505
8595.0	0.549341
8600.0	0.551133
8605.0	0.554695
8610.0	0.556465
8615.0	0.555921
8620.0	0.558349
8625.0	0.563344
8630.0	0.567728
8635.0	0.569451
8640.0	0.565505
8645.0	0.562806
8650.0	0.562925
8655.0	0.552727
8660.0	0.504595
8665.0	0.469727
8670.0	0.481648
8675.0	0.509939
8680.0	0.543026
8685.0	0.547266
8690.0	0.537798
8695.0	0.545282
8700.0	0.555421
8705.0	0.551509
8710.0	0.547586
8715.0	0.543123
8720.0	0.550640
8725.0	0.552673
8730.0	0.543266
8735.0	0.534900
8740.0	0.536463
8745.0	0.545768
8750.0	0.544451
8755.0	0.543828
8760.0	0.552305
8765.0	0.557801
8770.0	0.548526
8775.0	0.550640
8780.0	0.553950
8785.0	0.543715
8790.0	0.538629
8795.0	0.535605
8800.0	0.537903
8805.0	0.509293
8810.0	0.520345
8815.0	0.543061
8820.0	0.546790
8825.0	0.555186
8830.0	0.556922
8835.0	0.551979
8840.0	0.545237
8845.0	0.544154
8850.0	0.549231
8855.0	0.546167
8860.0	0.543950
8865.0	0.533909
8870.0	0.542643
8875.0	0.543317
8880.0	0.551631
8885.0	0.563163
8890.0	0.558056
8895.0	0.548965
8900.0	0.556626
8905.0	0.556708
8910.0	0.555928
8915.0	0.557210
8920.0	0.558984
8925.0	0.544884
8930.0	0.542904
8935.0	0.538893
8940.0	0.536740
8945.0	0.537153
8950.0	0.538965
8955.0	0.540540
8960.0	0.540243
8965.0	0.536940
8970.0	0.531517
8975.0	0.525361
8980.0	0.519862
8985.0	0.516092
8990.0	0.513870
8995.0	0.512697
9000.0	0.512075
9005.0	0.511808
9010.0	0.512898
9015.0	0.516645
9020.0	0.524352
9025.0	0.536524
9030.0	0.550478
9035.0	0.562737
9040.0	0.569821
9045.0	0.569272
9050.0	0.562707
9055.0	0.552764
9060.0	0.542079
9065.0	0.532874
9070.0	0.525719
9075.0	0.520764
9080.0	0.518163
9085.0	0.517825
9090.0	0.518684
9095.0	0.519427
9100.0	0.518746
9105.0	0.515767
9110.0	0.511378
9115.0	0.506903
9120.0	0.503668
9125.0	0.502580
9130.0	0.502875
9135.0	0.503370
9140.0	0.502883
9145.0	0.500633
9150.0	0.497458
9155.0	0.494595
9160.0	0.493285
9165.0	0.494359
9170.0	0.497029
9175.0	0.500098
9180.0	0.502372
9185.0	0.502975
9190.0	0.502322
9195.0	0.501148
9200.0	0.500190
9205.0	0.499989
9210.0	0.500310
9215.0	0.500725
9220.0	0.500806
9225.0	0.500190
9230.0	0.498779
9235.0	0.496540
9240.0	0.493443
9245.0	0.489608
9250.0	0.485771
9255.0	0.482823
9260.0	0.481653
9265.0	0.482765
9270.0	0.485116
9275.0	0.487279
9280.0	0.487824
9285.0	0.485731
9290.0	0.481611
9295.0	0.476482
9300.0	0.471362
9305.0	0.467099
9310.0	0.463865
9315.0	0.461660
9320.0	0.460485
9325.0	0.460111
9330.0	0.459390
9335.0	0.456944
9340.0	0.451393
9345.0	0.442145
9350.0	0.431739
9355.0	0.423503
9360.0	0.420763
9365.0	0.425734
9370.0	0.436202
9375.0	0.448842
9380.0	0.460329
9385.0	0.468149
9390.0	0.473031
9395.0	0.476514
9400.0	0.480136
9405.0	0.484645
9410.0	0.487618
9415.0	0.485841
9420.0	0.476099
9425.0	0.456966
9430.0	0.434173
9435.0	0.415239
9440.0	0.407685
9445.0	0.416309
9450.0	0.435020
9455.0	0.455005
9460.0	0.467453
9465.0	0.466226
9470.0	0.455888
9475.0	0.443680
9480.0	0.436843
9485.0	0.440537
9490.0	0.451613
9495.0	0.464843
9500.0	0.474998
9505.0	0.478131
9510.0	0.475413
9515.0	0.469296
9520.0	0.462232
9525.0	0.456375
9530.0	0.452683
9535.0	0.451819
9540.0	0.454445
9545.0	0.460751
9550.0	0.469048
9555.0	0.477175
9560.0	0.482974
9565.0	0.484753
9570.0	0.482694
9575.0	0.477452
9580.0	0.469677
9585.0	0.460313
9590.0	0.451468
9595.0	0.445541
9600.0	0.444930
9605.0	0.450878
9610.0	0.460001
9615.0	0.467760
9620.0	0.469616
9625.0	0.462621
9630.0	0.450200
9635.0	0.437370
9640.0	0.429148
9645.0	0.429194
9650.0	0.435748
9655.0	0.445691
9660.0	0.455906
9665.0	0.463767
9670.0	0.468609
9675.0	0.470260
9680.0	0.468548
9685.0	0.463626
9690.0	0.456959
9695.0	0.450337
9700.0	0.445551
9705.0	0.443884
9710.0	0.444589
9715.0	0.446414
9720.0	0.448103
9725.0	0.448701
9730.0	0.448445
9735.0	0.447871
9740.0	0.447512
9745.0	0.447800
9750.0	0.448742
9755.0	0.450241
9760.0	0.452202
9765.0	0.454527
9770.0	0.457120
9775.0	0.459886
9780.0	0.462727
9785.0	0.465383
9790.0	0.466935
9795.0	0.466295
9800.0	0.462380
9805.0	0.454782
9810.0	0.445806
9815.0	0.438434
9820.0	0.435648
9825.0	0.439288
9830.0	0.446614
9835.0	0.453744
9840.0	0.456795
9845.0	0.453169
9850.0	0.445402
9855.0	0.437315
9860.0	0.432730
9865.0	0.434334
9870.0	0.440293
9875.0	0.447640
9880.0	0.453407
9885.0	0.455351
9890.0	0.454123
9895.0	0.451099
9900.0	0.447653
9905.0	0.444937
9910.0	0.443208
9915.0	0.442499
9920.0	0.442843
9925.0	0.444247
9930.0	0.446603
9935.0	0.449779
9940.0	0.453639
9945.0	0.457903
9950.0	0.461692
9955.0	0.463982
9960.0	0.463749
9965.0	0.460527
9970.0	0.456097
9975.0	0.452801
9980.0	0.452981
9985.0	0.458032
9990.0	0.465575
9995.0	0.472286
10000.0	0.474838
10005.0	0.471035
10010.0	0.463185
10015.0	0.454720
10020.0	0.449077
10025.0	0.448604
10030.0	0.451320
10035.0	0.454154
10040.0	0.454040
10045.0	0.448951
10050.0	0.441030
10055.0	0.433463
10060.0	0.429434
10065.0	0.431102
10070.0	0.436514
10075.0	0.442692
10080.0	0.446658
10085.0	0.446239
10090.0	0.442487
10095.0	0.437261
10100.0	0.432420
10105.0	0.429399
10110.0	0.427937
10115.0	0.427351
10120.0	0.426957
10125.0	0.426213
10130.0	0.425142
10135.0	0.423911
10140.0	0.422685
10145.0	0.421593
10150.0	0.420610
10155.0	0.419676
10160.0	0.418730
10165.0	0.417705
10170.0	0.416525
10175.0	0.415109
10180.0	0.413375
10185.0	0.411337
10190.0	0.409396
10195.0	0.408043
10200.0	0.407774
10205.0	0.408840
10210.0	0.410517
10215.0	0.411841
10220.0	0.411845
10225.0	0.409936
10230.0	0.407010
10235.0	0.404337
10240.0	0.403184
10245.0	0.404488
10250.0	0.407859
10255.0	0.412575
10260.0	0.417914
10265.0	0.423129
10270.0	0.427371
10275.0	0.429768
10280.0	0.429447
10285.0	0.426000
10290.0	0.420879
10295.0	0.416000
10300.0	0.413280
10305.0	0.413980
10310.0	0.416731
10315.0	0.419510
10320.0	0.420291
10325.0	0.417757
10330.0	0.413413
10335.0	0.409474
10340.0	0.408152
10345.0	0.410967
10350.0	0.416663
10355.0	0.423292
10360.0	0.428905
10365.0	0.432060
10370.0	0.433343
10375.0	0.433848
10380.0	0.434667
10385.0	0.436491
10390.0	0.438391
10395.0	0.439038
10400.0	0.437100
10405.0	0.431843
10410.0	0.424911
10415.0	0.418546
10420.0	0.414988
10425.0	0.415766
10430.0	0.419559
10435.0	0.424334
10440.0	0.428057
10445.0	0.429123
10450.0	0.427634
10455.0	0.424123
10460.0	0.419121
10465.0	0.413293
10470.0	0.407852
10475.0	0.404144
10480.0	0.403515
10485.0	0.406796
10490.0	0.412743
10495.0	0.419596
10500.0	0.425594
10505.0	0.429251
10510.0	0.430185
10515.0	0.428285
10520.0	0.423443
10525.0	0.415971
10530.0	0.407871
10535.0	0.401562
10540.0	0.399467
10545.0	0.403068
10550.0	0.410093
10555.0	0.417330
10560.0	0.421567
10565.0	0.420512
10570.0	0.415544
10575.0	0.408960
10580.0	0.403060
10585.0	0.399652
10590.0	0.398595
10595.0	0.399259
10600.0	0.401013
10605.0	0.403315
10610.0	0.405962
10615.0	0.408840
10620.0	0.411833
