#-- wg5v
#\*l[Angstrom]	F(\*l)/F(555.6Angstrom]
1150.0	0.004238
1155.0	0.003044
1160.0	0.001544
1165.0	0.000986
1170.0	0.001096
1175.0	0.001069
1180.0	0.000532
1185.0	0.000454
1190.0	0.000105
1195.0	0.001423
1200.0	0.005172
1205.0	0.035668
1210.0	0.098756
1215.0	0.114361
1220.0	0.051312
1225.0	0.007491
1230.0	0.000896
1235.0	0.000612
1240.0	0.000627
1245.0	0.000492
1250.0	0.000299
1255.0	0.000167
1260.0	0.000188
1265.0	0.000183
1270.0	0.000191
1275.0	0.000299
1280.0	0.000384
1285.0	0.000318
1290.0	0.000215
1295.0	0.000246
1300.0	0.000554
1305.0	0.000747
1310.0	0.000316
1315.0	0.000153
1320.0	0.000127
1325.0	0.000187
1330.0	0.000466
1335.0	0.000936
1340.0	0.000330
1345.0	0.000073
1350.0	0.000015
1355.0	0.000162
1360.0	0.000229
1365.0	0.000205
1370.0	0.000149
1375.0	0.000182
1380.0	0.000150
1385.0	0.000136
1390.0	0.000308
1395.0	0.000524
1400.0	0.000450
1405.0	0.000494
1410.0	0.000295
1415.0	0.000159
1420.0	0.000164
1425.0	0.000271
1430.0	0.000355
1435.0	0.000226
1440.0	0.000269
1445.0	0.000393
1450.0	0.000434
1455.0	0.000379
1460.0	0.000202
1465.0	0.000347
1470.0	0.000539
1475.0	0.000374
1480.0	0.000281
1485.0	0.000582
1490.0	0.000647
1495.0	0.000612
1500.0	0.000454
1505.0	0.000371
1510.0	0.000489
1515.0	0.000417
1520.0	0.000424
1525.0	0.000435
1530.0	0.000751
1535.0	0.000699
1540.0	0.000544
1545.0	0.001321
1550.0	0.001574
1555.0	0.000637
1560.0	0.000410
1565.0	0.000438
1570.0	0.000338
1575.0	0.000468
1580.0	0.000526
1585.0	0.000429
1590.0	0.000287
1595.0	0.000324
1600.0	0.000435
1605.0	0.000431
1610.0	0.000344
1615.0	0.000359
1620.0	0.000346
1625.0	0.000493
1630.0	0.000647
1635.0	0.000826
1640.0	0.000953
1645.0	0.000534
1650.0	0.000607
1655.0	0.001182
1660.0	0.001203
1665.0	0.000720
1670.0	0.000625
1675.0	0.000540
1680.0	0.000580
1685.0	0.000600
1690.0	0.000676
1695.0	0.000744
1700.0	0.000844
1705.0	0.000918
1710.0	0.000854
1715.0	0.000904
1720.0	0.000839
1725.0	0.000838
1730.0	0.000922
1735.0	0.000997
1740.0	0.001048
1745.0	0.001139
1750.0	0.001275
1755.0	0.001394
1760.0	0.001409
1765.0	0.001345
1770.0	0.001475
1775.0	0.001524
1780.0	0.001505
1785.0	0.001415
1790.0	0.001047
1795.0	0.001465
1800.0	0.001769
1805.0	0.002302
1810.0	0.002741
1815.0	0.003233
1820.0	0.003165
1825.0	0.002358
1830.0	0.002180
1835.0	0.002276
1840.0	0.002229
1845.0	0.002011
1850.0	0.002085
1855.0	0.002254
1860.0	0.002371
1865.0	0.002707
1870.0	0.003060
1875.0	0.002899
1880.0	0.003001
1885.0	0.003078
1890.0	0.003290
1895.0	0.003316
1900.0	0.003277
1905.0	0.003317
1910.0	0.003416
1915.0	0.003530
1920.0	0.003640
1925.0	0.003581
1930.0	0.003218
1935.0	0.003369
1940.0	0.004136
1945.0	0.004585
1950.0	0.005618
1955.0	0.010669
1960.0	0.007893
1965.0	0.007405
1970.0	0.010879
1975.0	0.007635
1980.0	0.009303
1985.0	0.009524
1990.0	0.006593
1995.0	0.012285
2000.0	0.011234
2005.0	0.008908
2010.0	0.006852
2015.0	0.007707
2020.0	0.010511
2025.0	0.007959
2030.0	0.007326
2035.0	0.011014
2040.0	0.014003
2045.0	0.014446
2050.0	0.015963
2055.0	0.011241
2060.0	0.012103
2065.0	0.013161
2070.0	0.016813
2075.0	0.016792
2080.0	0.016403
2085.0	0.016589
2090.0	0.012226
2095.0	0.014896
2100.0	0.023160
2105.0	0.025896
2110.0	0.018673
2115.0	0.022975
2120.0	0.026919
2125.0	0.020566
2130.0	0.018102
2135.0	0.021946
2140.0	0.025170
2145.0	0.023233
2150.0	0.026463
2155.0	0.028834
2160.0	0.024060
2165.0	0.023106
2170.0	0.016961
2175.0	0.018780
2180.0	0.023985
2185.0	0.035072
2190.0	0.041302
2195.0	0.042045
2200.0	0.037178
2205.0	0.029247
2210.0	0.025832
2215.0	0.025242
2220.0	0.031550
2225.0	0.033687
2230.0	0.028604
2235.0	0.032480
2240.0	0.035811
2245.0	0.041252
2250.0	0.040515
2255.0	0.032918
2260.0	0.028284
2265.0	0.025593
2270.0	0.027231
2275.0	0.024015
2280.0	0.032942
2285.0	0.033519
2290.0	0.029264
2295.0	0.033022
2300.0	0.035007
2305.0	0.039965
2310.0	0.040913
2315.0	0.037716
2320.0	0.035404
2325.0	0.043767
2330.0	0.040537
2335.0	0.033068
2340.0	0.033257
2345.0	0.029925
2350.0	0.030281
2355.0	0.034626
2360.0	0.037413
2365.0	0.041019
2370.0	0.047141
2375.0	0.046978
2380.0	0.036567
2385.0	0.031153
2390.0	0.032660
2395.0	0.033659
2400.0	0.025435
2405.0	0.028934
2410.0	0.027841
2415.0	0.031170
2420.0	0.041556
2425.0	0.047396
2430.0	0.041232
2435.0	0.040146
2440.0	0.042590
2445.0	0.040584
2450.0	0.038752
2455.0	0.044827
2460.0	0.039381
2465.0	0.035184
2470.0	0.036902
2475.0	0.036803
2480.0	0.032418
2485.0	0.027434
2490.0	0.030662
2495.0	0.036858
2500.0	0.042982
2505.0	0.041307
2510.0	0.038365
2515.0	0.036613
2520.0	0.036279
2525.0	0.035865
2530.0	0.040920
2535.0	0.039370
2540.0	0.039748
2545.0	0.043217
2550.0	0.046782
2555.0	0.049694
2560.0	0.056284
2565.0	0.067364
2570.0	0.064934
2575.0	0.058670
2580.0	0.070425
2585.0	0.077225
2590.0	0.075458
2595.0	0.068949
2600.0	0.065648
2605.0	0.065932
2610.0	0.063915
2615.0	0.065558
2620.0	0.066483
2625.0	0.070141
2630.0	0.075739
2635.0	0.095959
2640.0	0.126585
2645.0	0.135370
2650.0	0.131086
2655.0	0.139286
2660.0	0.145529
2665.0	0.138284
2670.0	0.137957
2675.0	0.141004
2680.0	0.140611
2685.0	0.134873
2690.0	0.132347
2695.0	0.135085
2700.0	0.150740
2705.0	0.149676
2710.0	0.141022
2715.0	0.128210
2720.0	0.108541
2725.0	0.109663
2730.0	0.124200
2735.0	0.114199
2740.0	0.087491
2745.0	0.081576
2750.0	0.087584
2755.0	0.105356
2760.0	0.125758
2765.0	0.138174
2770.0	0.141920
2775.0	0.138342
2780.0	0.116983
2785.0	0.096678
2790.0	0.084812
2795.0	0.077053
2800.0	0.074221
2805.0	0.078748
2810.0	0.100106
2815.0	0.141991
2820.0	0.160986
2825.0	0.171466
2830.0	0.184655
2835.0	0.183760
2840.0	0.166328
2845.0	0.141967
2850.0	0.110291
2855.0	0.109290
2860.0	0.156150
2865.0	0.193023
2870.0	0.202429
2875.0	0.198608
2880.0	0.179104
2885.0	0.193031
2890.0	0.233802
2895.0	0.277857
2900.0	0.332379
2905.0	0.368557
2910.0	0.373243
2915.0	0.356535
2920.0	0.322058
2925.0	0.308612
2930.0	0.320904
2935.0	0.318572
2940.0	0.297995
2945.0	0.291494
2950.0	0.298318
2955.0	0.327152
2960.0	0.328244
2965.0	0.296220
2970.0	0.269092
2975.0	0.298976
2980.0	0.293705
2985.0	0.252010
2990.0	0.270945
2995.0	0.266788
3000.0	0.240725
3005.0	0.232901
3010.0	0.248271
3015.0	0.256742
3020.0	0.246894
3025.0	0.282813
3030.0	0.333369
3035.0	0.336681
3040.0	0.321180
3045.0	0.326005
3050.0	0.338471
3055.0	0.323572
3060.0	0.305558
3065.0	0.319341
3070.0	0.337357
3075.0	0.345385
3080.0	0.350659
3085.0	0.343149
3090.0	0.324462
3095.0	0.305723
3100.0	0.327583
3105.0	0.401389
3110.0	0.434108
3115.0	0.389308
3120.0	0.373948
3125.0	0.394674
3130.0	0.420637
3135.0	0.435512
3140.0	0.419614
3145.0	0.372104
3150.0	0.399282
3155.0	0.383836
3160.0	0.407876
3165.0	0.433718
3170.0	0.469284
3175.0	0.475033
3180.0	0.437579
3185.0	0.420266
3190.0	0.443262
3195.0	0.455849
3200.0	0.446211
3205.0	0.442053
3210.0	0.426545
3215.0	0.408558
3220.0	0.388239
3225.0	0.366994
3230.0	0.359985
3235.0	0.378127
3240.0	0.401590
3245.0	0.411904
3250.0	0.426775
3255.0	0.464583
3260.0	0.510208
3265.0	0.541949
3270.0	0.545263
3275.0	0.516311
3280.0	0.486901
3285.0	0.489457
3290.0	0.523217
3295.0	0.573137
3300.0	0.600232
3305.0	0.576306
3310.0	0.540275
3315.0	0.533382
3320.0	0.539080
3325.0	0.533918
3330.0	0.524610
3335.0	0.523305
3340.0	0.533708
3345.0	0.552704
3350.0	0.558337
3355.0	0.533387
3360.0	0.498418
3365.0	0.478573
3370.0	0.479539
3375.0	0.497924
3380.0	0.513494
3385.0	0.512237
3390.0	0.521881
3395.0	0.564538
3400.0	0.598121
3405.0	0.581854
3410.0	0.544418
3415.0	0.524806
3420.0	0.533805
3425.0	0.565056
3430.0	0.571835
3435.0	0.520191
3440.0	0.467643
3445.0	0.472335
3450.0	0.503458
3455.0	0.519284
3460.0	0.523361
3465.0	0.526985
3470.0	0.527173
3475.0	0.519851
3480.0	0.510862
3485.0	0.508316
3490.0	0.519479
3495.0	0.545791
3500.0	0.566243
3505.0	0.562473
3510.0	0.550226
3515.0	0.545287
3520.0	0.535304
3525.0	0.522843
3530.0	0.543638
3535.0	0.586575
3540.0	0.614641
3545.0	0.626584
3550.0	0.625169
3555.0	0.606857
3560.0	0.580591
3565.0	0.536080
3570.0	0.496960
3575.0	0.475582
3580.0	0.456078
3585.0	0.453508
3590.0	0.492522
3595.0	0.547192
3600.0	0.577409
3605.0	0.561002
3610.0	0.512542
3615.0	0.504827
3620.0	0.516511
3625.0	0.552844
3630.0	0.577685
3635.0	0.575792
3640.0	0.572596
3645.0	0.551983
3650.0	0.560435
3655.0	0.611283
3660.0	0.656797
3665.0	0.656811
3670.0	0.644785
3675.0	0.643295
3680.0	0.637533
3685.0	0.622196
3690.0	0.644432
3695.0	0.667004
3700.0	0.686087
3705.0	0.653566
3710.0	0.633307
3715.0	0.638959
3720.0	0.611603
3725.0	0.611413
3730.0	0.602271
3735.0	0.547349
3740.0	0.547253
3745.0	0.534767
3750.0	0.524267
3755.0	0.588313
3760.0	0.617300
3765.0	0.631105
3770.0	0.659589
3775.0	0.709897
3780.0	0.771081
3785.0	0.739835
3790.0	0.656713
3795.0	0.620783
3800.0	0.637744
3805.0	0.695407
3810.0	0.710171
3815.0	0.648030
3820.0	0.564733
3825.0	0.496412
3830.0	0.442178
3835.0	0.434818
3840.0	0.494127
3845.0	0.592699
3850.0	0.633458
3855.0	0.603321
3860.0	0.578552
3865.0	0.601467
3870.0	0.597828
3875.0	0.586350
3880.0	0.572999
3885.0	0.583876
3890.0	0.597430
3895.0	0.641860
3900.0	0.679654
3905.0	0.694266
3910.0	0.723518
3915.0	0.720687
3920.0	0.654618
3925.0	0.518018
3930.0	0.348160
3935.0	0.308565
3940.0	0.444473
3945.0	0.598574
3950.0	0.688542
3955.0	0.701235
3960.0	0.601473
3965.0	0.411755
3970.0	0.353028
3975.0	0.537837
3980.0	0.742018
3985.0	0.833899
3990.0	0.862014
3995.0	0.879537
4000.0	0.891567
4005.0	0.896948
4010.0	0.916321
4015.0	0.934237
4020.0	0.935996
4025.0	0.933301
4030.0	0.915335
4035.0	0.923285
4040.0	0.935640
4045.0	0.907577
4050.0	0.905561
4055.0	0.897246
4060.0	0.896556
4065.0	0.889714
4070.0	0.897395
4075.0	0.894810
4080.0	0.903270
4085.0	0.954738
4090.0	0.980160
4095.0	0.923440
4100.0	0.838816
4105.0	0.856080
4110.0	0.934310
4115.0	0.971726
4120.0	0.967655
4125.0	0.951315
4130.0	0.934226
4135.0	0.948724
4140.0	0.962667
4145.0	0.955645
4150.0	0.951723
4155.0	0.953204
4160.0	0.971914
4165.0	0.972418
4170.0	0.941209
4175.0	0.912364
4180.0	0.918541
4185.0	0.931304
4190.0	0.941053
4195.0	0.926984
4200.0	0.896026
4205.0	0.925395
4210.0	0.969806
4215.0	0.965363
4220.0	0.943807
4225.0	0.890161
4230.0	0.884927
4235.0	0.904843
4240.0	0.903273
4245.0	0.903347
4250.0	0.898881
4255.0	0.901486
4260.0	0.893099
4265.0	0.889746
4270.0	0.864639
4275.0	0.867132
4280.0	0.885450
4285.0	0.862459
4290.0	0.820249
4295.0	0.772477
4300.0	0.682099
4305.0	0.632226
4310.0	0.666238
4315.0	0.828156
4320.0	0.945114
4325.0	0.936623
4330.0	0.937426
4335.0	0.894738
4340.0	0.838647
4345.0	0.883416
4350.0	0.934163
4355.0	0.955235
4360.0	0.980021
4365.0	0.991630
4370.0	0.969696
4375.0	0.943423
4380.0	0.914485
4385.0	0.891079
4390.0	0.915341
4395.0	0.938872
4400.0	0.948515
4405.0	0.956218
4410.0	0.981370
4415.0	1.010162
4420.0	1.019786
4425.0	1.030997
4430.0	1.029902
4435.0	1.017404
4440.0	1.030164
4445.0	1.043015
4450.0	1.047192
4455.0	1.001289
4460.0	0.972510
4465.0	1.000487
4470.0	1.037758
4475.0	1.072203
4480.0	1.068370
4485.0	1.068554
4490.0	1.065157
4495.0	1.078518
4500.0	1.096802
4505.0	1.119643
4510.0	1.132944
4515.0	1.109466
4520.0	1.089205
4525.0	1.037566
4530.0	0.996648
4535.0	1.025018
4540.0	1.068878
4545.0	1.054822
4550.0	1.036202
4555.0	1.057336
4560.0	1.092245
4565.0	1.093351
4570.0	1.089452
4575.0	1.088515
4580.0	1.078417
4585.0	1.073357
4590.0	1.077888
4595.0	1.072299
4600.0	1.067690
4605.0	1.086007
4610.0	1.103391
4615.0	1.090358
4620.0	1.088688
4625.0	1.094373
4630.0	1.096092
4635.0	1.087933
4640.0	1.080984
4645.0	1.074593
4650.0	1.067275
4655.0	1.075668
4660.0	1.092823
4665.0	1.068455
4670.0	1.045111
4675.0	1.067898
4680.0	1.074207
4685.0	1.082745
4690.0	1.086432
4695.0	1.092522
4700.0	1.062659
4705.0	1.040753
4710.0	1.050487
4715.0	1.083361
4720.0	1.106223
4725.0	1.087704
4730.0	1.054390
4735.0	1.059884
4740.0	1.089295
4745.0	1.106982
4750.0	1.103905
4755.0	1.084065
4760.0	1.065358
4765.0	1.056888
4770.0	1.077552
4775.0	1.100599
4780.0	1.101857
4785.0	1.081534
4790.0	1.074558
4795.0	1.101086
4800.0	1.104155
4805.0	1.103154
4810.0	1.090455
4815.0	1.107686
4820.0	1.109465
4825.0	1.096987
4830.0	1.077956
4835.0	1.063887
4840.0	1.067312
4845.0	1.080608
4850.0	1.076405
4855.0	0.998541
4860.0	0.893224
4865.0	0.919757
4870.0	0.995912
4875.0	1.028558
4880.0	1.047714
4885.0	1.025564
4890.0	1.007694
4895.0	1.055208
4900.0	1.092895
4905.0	1.080618
4910.0	1.063326
4915.0	1.042157
4920.0	1.012221
4925.0	1.038684
4930.0	1.077381
4935.0	1.055151
4940.0	1.050310
4945.0	1.077741
4950.0	1.085239
4955.0	1.066753
4960.0	1.066683
4965.0	1.083106
4970.0	1.077265
4975.0	1.067003
4980.0	1.025365
4985.0	1.020631
4990.0	1.050434
4995.0	1.047989
5000.0	1.039396
5005.0	1.029382
5010.0	1.018390
5015.0	0.996270
5020.0	1.007473
5025.0	1.035503
5030.0	1.053394
5035.0	1.029637
5040.0	0.999521
5045.0	1.027207
5050.0	1.040979
5055.0	1.063269
5060.0	1.076174
5065.0	1.052047
5070.0	1.031597
5075.0	1.019871
5080.0	1.005519
5085.0	1.035974
5090.0	1.066418
5095.0	1.047502
5100.0	1.026768
5105.0	1.031628
5110.0	1.030270
5115.0	1.057405
5120.0	1.053870
5125.0	1.023443
5130.0	1.009457
5135.0	1.004788
5140.0	0.992683
5145.0	0.994160
5150.0	1.007128
5155.0	1.029416
5160.0	1.030865
5165.0	0.924263
5170.0	0.849267
5175.0	0.905239
5180.0	0.947848
5185.0	0.931396
5190.0	0.965186
5195.0	0.994016
5200.0	1.009827
5205.0	0.995159
5210.0	0.995136
5215.0	1.014996
5220.0	1.016996
5225.0	0.989841
5230.0	0.980190
5235.0	1.007177
5240.0	1.032681
5245.0	1.030791
5250.0	1.016930
5255.0	1.026746
5260.0	1.011431
5265.0	0.945093
5270.0	0.925834
5275.0	0.964151
5280.0	1.000394
5285.0	1.024747
5290.0	1.050246
5295.0	1.030459
5300.0	1.011430
5305.0	1.032595
5310.0	1.055781
5315.0	1.042286
5320.0	1.016830
5325.0	0.983680
5330.0	0.972459
5335.0	1.001659
5340.0	1.010320
5345.0	1.013016
5350.0	1.025823
5355.0	1.051584
5360.0	1.047377
5365.0	1.014165
5370.0	0.995411
5375.0	1.012631
5380.0	1.025693
5385.0	1.027027
5390.0	1.011677
5395.0	0.992428
5400.0	0.979950
5405.0	0.970968
5410.0	0.983395
5415.0	1.004940
5420.0	1.021495
5425.0	1.013636
5430.0	0.997201
5435.0	1.010048
5440.0	1.030471
5445.0	1.017336
5450.0	1.008839
5455.0	1.004485
5460.0	1.008907
5465.0	1.014374
5470.0	1.020729
5475.0	0.999506
5480.0	0.989564
5485.0	1.006216
5490.0	1.011635
5495.0	1.017924
5500.0	1.012941
5505.0	1.003040
5510.0	1.004152
5515.0	1.017853
5520.0	1.031153
5525.0	1.008703
5530.0	0.993231
5535.0	1.005589
5540.0	1.022488
5545.0	1.022062
5550.0	1.017847
5555.0	1.013835
5560.0	1.009476
5565.0	0.990308
5570.0	0.989331
5575.0	1.001952
5580.0	1.005831
5585.0	0.980005
5590.0	0.955652
5595.0	0.967203
5600.0	0.975583
5605.0	0.997732
5610.0	1.017904
5615.0	0.998500
5620.0	0.986362
5625.0	0.993103
5630.0	1.007967
5635.0	1.000849
5640.0	0.984497
5645.0	0.993067
5650.0	0.997526
5655.0	0.976656
5660.0	0.960551
5665.0	0.978591
5670.0	0.994997
5675.0	1.001019
5680.0	0.982984
5685.0	0.973037
5690.0	0.983711
5695.0	0.993402
5700.0	0.979172
5705.0	0.956769
5710.0	0.940371
5715.0	0.964593
5720.0	0.992038
5725.0	0.998095
5730.0	0.992382
5735.0	0.994003
5740.0	0.994429
5745.0	0.981953
5750.0	0.967073
5755.0	0.967130
5760.0	0.976609
5765.0	0.988102
5770.0	0.992199
5775.0	0.977226
5780.0	0.960139
5785.0	0.965458
5790.0	0.973292
5795.0	0.967654
5800.0	0.974240
5805.0	0.980985
5810.0	0.982771
5815.0	0.982161
5820.0	0.986351
5825.0	0.989444
5830.0	0.995712
5835.0	1.000129
5840.0	0.996690
5845.0	0.990175
5850.0	0.981503
5855.0	0.957685
5860.0	0.957088
5865.0	0.975305
5870.0	0.983980
5875.0	0.987049
5880.0	0.978411
5885.0	0.945168
5890.0	0.897099
5895.0	0.899310
5900.0	0.937994
5905.0	0.963356
5910.0	0.966704
5915.0	0.966334
5920.0	0.969614
5925.0	0.968570
5930.0	0.965914
5935.0	0.962779
5940.0	0.962730
5945.0	0.955474
5950.0	0.946976
5955.0	0.955469
5960.0	0.965158
5965.0	0.971046
5970.0	0.967363
5975.0	0.958075
5980.0	0.951715
5985.0	0.952404
5990.0	0.954519
5995.0	0.955939
6000.0	0.950148
6005.0	0.945754
6010.0	0.940549
6015.0	0.936491
6020.0	0.926611
6025.0	0.934520
6030.0	0.953409
6035.0	0.954897
6040.0	0.943430
6045.0	0.945409
6050.0	0.945368
6055.0	0.939011
6060.0	0.937584
6065.0	0.936015
6070.0	0.944575
6075.0	0.941867
6080.0	0.932478
6085.0	0.930043
6090.0	0.932552
6095.0	0.925308
6100.0	0.920529
6105.0	0.921520
6110.0	0.940771
6115.0	0.934648
6120.0	0.923147
6125.0	0.926690
6130.0	0.927044
6135.0	0.906210
6140.0	0.895196
6145.0	0.912475
6150.0	0.921136
6155.0	0.913877
6160.0	0.892929
6165.0	0.882137
6170.0	0.895517
6175.0	0.905630
6180.0	0.909642
6185.0	0.909444
6190.0	0.902639
6195.0	0.913356
6200.0	0.916550
6205.0	0.912183
6210.0	0.920033
6215.0	0.910096
6220.0	0.900060
6225.0	0.895469
6230.0	0.889743
6235.0	0.898000
6240.0	0.900140
6245.0	0.892598
6250.0	0.885889
6255.0	0.872289
6260.0	0.878259
6265.0	0.888744
6270.0	0.891755
6275.0	0.871142
6280.0	0.850615
6285.0	0.876270
6290.0	0.888747
6295.0	0.871414
6300.0	0.859910
6305.0	0.871371
6310.0	0.878635
6315.0	0.862846
6320.0	0.864503
6325.0	0.883641
6330.0	0.882440
6335.0	0.865157
6340.0	0.862613
6345.0	0.879547
6350.0	0.887378
6355.0	0.878595
6360.0	0.869878
6365.0	0.879066
6370.0	0.888098
6375.0	0.887563
6380.0	0.890308
6385.0	0.884198
6390.0	0.877185
6395.0	0.864830
6400.0	0.865902
6405.0	0.869484
6410.0	0.866386
6415.0	0.866058
6420.0	0.864986
6425.0	0.872609
6430.0	0.869603
6435.0	0.858853
6440.0	0.861283
6445.0	0.863125
6450.0	0.856207
6455.0	0.856023
6460.0	0.853832
6465.0	0.854746
6470.0	0.857925
6475.0	0.855172
6480.0	0.847446
6485.0	0.848009
6490.0	0.837358
6495.0	0.823196
6500.0	0.842145
6505.0	0.861687
6510.0	0.867141
6515.0	0.857787
6520.0	0.857153
6525.0	0.862118
6530.0	0.862135
6535.0	0.862711
6540.0	0.864410
6545.0	0.859737
6550.0	0.832138
6555.0	0.778498
6560.0	0.711895
6565.0	0.710605
6570.0	0.788424
6575.0	0.830146
6580.0	0.838216
6585.0	0.833034
6590.0	0.830827
6595.0	0.830492
6600.0	0.839950
6605.0	0.839914
6610.0	0.837721
6615.0	0.845517
6620.0	0.846082
6625.0	0.845190
6630.0	0.835287
6635.0	0.831020
6640.0	0.831534
6645.0	0.832749
6650.0	0.834040
6655.0	0.839121
6660.0	0.832809
6665.0	0.826924
6670.0	0.826964
6675.0	0.824616
6680.0	0.820058
6685.0	0.830301
6690.0	0.837337
6695.0	0.833131
6700.0	0.822115
6705.0	0.822373
6710.0	0.820691
6715.0	0.812907
6720.0	0.813054
6725.0	0.818298
6730.0	0.820508
6735.0	0.826219
6740.0	0.824791
6745.0	0.823164
6750.0	0.812560
6755.0	0.813749
6760.0	0.810589
6765.0	0.803659
6770.0	0.797453
6775.0	0.801127
6780.0	0.810764
6785.0	0.807532
6790.0	0.803017
6795.0	0.801252
6800.0	0.804690
6805.0	0.807160
6810.0	0.808557
6815.0	0.809892
6820.0	0.805588
6825.0	0.803751
6830.0	0.800401
6835.0	0.797128
6840.0	0.787742
6845.0	0.787014
6850.0	0.786285
6855.0	0.785557
6860.0	0.784828
6865.0	0.784100
6870.0	0.783371
6875.0	0.782643
6880.0	0.781914
6885.0	0.781186
6890.0	0.780457
6895.0	0.779729
6900.0	0.779001
6905.0	0.778272
6910.0	0.777544
6915.0	0.776815
6920.0	0.776087
6925.0	0.775358
6930.0	0.774630
6935.0	0.773901
6940.0	0.773173
6945.0	0.772444
6950.0	0.771716
6955.0	0.770988
6960.0	0.770259
6965.0	0.769531
6970.0	0.768802
6975.0	0.773777
6980.0	0.759111
6985.0	0.763414
6990.0	0.765782
6995.0	0.772427
7000.0	0.762483
7005.0	0.754148
7010.0	0.768117
7015.0	0.761671
7020.0	0.761163
7025.0	0.758604
7030.0	0.770606
7035.0	0.770352
7040.0	0.769662
7045.0	0.777246
7050.0	0.773786
7055.0	0.772450
7060.0	0.771281
7065.0	0.762302
7070.0	0.767570
7075.0	0.770727
7080.0	0.768342
7085.0	0.768365
7090.0	0.764183
7095.0	0.763502
7100.0	0.765831
7105.0	0.765253
7110.0	0.764592
7115.0	0.762023
7120.0	0.762790
7125.0	0.765610
7130.0	0.768525
7135.0	0.781796
7140.0	0.776322
7145.0	0.767091
7150.0	0.755356
7155.0	0.766067
7160.0	0.760863
7165.0	0.738012
7170.0	0.720634
7175.0	0.722598
7180.0	0.718612
7185.0	0.701024
7190.0	0.698014
7195.0	0.707133
7200.0	0.716457
7205.0	0.720988
7210.0	0.735467
7215.0	0.755160
7220.0	0.760507
7225.0	0.751167
7230.0	0.742898
7235.0	0.728128
7240.0	0.724468
7245.0	0.725720
7250.0	0.721043
7255.0	0.708451
7260.0	0.711226
7265.0	0.720668
7270.0	0.729914
7275.0	0.717166
7280.0	0.713077
7285.0	0.707477
7290.0	0.688074
7295.0	0.709814
7300.0	0.717436
7305.0	0.706248
7310.0	0.708805
7315.0	0.718325
7320.0	0.714082
7325.0	0.714706
7330.0	0.715323
7335.0	0.718620
7340.0	0.725523
7345.0	0.721117
7350.0	0.714568
7355.0	0.713311
7360.0	0.705189
7365.0	0.706065
7370.0	0.706914
7375.0	0.707779
7380.0	0.712100
7385.0	0.697091
7390.0	0.689396
7395.0	0.691256
7400.0	0.690852
7405.0	0.685468
7410.0	0.675927
7415.0	0.682677
7420.0	0.686587
7425.0	0.696334
7430.0	0.702631
7435.0	0.702312
7440.0	0.698319
7445.0	0.693711
7450.0	0.694801
7455.0	0.696262
7460.0	0.691917
7465.0	0.699013
7470.0	0.702077
7475.0	0.699028
7480.0	0.695243
7485.0	0.694929
7490.0	0.691535
7495.0	0.684262
7500.0	0.688451
7505.0	0.679300
7510.0	0.674301
7515.0	0.683627
7520.0	0.683616
7525.0	0.680056
7530.0	0.678876
7535.0	0.681710
7540.0	0.687632
7545.0	0.681792
7550.0	0.678138
7555.0	0.677390
7560.0	0.676641
7565.0	0.675893
7570.0	0.675144
7575.0	0.674396
7580.0	0.673647
7585.0	0.672898
7590.0	0.672150
7595.0	0.671401
7600.0	0.670653
7605.0	0.669904
7610.0	0.669155
7615.0	0.668407
7620.0	0.667658
7625.0	0.666910
7630.0	0.666161
7635.0	0.665412
7640.0	0.664664
7645.0	0.663915
7650.0	0.663167
7655.0	0.662418
7660.0	0.661669
7665.0	0.660921
7670.0	0.660172
7675.0	0.659424
7680.0	0.658675
7685.0	0.657926
7690.0	0.657178
7695.0	0.656429
7700.0	0.655681
7705.0	0.654932
7710.0	0.654184
7715.0	0.653435
7720.0	0.652686
7725.0	0.651938
7730.0	0.651189
7735.0	0.654180
7740.0	0.652601
7745.0	0.643350
7750.0	0.639081
7755.0	0.643833
7760.0	0.649064
7765.0	0.650416
7770.0	0.645664
7775.0	0.638209
7780.0	0.636815
7785.0	0.638877
7790.0	0.641246
7795.0	0.639583
7800.0	0.636764
7805.0	0.636658
7810.0	0.637752
7815.0	0.641683
7820.0	0.644315
7825.0	0.641818
7830.0	0.635755
7835.0	0.633752
7840.0	0.635604
7845.0	0.635642
7850.0	0.637077
7855.0	0.641650
7860.0	0.638316
7865.0	0.636459
7870.0	0.633191
7875.0	0.631274
7880.0	0.630462
7885.0	0.635794
7890.0	0.630887
7895.0	0.627234
7900.0	0.625743
7905.0	0.629368
7910.0	0.628775
7915.0	0.624580
7920.0	0.618839
7925.0	0.620393
7930.0	0.613423
7935.0	0.612792
7940.0	0.615337
7945.0	0.609447
7950.0	0.615946
7955.0	0.615683
7960.0	0.616344
7965.0	0.620430
7970.0	0.618528
7975.0	0.620763
7980.0	0.624670
7985.0	0.623650
7990.0	0.621443
7995.0	0.612857
8000.0	0.604720
8005.0	0.611448
8010.0	0.615226
8015.0	0.618660
8020.0	0.616718
8025.0	0.606379
8030.0	0.607558
8035.0	0.613542
8040.0	0.614391
8045.0	0.602570
8050.0	0.602278
8055.0	0.608667
8060.0	0.612057
8065.0	0.616175
8070.0	0.613221
8075.0	0.612867
8080.0	0.612670
8085.0	0.607061
8090.0	0.604375
8095.0	0.600099
8100.0	0.599027
8105.0	0.602438
8110.0	0.606213
8115.0	0.606232
8120.0	0.604749
8125.0	0.604457
8130.0	0.603442
8135.0	0.599530
8140.0	0.594135
8145.0	0.589413
8150.0	0.586905
8155.0	0.586932
8160.0	0.585546
8165.0	0.579797
8170.0	0.574991
8175.0	0.576327
8180.0	0.580314
8185.0	0.581916
8190.0	0.578592
8195.0	0.571009
8200.0	0.570170
8205.0	0.584183
8210.0	0.599231
8215.0	0.599962
8220.0	0.586804
8225.0	0.566603
8230.0	0.556090
8235.0	0.567542
8240.0	0.585516
8245.0	0.592524
8250.0	0.590604
8255.0	0.586500
8260.0	0.586267
8265.0	0.592546
8270.0	0.595014
8275.0	0.585077
8280.0	0.574022
8285.0	0.573632
8290.0	0.577813
8295.0	0.578351
8300.0	0.576468
8305.0	0.575088
8310.0	0.574520
8315.0	0.574486
8320.0	0.574976
8325.0	0.575576
8330.0	0.573995
8335.0	0.569084
8340.0	0.566132
8345.0	0.569727
8350.0	0.575236
8355.0	0.577148
8360.0	0.575689
8365.0	0.572754
8370.0	0.571186
8375.0	0.572592
8380.0	0.572709
8385.0	0.568193
8390.0	0.565251
8395.0	0.569544
8400.0	0.574993
8405.0	0.574932
8410.0	0.573030
8415.0	0.572739
8420.0	0.571033
8425.0	0.570478
8430.0	0.568598
8435.0	0.561860
8440.0	0.559252
8445.0	0.561908
8450.0	0.567361
8455.0	0.572293
8460.0	0.573632
8465.0	0.570016
8470.0	0.565067
8475.0	0.563791
8480.0	0.564451
8485.0	0.568767
8490.0	0.562248
8495.0	0.523708
8500.0	0.516226
8505.0	0.541385
8510.0	0.552940
8515.0	0.550131
8520.0	0.547237
8525.0	0.545942
8530.0	0.545179
8535.0	0.522954
8540.0	0.472612
8545.0	0.459918
8550.0	0.473346
8555.0	0.498714
8560.0	0.531757
8565.0	0.543825
8570.0	0.540355
8575.0	0.538954
8580.0	0.538202
8585.0	0.536706
8590.0	0.533745
8595.0	0.531196
8600.0	0.533904
8605.0	0.536147
8610.0	0.536124
8615.0	0.535389
8620.0	0.535151
8625.0	0.539675
8630.0	0.546364
8635.0	0.547761
8640.0	0.545548
8645.0	0.542583
8650.0	0.543150
8655.0	0.531291
8660.0	0.489103
8665.0	0.467925
8670.0	0.467913
8675.0	0.495074
8680.0	0.526522
8685.0	0.519533
8690.0	0.516517
8695.0	0.537790
8700.0	0.513832
8705.0	0.532989
8710.0	0.521429
8715.0	0.521644
8720.0	0.529561
8725.0	0.527476
8730.0	0.518455
8735.0	0.516197
8740.0	0.515269
8745.0	0.514134
8750.0	0.510955
8755.0	0.520653
8760.0	0.524016
8765.0	0.517839
8770.0	0.516268
8775.0	0.523693
8780.0	0.526193
8785.0	0.522331
8790.0	0.512002
8795.0	0.521789
8800.0	0.510891
8805.0	0.495908
8810.0	0.512794
8815.0	0.524596
8820.0	0.517431
8825.0	0.518069
8830.0	0.525330
8835.0	0.513980
8840.0	0.515411
8845.0	0.516487
8850.0	0.522578
8855.0	0.514756
8860.0	0.504384
8865.0	0.505155
8870.0	0.519215
8875.0	0.516310
8880.0	0.525139
8885.0	0.528539
8890.0	0.524910
8895.0	0.517965
8900.0	0.527885
8905.0	0.524323
8910.0	0.518726
8915.0	0.522242
8920.0	0.521310
8925.0	0.509818
8930.0	0.511043
8935.0	0.509587
8940.0	0.509107
8945.0	0.509681
8950.0	0.510360
8955.0	0.509938
8960.0	0.507211
8965.0	0.501431
8970.0	0.493690
8975.0	0.485535
8980.0	0.478515
8985.0	0.473842
8990.0	0.471381
8995.0	0.470658
9000.0	0.471200
9005.0	0.472771
9010.0	0.476073
9015.0	0.482045
9020.0	0.491627
9025.0	0.505261
9030.0	0.521401
9035.0	0.538003
9040.0	0.553025
9045.0	0.564492
9050.0	0.570704
9055.0	0.570027
9060.0	0.560829
9065.0	0.542558
9070.0	0.518983
9075.0	0.494953
9080.0	0.475317
9085.0	0.463753
9090.0	0.459252
9095.0	0.459633
9100.0	0.462714
9105.0	0.466464
9110.0	0.469441
9115.0	0.470353
9120.0	0.467908
9125.0	0.461463
9130.0	0.452979
9135.0	0.445067
9140.0	0.440340
9145.0	0.440624
9150.0	0.444602
9155.0	0.450174
9160.0	0.455241
9165.0	0.458311
9170.0	0.460337
9175.0	0.462883
9180.0	0.467513
9185.0	0.475169
9190.0	0.484317
9195.0	0.492805
9200.0	0.498477
9205.0	0.499762
9210.0	0.497412
9215.0	0.492757
9220.0	0.487133
9225.0	0.481594
9230.0	0.476095
9235.0	0.470312
9240.0	0.463923
9245.0	0.457173
9250.0	0.452586
9255.0	0.453254
9260.0	0.462271
9265.0	0.481204
9270.0	0.505519
9275.0	0.529157
9280.0	0.546060
9285.0	0.551572
9290.0	0.546646
9295.0	0.533635
9300.0	0.514897
9305.0	0.492817
9310.0	0.469909
9315.0	0.448719
9320.0	0.431793
9325.0	0.420635
9330.0	0.412589
9335.0	0.403959
9340.0	0.391047
9345.0	0.371833
9350.0	0.350997
9355.0	0.334892
9360.0	0.329875
9365.0	0.340390
9370.0	0.363250
9375.0	0.393354
9380.0	0.425604
9385.0	0.455528
9390.0	0.481160
9395.0	0.501162
9400.0	0.514195
9405.0	0.519426
9410.0	0.518041
9415.0	0.511735
9420.0	0.502200
9425.0	0.490973
9430.0	0.478961
9435.0	0.466917
9440.0	0.455594
9445.0	0.445804
9450.0	0.438616
9455.0	0.435157
9460.0	0.436556
9465.0	0.443242
9470.0	0.452839
9475.0	0.462272
9480.0	0.468464
9485.0	0.469254
9490.0	0.466139
9495.0	0.461532
9500.0	0.457843
9505.0	0.456813
9510.0	0.457501
9515.0	0.458293
9520.0	0.457578
9525.0	0.454371
9530.0	0.450216
9535.0	0.447282
9540.0	0.447742
9545.0	0.452788
9550.0	0.459695
9555.0	0.464757
9560.0	0.464271
9565.0	0.455829
9570.0	0.442223
9575.0	0.427541
9580.0	0.415872
9585.0	0.410289
9590.0	0.409803
9595.0	0.412408
9600.0	0.416096
9605.0	0.419113
9610.0	0.420705
9615.0	0.420373
9620.0	0.417612
9625.0	0.412170
9630.0	0.404781
9635.0	0.396427
9640.0	0.388091
9645.0	0.380836
9650.0	0.376046
9655.0	0.375188
9660.0	0.379728
9665.0	0.390317
9670.0	0.404355
9675.0	0.418426
9680.0	0.429116
9685.0	0.433934
9690.0	0.434089
9695.0	0.431714
9700.0	0.428944
9705.0	0.427418
9710.0	0.426798
9715.0	0.426254
9720.0	0.424956
9725.0	0.422171
9730.0	0.417571
9735.0	0.410925
9740.0	0.402004
9745.0	0.391030
9750.0	0.380031
9755.0	0.371491
9760.0	0.367888
9765.0	0.370724
9770.0	0.377566
9775.0	0.385002
9780.0	0.389618
9785.0	0.389033
9790.0	0.384999
9795.0	0.380297
9800.0	0.377711
9805.0	0.379204
9810.0	0.383463
9815.0	0.388355
9820.0	0.391744
9825.0	0.392067
9830.0	0.390027
9835.0	0.386898
9840.0	0.383951
9845.0	0.382202
9850.0	0.381641
9855.0	0.382001
9860.0	0.383012
9865.0	0.384424
9870.0	0.386038
9875.0	0.387676
9880.0	0.389154
9885.0	0.390314
9890.0	0.391084
9895.0	0.391416
9900.0	0.391260
9905.0	0.390610
9910.0	0.389634
9915.0	0.388543
9920.0	0.387548
9925.0	0.386835
9930.0	0.386496
9935.0	0.386597
9940.0	0.387206
9945.0	0.388316
9950.0	0.389632
9955.0	0.390784
9960.0	0.391404
9965.0	0.391228
9970.0	0.390424
9975.0	0.389266
9980.0	0.388027
9985.0	0.386976
9990.0	0.386358
9995.0	0.386412
10000.0	0.387378
10005.0	0.389258
10010.0	0.391112
10015.0	0.391759
10020.0	0.390020
10025.0	0.385203
10030.0	0.378557
10035.0	0.371818
10040.0	0.366721
10045.0	0.364535
10050.0	0.364666
10055.0	0.366054
10060.0	0.367638
10065.0	0.368587
10070.0	0.368990
10075.0	0.369165
10080.0	0.369431
10085.0	0.370032
10090.0	0.370910
10095.0	0.371934
10100.0	0.372974
10105.0	0.373858
10110.0	0.374253
10115.0	0.373787
10120.0	0.372088
10125.0	0.369030
10130.0	0.365471
10135.0	0.362518
10140.0	0.361276
10145.0	0.362433
10150.0	0.365014
10155.0	0.367625
10160.0	0.368873
10165.0	0.367827
10170.0	0.365402
10175.0	0.362974
10180.0	0.361919
10185.0	0.363145
10190.0	0.365676
10195.0	0.368067
10200.0	0.368872
10205.0	0.367133
10210.0	0.363843
10215.0	0.360478
10220.0	0.358517
10225.0	0.358947
10230.0	0.360791
10235.0	0.362580
10240.0	0.362845
10245.0	0.360598
10250.0	0.356770
10255.0	0.352774
10260.0	0.350022
10265.0	0.349547
10270.0	0.350871
10275.0	0.353135
10280.0	0.355481
10285.0	0.357204
10290.0	0.358213
10295.0	0.358573
10300.0	0.358347
10305.0	0.357592
10310.0	0.356340
10315.0	0.354617
10320.0	0.352448
10325.0	0.349940
10330.0	0.347514
10335.0	0.345669
10340.0	0.344907
10345.0	0.345526
10350.0	0.347013
10355.0	0.348653
10360.0	0.349732
10365.0	0.349814
10370.0	0.349581
10375.0	0.349992
10380.0	0.352009
10385.0	0.356157
10390.0	0.361230
10395.0	0.365589
10400.0	0.367592
10405.0	0.366160
10410.0	0.362456
10415.0	0.358202
10420.0	0.355119
10425.0	0.354404
10430.0	0.355134
10435.0	0.355862
10440.0	0.355138
10445.0	0.352040
10450.0	0.347761
10455.0	0.344017
10460.0	0.342528
10465.0	0.344426
10470.0	0.348500
10475.0	0.352953
10480.0	0.355986
10485.0	0.356308
10490.0	0.354643
10495.0	0.352221
10500.0	0.350273
10505.0	0.349710
10510.0	0.350164
10515.0	0.350951
10520.0	0.351385
10525.0	0.350976
10530.0	0.350020
10535.0	0.349008
10540.0	0.348431
10545.0	0.348599
10550.0	0.349101
10555.0	0.349342
10560.0	0.348728
10565.0	0.346869
10570.0	0.344184
10575.0	0.341296
10580.0	0.338826
10585.0	0.337230
10590.0	0.336293
10595.0	0.335635
10600.0	0.334876
10605.0	0.333718
10610.0	0.332199
10615.0	0.330438
10620.0	0.328557
