#-- g8i
#\*l[Angstrom]	F(\*l)/F(555.6Angstrom]
1150.0	0.000000
1155.0	0.000000
1160.0	0.000193
1165.0	0.000000
1170.0	0.000000
1175.0	0.000000
1180.0	0.000000
1185.0	0.000000
1190.0	0.000000
1195.0	0.000000
1200.0	0.000192
1205.0	0.000928
1210.0	0.003801
1215.0	0.007548
1220.0	0.005202
1225.0	0.001018
1230.0	0.000067
1235.0	0.000082
1240.0	0.000051
1245.0	0.000000
1250.0	0.000034
1255.0	0.000036
1260.0	0.000050
1265.0	0.000033
1270.0	0.000016
1275.0	0.000085
1280.0	0.000080
1285.0	0.000079
1290.0	0.000438
1295.0	0.001219
1300.0	0.002552
1305.0	0.003452
1310.0	0.001554
1315.0	0.000261
1320.0	0.000050
1325.0	0.000027
1330.0	0.000042
1335.0	0.000116
1340.0	0.000163
1345.0	0.000128
1350.0	0.000155
1355.0	0.000238
1360.0	0.000229
1365.0	0.000153
1370.0	0.000117
1375.0	0.000151
1380.0	0.000138
1385.0	0.000064
1390.0	0.000033
1395.0	0.000074
1400.0	0.000041
1405.0	0.000054
1410.0	0.000052
1415.0	0.000034
1420.0	0.000020
1425.0	0.000050
1430.0	0.000077
1435.0	0.000095
1440.0	0.000031
1445.0	0.000052
1450.0	0.000095
1455.0	0.000057
1460.0	0.000060
1465.0	0.000143
1470.0	0.000301
1475.0	0.000234
1480.0	0.000161
1485.0	0.000204
1490.0	0.000145
1495.0	0.000171
1500.0	0.000204
1505.0	0.000170
1510.0	0.000122
1515.0	0.000093
1520.0	0.000054
1525.0	0.000140
1530.0	0.000185
1535.0	0.000194
1540.0	0.000178
1545.0	0.000134
1550.0	0.000136
1555.0	0.000101
1560.0	0.000041
1565.0	0.000029
1570.0	0.000044
1575.0	0.000078
1580.0	0.000124
1585.0	0.000111
1590.0	0.000130
1595.0	0.000122
1600.0	0.000070
1605.0	0.000091
1610.0	0.000091
1615.0	0.000156
1620.0	0.000125
1625.0	0.000095
1630.0	0.000068
1635.0	0.000109
1640.0	0.000280
1645.0	0.000242
1650.0	0.000141
1655.0	0.000168
1660.0	0.000206
1665.0	0.000178
1670.0	0.000176
1675.0	0.000165
1680.0	0.000193
1685.0	0.000107
1690.0	0.000101
1695.0	0.000126
1700.0	0.000171
1705.0	0.000160
1710.0	0.000173
1715.0	0.000196
1720.0	0.000204
1725.0	0.000211
1730.0	0.000226
1735.0	0.000209
1740.0	0.000194
1745.0	0.000225
1750.0	0.000320
1755.0	0.000333
1760.0	0.000190
1765.0	0.000198
1770.0	0.000258
1775.0	0.000317
1780.0	0.000366
1785.0	0.000367
1790.0	0.000342
1795.0	0.000371
1800.0	0.000467
1805.0	0.000525
1810.0	0.000588
1815.0	0.000732
1820.0	0.000773
1825.0	0.000507
1830.0	0.000374
1835.0	0.000381
1840.0	0.000345
1845.0	0.000342
1850.0	0.000314
1855.0	0.000326
1860.0	0.000350
1865.0	0.000351
1870.0	0.000398
1875.0	0.000377
1880.0	0.000417
1885.0	0.000488
1890.0	0.000513
1895.0	0.000562
1900.0	0.000553
1905.0	0.000489
1910.0	0.000443
1915.0	0.000475
1920.0	0.000506
1925.0	0.000506
1930.0	0.000529
1935.0	0.000546
1940.0	0.000593
1945.0	0.000656
1950.0	0.000604
1955.0	0.000000
1960.0	0.000000
1965.0	0.000000
1970.0	0.000226
1975.0	0.000153
1980.0	0.000041
1985.0	0.000000
1990.0	0.000049
1995.0	0.000899
2000.0	0.000845
2005.0	0.001524
2010.0	0.000548
2015.0	0.000746
2020.0	0.000660
2025.0	0.001027
2030.0	0.000371
2035.0	0.000000
2040.0	0.000000
2045.0	0.000223
2050.0	0.001180
2055.0	0.000311
2060.0	0.000000
2065.0	0.000504
2070.0	0.001152
2075.0	0.001055
2080.0	0.000791
2085.0	0.001012
2090.0	0.000374
2095.0	0.000118
2100.0	0.000887
2105.0	0.000945
2110.0	0.000000
2115.0	0.000386
2120.0	0.000535
2125.0	0.000000
2130.0	0.000123
2135.0	0.000073
2140.0	0.000789
2145.0	0.000952
2150.0	0.001290
2155.0	0.001443
2160.0	0.000948
2165.0	0.000800
2170.0	0.000541
2175.0	0.000425
2180.0	0.000805
2185.0	0.000400
2190.0	0.000492
2195.0	0.000548
2200.0	0.000394
2205.0	0.000608
2210.0	0.000646
2215.0	0.001180
2220.0	0.001148
2225.0	0.000661
2230.0	0.000762
2235.0	0.000540
2240.0	0.001145
2245.0	0.002020
2250.0	0.001961
2255.0	0.002388
2260.0	0.002905
2265.0	0.002421
2270.0	0.002276
2275.0	0.002562
2280.0	0.002347
2285.0	0.002002
2290.0	0.001483
2295.0	0.000871
2300.0	0.001192
2305.0	0.001325
2310.0	0.001202
2315.0	0.001441
2320.0	0.001195
2325.0	0.002333
2330.0	0.002174
2335.0	0.003051
2340.0	0.002342
2345.0	0.002064
2350.0	0.002857
2355.0	0.002225
2360.0	0.002912
2365.0	0.003083
2370.0	0.002903
2375.0	0.002819
2380.0	0.002837
2385.0	0.003114
2390.0	0.003371
2395.0	0.003394
2400.0	0.002628
2405.0	0.002845
2410.0	0.002977
2415.0	0.002850
2420.0	0.003120
2425.0	0.002937
2430.0	0.002748
2435.0	0.003376
2440.0	0.003845
2445.0	0.003588
2450.0	0.003409
2455.0	0.004148
2460.0	0.004413
2465.0	0.004006
2470.0	0.003370
2475.0	0.003781
2480.0	0.003873
2485.0	0.003812
2490.0	0.003694
2495.0	0.002881
2500.0	0.002922
2505.0	0.003315
2510.0	0.004023
2515.0	0.003838
2520.0	0.003554
2525.0	0.002694
2530.0	0.002718
2535.0	0.003584
2540.0	0.003727
2545.0	0.003507
2550.0	0.003522
2555.0	0.004006
2560.0	0.004803
2565.0	0.004945
2570.0	0.005275
2575.0	0.005496
2580.0	0.003685
2585.0	0.003380
2590.0	0.004578
2595.0	0.005299
2600.0	0.005497
2605.0	0.005402
2610.0	0.005403
2615.0	0.005856
2620.0	0.006553
2625.0	0.007318
2630.0	0.007458
2635.0	0.007587
2640.0	0.008624
2645.0	0.009045
2650.0	0.008708
2655.0	0.008885
2660.0	0.009338
2665.0	0.008993
2670.0	0.009166
2675.0	0.009846
2680.0	0.009253
2685.0	0.009302
2690.0	0.009280
2695.0	0.008772
2700.0	0.008829
2705.0	0.009359
2710.0	0.010100
2715.0	0.010216
2720.0	0.010213
2725.0	0.009499
2730.0	0.010333
2735.0	0.011288
2740.0	0.011813
2745.0	0.010764
2750.0	0.009754
2755.0	0.009977
2760.0	0.010735
2765.0	0.012400
2770.0	0.012144
2775.0	0.012642
2780.0	0.012558
2785.0	0.009481
2790.0	0.009975
2795.0	0.021810
2800.0	0.043540
2805.0	0.042073
2810.0	0.030043
2815.0	0.014733
2820.0	0.013393
2825.0	0.014849
2830.0	0.014907
2835.0	0.014359
2840.0	0.014377
2845.0	0.014094
2850.0	0.013672
2855.0	0.011057
2860.0	0.011389
2865.0	0.013641
2870.0	0.015147
2875.0	0.016593
2880.0	0.015853
2885.0	0.016496
2890.0	0.019383
2895.0	0.020082
2900.0	0.021617
2905.0	0.026528
2910.0	0.027382
2915.0	0.025568
2920.0	0.027203
2925.0	0.026321
2930.0	0.023457
2935.0	0.025494
2940.0	0.026059
2945.0	0.025447
2950.0	0.025657
2955.0	0.026095
2960.0	0.028905
2965.0	0.029434
2970.0	0.023896
2975.0	0.022498
2980.0	0.028111
2985.0	0.026051
2990.0	0.023320
2995.0	0.028455
3000.0	0.028264
3005.0	0.025377
3010.0	0.027118
3015.0	0.028588
3020.0	0.025489
3025.0	0.021767
3030.0	0.028672
3035.0	0.035841
3040.0	0.035697
3045.0	0.032487
3050.0	0.034196
3055.0	0.038562
3060.0	0.034321
3065.0	0.029732
3070.0	0.032417
3075.0	0.036424
3080.0	0.038302
3085.0	0.041324
3090.0	0.044922
3095.0	0.040456
3100.0	0.035357
3105.0	0.036790
3110.0	0.049351
3115.0	0.058356
3120.0	0.050812
3125.0	0.044172
3130.0	0.046804
3135.0	0.050092
3140.0	0.056608
3145.0	0.059237
3150.0	0.054879
3155.0	0.060688
3160.0	0.054223
3165.0	0.050042
3170.0	0.060206
3175.0	0.074537
3180.0	0.077113
3185.0	0.065286
3190.0	0.065230
3195.0	0.064676
3200.0	0.059983
3205.0	0.058840
3210.0	0.057707
3215.0	0.056493
3220.0	0.054705
3225.0	0.052078
3230.0	0.049662
3235.0	0.048759
3240.0	0.050353
3245.0	0.054879
3250.0	0.060873
3255.0	0.066798
3260.0	0.072715
3265.0	0.078239
3270.0	0.079584
3275.0	0.074332
3280.0	0.068933
3285.0	0.069897
3290.0	0.075098
3295.0	0.080477
3300.0	0.082876
3305.0	0.080467
3310.0	0.075862
3315.0	0.072263
3320.0	0.070799
3325.0	0.071498
3330.0	0.072049
3335.0	0.070675
3340.0	0.070085
3345.0	0.072650
3350.0	0.074891
3355.0	0.073029
3360.0	0.067936
3365.0	0.061963
3370.0	0.058738
3375.0	0.060533
3380.0	0.062894
3385.0	0.061927
3390.0	0.062677
3395.0	0.069705
3400.0	0.076672
3405.0	0.076993
3410.0	0.074006
3415.0	0.072790
3420.0	0.075476
3425.0	0.081982
3430.0	0.086315
3435.0	0.083386
3440.0	0.077630
3445.0	0.074668
3450.0	0.075333
3455.0	0.078901
3460.0	0.083197
3465.0	0.085991
3470.0	0.086283
3475.0	0.084050
3480.0	0.081953
3485.0	0.082502
3490.0	0.084904
3495.0	0.087918
3500.0	0.091794
3505.0	0.096278
3510.0	0.115821
3515.0	0.115171
3520.0	0.109250
3525.0	0.103996
3530.0	0.113686
3535.0	0.125703
3540.0	0.130205
3545.0	0.127735
3550.0	0.119777
3555.0	0.114070
3560.0	0.108115
3565.0	0.098612
3570.0	0.090700
3575.0	0.089606
3580.0	0.082408
3585.0	0.077895
3590.0	0.089036
3595.0	0.111464
3600.0	0.128633
3605.0	0.123033
3610.0	0.114126
3615.0	0.117308
3620.0	0.123079
3625.0	0.140909
3630.0	0.149500
3635.0	0.144649
3640.0	0.154428
3645.0	0.149359
3650.0	0.146107
3655.0	0.170038
3660.0	0.190517
3665.0	0.190847
3670.0	0.185265
3675.0	0.182872
3680.0	0.172286
3685.0	0.166971
3690.0	0.173879
3695.0	0.190030
3700.0	0.195806
3705.0	0.176996
3710.0	0.168533
3715.0	0.178500
3720.0	0.158237
3725.0	0.149116
3730.0	0.141531
3735.0	0.124476
3740.0	0.125746
3745.0	0.125185
3750.0	0.127543
3755.0	0.144932
3760.0	0.138914
3765.0	0.144504
3770.0	0.165931
3775.0	0.184477
3780.0	0.193096
3785.0	0.179209
3790.0	0.151521
3795.0	0.140677
3800.0	0.146067
3805.0	0.158929
3810.0	0.156051
3815.0	0.135918
3820.0	0.113804
3825.0	0.103912
3830.0	0.103134
3835.0	0.103701
3840.0	0.108865
3845.0	0.117915
3850.0	0.118877
3855.0	0.114516
3860.0	0.111153
3865.0	0.113530
3870.0	0.113543
3875.0	0.117657
3880.0	0.125603
3885.0	0.144098
3890.0	0.169785
3895.0	0.189462
3900.0	0.193928
3905.0	0.193853
3910.0	0.198927
3915.0	0.192889
3920.0	0.169958
3925.0	0.135448
3930.0	0.095147
3935.0	0.082569
3940.0	0.107195
3945.0	0.144724
3950.0	0.181631
3955.0	0.193532
3960.0	0.167253
3965.0	0.120592
3970.0	0.106193
3975.0	0.150990
3980.0	0.212342
3985.0	0.258563
3990.0	0.286528
3995.0	0.301088
4000.0	0.315199
4005.0	0.321467
4010.0	0.335462
4015.0	0.355487
4020.0	0.357257
4025.0	0.349360
4030.0	0.333644
4035.0	0.329835
4040.0	0.338401
4045.0	0.321903
4050.0	0.331991
4055.0	0.327324
4060.0	0.312777
4065.0	0.311531
4070.0	0.319621
4075.0	0.315692
4080.0	0.330344
4085.0	0.369569
4090.0	0.387950
4095.0	0.364743
4100.0	0.335552
4105.0	0.341508
4110.0	0.349313
4115.0	0.345877
4120.0	0.337350
4125.0	0.329707
4130.0	0.317335
4135.0	0.315411
4140.0	0.314488
4145.0	0.302627
4150.0	0.301617
4155.0	0.310087
4160.0	0.327652
4165.0	0.329846
4170.0	0.316573
4175.0	0.301143
4180.0	0.309036
4185.0	0.331634
4190.0	0.340457
4195.0	0.328575
4200.0	0.318685
4205.0	0.336619
4210.0	0.364653
4215.0	0.384790
4220.0	0.402354
4225.0	0.363662
4230.0	0.370942
4235.0	0.401911
4240.0	0.428980
4245.0	0.449743
4250.0	0.425422
4255.0	0.414535
4260.0	0.432640
4265.0	0.451810
4270.0	0.421284
4275.0	0.412745
4280.0	0.435534
4285.0	0.422922
4290.0	0.399339
4295.0	0.383376
4300.0	0.345523
4305.0	0.324558
4310.0	0.360259
4315.0	0.467690
4320.0	0.527566
4325.0	0.514900
4330.0	0.552785
4335.0	0.560845
4340.0	0.527897
4345.0	0.552445
4350.0	0.569974
4355.0	0.584565
4360.0	0.610172
4365.0	0.622017
4370.0	0.592662
4375.0	0.558891
4380.0	0.520726
4385.0	0.479540
4390.0	0.507709
4395.0	0.547811
4400.0	0.555570
4405.0	0.527332
4410.0	0.547403
4415.0	0.570078
4420.0	0.584483
4425.0	0.591990
4430.0	0.588586
4435.0	0.585326
4440.0	0.606360
4445.0	0.625550
4450.0	0.633255
4455.0	0.587602
4460.0	0.555248
4465.0	0.581496
4470.0	0.628205
4475.0	0.684020
4480.0	0.693885
4485.0	0.694522
4490.0	0.673270
4495.0	0.669857
4500.0	0.725200
4505.0	0.774153
4510.0	0.769325
4515.0	0.740245
4520.0	0.723458
4525.0	0.663575
4530.0	0.626152
4535.0	0.655585
4540.0	0.683849
4545.0	0.686797
4550.0	0.680801
4555.0	0.704418
4560.0	0.734125
4565.0	0.738230
4570.0	0.751540
4575.0	0.743357
4580.0	0.724856
4585.0	0.739937
4590.0	0.744488
4595.0	0.719256
4600.0	0.718701
4605.0	0.767170
4610.0	0.831148
4615.0	0.849765
4620.0	0.858324
4625.0	0.851242
4630.0	0.835200
4635.0	0.797501
4640.0	0.764274
4645.0	0.736738
4650.0	0.749062
4655.0	0.795677
4660.0	0.816001
4665.0	0.747370
4670.0	0.748135
4675.0	0.786542
4680.0	0.784798
4685.0	0.787250
4690.0	0.794963
4695.0	0.807366
4700.0	0.771834
4705.0	0.757360
4710.0	0.766652
4715.0	0.812769
4720.0	0.859500
4725.0	0.822416
4730.0	0.772209
4735.0	0.808871
4740.0	0.827383
4745.0	0.848540
4750.0	0.856666
4755.0	0.833901
4760.0	0.810780
4765.0	0.798896
4770.0	0.841702
4775.0	0.889110
4780.0	0.876865
4785.0	0.836062
4790.0	0.853383
4795.0	0.884422
4800.0	0.880074
4805.0	0.870745
4810.0	0.867771
4815.0	0.897812
4820.0	0.911767
4825.0	0.888490
4830.0	0.873275
4835.0	0.869157
4840.0	0.860839
4845.0	0.865361
4850.0	0.859840
4855.0	0.806116
4860.0	0.742994
4865.0	0.748017
4870.0	0.768004
4875.0	0.798188
4880.0	0.826615
4885.0	0.793349
4890.0	0.812599
4895.0	0.890748
4900.0	0.909358
4905.0	0.890753
4910.0	0.868605
4915.0	0.845914
4920.0	0.796383
4925.0	0.837082
4930.0	0.893971
4935.0	0.858096
4940.0	0.862687
4945.0	0.923912
4950.0	0.947816
4955.0	0.917988
4960.0	0.906976
4965.0	0.899452
4970.0	0.906422
4975.0	0.906499
4980.0	0.834986
4985.0	0.814663
4990.0	0.855042
4995.0	0.858350
5000.0	0.831161
5005.0	0.806013
5010.0	0.786742
5015.0	0.762888
5020.0	0.783105
5025.0	0.824831
5030.0	0.873782
5035.0	0.844987
5040.0	0.795246
5045.0	0.845599
5050.0	0.865427
5055.0	0.907819
5060.0	0.931289
5065.0	0.885459
5070.0	0.866133
5075.0	0.838391
5080.0	0.802302
5085.0	0.840008
5090.0	0.893264
5095.0	0.876226
5100.0	0.847500
5105.0	0.834083
5110.0	0.832777
5115.0	0.875032
5120.0	0.854828
5125.0	0.803097
5130.0	0.820067
5135.0	0.838395
5140.0	0.813362
5145.0	0.787290
5150.0	0.791030
5155.0	0.845570
5160.0	0.852989
5165.0	0.724595
5170.0	0.664839
5175.0	0.741704
5180.0	0.781615
5185.0	0.790539
5190.0	0.818043
5195.0	0.824610
5200.0	0.843237
5205.0	0.789649
5210.0	0.800781
5215.0	0.864497
5220.0	0.864941
5225.0	0.814599
5230.0	0.846477
5235.0	0.893394
5240.0	0.928787
5245.0	0.889867
5250.0	0.839530
5255.0	0.876928
5260.0	0.863724
5265.0	0.765917
5270.0	0.760165
5275.0	0.842033
5280.0	0.904770
5285.0	0.950177
5290.0	0.982867
5295.0	0.918479
5300.0	0.899730
5305.0	0.978392
5310.0	1.017354
5315.0	0.996052
5320.0	0.951953
5325.0	0.883971
5330.0	0.872241
5335.0	0.936760
5340.0	0.944546
5345.0	0.941307
5350.0	0.978461
5355.0	1.040762
5360.0	1.042899
5365.0	0.981929
5370.0	0.945842
5375.0	0.988443
5380.0	1.009567
5385.0	0.980245
5390.0	0.937562
5395.0	0.908813
5400.0	0.905396
5405.0	0.878631
5410.0	0.911949
5415.0	0.985995
5420.0	1.003222
5425.0	0.983565
5430.0	0.942825
5435.0	0.951154
5440.0	1.013566
5445.0	0.997892
5450.0	0.980291
5455.0	0.980424
5460.0	0.995076
5465.0	0.999259
5470.0	0.975804
5475.0	0.930986
5480.0	0.928454
5485.0	0.963793
5490.0	0.983859
5495.0	0.997361
5500.0	0.990319
5505.0	0.960378
5510.0	0.948249
5515.0	0.972988
5520.0	1.019631
5525.0	1.007847
5530.0	0.987649
5535.0	0.995668
5540.0	1.020952
5545.0	1.037663
5550.0	1.053827
5555.0	1.045214
5560.0	1.023338
5565.0	0.998299
5570.0	1.002466
5575.0	1.026602
5580.0	1.026892
5585.0	0.969020
5590.0	0.931885
5595.0	0.962158
5600.0	0.980447
5605.0	1.032478
5610.0	1.061627
5615.0	1.007874
5620.0	0.977768
5625.0	0.989438
5630.0	1.032872
5635.0	1.016637
5640.0	0.988702
5645.0	1.005841
5650.0	1.022469
5655.0	0.983956
5660.0	0.949633
5665.0	0.976336
5670.0	1.017588
5675.0	1.049863
5680.0	1.029864
5685.0	1.007380
5690.0	1.023406
5695.0	1.027026
5700.0	0.984351
5705.0	0.938360
5710.0	0.932012
5715.0	1.010897
5720.0	1.077698
5725.0	1.075096
5730.0	1.057755
5735.0	1.059869
5740.0	1.055639
5745.0	1.046226
5750.0	1.026977
5755.0	1.029639
5760.0	1.043016
5765.0	1.071114
5770.0	1.079226
5775.0	1.047528
5780.0	0.980026
5785.0	0.969834
5790.0	1.019294
5795.0	1.047403
5800.0	1.069426
5805.0	1.064222
5810.0	1.070720
5815.0	1.091202
5820.0	1.118899
5825.0	1.128729
5830.0	1.121736
5835.0	1.114678
5840.0	1.126848
5845.0	1.114652
5850.0	1.079905
5855.0	1.049745
5860.0	1.056782
5865.0	1.081049
5870.0	1.108456
5875.0	1.107231
5880.0	1.067572
5885.0	0.965062
5890.0	0.837060
5895.0	0.859782
5900.0	0.987651
5905.0	1.067745
5910.0	1.080036
5915.0	1.065983
5920.0	1.077019
5925.0	1.090500
5930.0	1.079719
5935.0	1.075181
5940.0	1.080467
5945.0	1.078997
5950.0	1.070283
5955.0	1.071847
5960.0	1.100482
5965.0	1.120912
5970.0	1.121135
5975.0	1.091686
5980.0	1.065793
5985.0	1.061831
5990.0	1.075993
5995.0	1.076863
6000.0	1.066121
6005.0	1.053187
6010.0	1.046571
6015.0	1.037109
6020.0	1.042293
6025.0	1.075050
6030.0	1.106547
6035.0	1.116387
6040.0	1.114206
6045.0	1.124381
6050.0	1.121952
6055.0	1.102389
6060.0	1.095102
6065.0	1.105407
6070.0	1.143765
6075.0	1.126809
6080.0	1.080049
6085.0	1.063973
6090.0	1.061899
6095.0	1.072072
6100.0	1.068884
6105.0	1.071876
6110.0	1.098400
6115.0	1.092722
6120.0	1.058499
6125.0	1.055277
6130.0	1.059323
6135.0	1.017424
6140.0	1.022557
6145.0	1.062753
6150.0	1.073045
6155.0	1.059171
6160.0	1.010185
6165.0	1.009132
6170.0	1.033323
6175.0	1.069675
6180.0	1.090399
6185.0	1.070977
6190.0	1.038056
6195.0	1.072637
6200.0	1.088479
6205.0	1.101161
6210.0	1.068321
6215.0	1.019145
6220.0	1.018533
6225.0	1.026984
6230.0	1.019208
6235.0	1.030298
6240.0	1.007248
6245.0	1.008570
6250.0	1.004175
6255.0	0.960173
6260.0	0.984511
6265.0	1.028999
6270.0	1.037091
6275.0	1.025504
6280.0	1.006935
6285.0	1.044441
6290.0	1.062508
6295.0	1.025410
6300.0	1.007639
6305.0	1.035430
6310.0	1.044965
6315.0	1.011578
6320.0	1.015632
6325.0	1.054796
6330.0	1.065234
6335.0	1.040556
6340.0	1.031295
6345.0	1.054428
6350.0	1.067399
6355.0	1.027014
6360.0	0.987867
6365.0	1.025293
6370.0	1.073194
6375.0	1.078798
6380.0	1.070983
6385.0	1.073671
6390.0	1.057679
6395.0	1.045022
6400.0	1.050481
6405.0	1.056114
6410.0	1.051004
6415.0	1.043377
6420.0	1.046606
6425.0	1.062637
6430.0	1.055882
6435.0	1.065196
6440.0	1.077823
6445.0	1.068140
6450.0	1.034426
6455.0	1.042360
6460.0	1.055700
6465.0	1.052889
6470.0	1.061071
6475.0	1.057383
6480.0	1.050022
6485.0	1.049331
6490.0	1.013936
6495.0	0.948368
6500.0	0.975584
6505.0	1.042499
6510.0	1.075670
6515.0	1.071058
6520.0	1.069817
6525.0	1.069026
6530.0	1.063322
6535.0	1.075624
6540.0	1.084287
6545.0	1.072808
6550.0	1.046313
6555.0	0.986630
6560.0	0.914844
6565.0	0.940591
6570.0	1.020849
6575.0	1.042903
6580.0	1.060812
6585.0	1.061014
6590.0	1.049277
6595.0	1.041630
6600.0	1.060637
6605.0	1.050157
6610.0	1.047785
6615.0	1.075566
6620.0	1.088555
6625.0	1.073240
6630.0	1.053187
6635.0	1.050189
6640.0	1.056517
6645.0	1.061547
6650.0	1.069556
6655.0	1.066426
6660.0	1.047211
6665.0	1.040597
6670.0	1.056491
6675.0	1.050215
6680.0	1.052567
6685.0	1.080377
6690.0	1.087175
6695.0	1.073331
6700.0	1.061576
6705.0	1.056389
6710.0	1.047125
6715.0	1.036790
6720.0	1.049670
6725.0	1.066721
6730.0	1.070360
6735.0	1.054928
6740.0	1.034512
6745.0	1.029698
6750.0	1.036422
6755.0	1.060177
6760.0	1.076354
6765.0	1.058093
6770.0	1.044754
6775.0	1.059448
6780.0	1.069511
6785.0	1.061827
6790.0	1.063712
6795.0	1.065650
6800.0	1.065403
6805.0	1.063595
6810.0	1.060276
6815.0	1.064006
6820.0	1.073676
6825.0	1.072267
6830.0	1.063338
6835.0	1.057189
6840.0	1.055201
6845.0	1.054047
6850.0	1.052765
6855.0	1.051326
6860.0	1.049893
6865.0	1.048592
6870.0	1.047218
6875.0	1.045581
6880.0	1.043881
6885.0	1.042328
6890.0	1.040765
6895.0	1.038993
6900.0	1.037030
6905.0	1.034978
6910.0	1.033061
6915.0	1.031412
6920.0	1.029669
6925.0	1.027521
6930.0	1.025347
6935.0	1.023550
6940.0	1.021953
6945.0	1.020215
6950.0	1.017932
6955.0	1.015196
6960.0	1.014152
6965.0	1.015285
6970.0	1.010383
6975.0	0.996568
6980.0	0.978961
6985.0	1.007442
6990.0	1.012492
6995.0	1.003336
7000.0	0.981170
7005.0	0.968555
7010.0	0.972235
7015.0	0.955803
7020.0	0.955942
7025.0	0.964927
7030.0	0.984414
7035.0	0.993203
7040.0	1.003777
7045.0	1.017028
7050.0	1.008944
7055.0	1.006942
7060.0	0.998137
7065.0	0.974725
7070.0	0.983623
7075.0	1.013332
7080.0	1.008314
7085.0	0.972561
7090.0	0.960841
7095.0	0.964540
7100.0	0.973229
7105.0	0.965589
7110.0	0.952578
7115.0	0.961034
7120.0	0.963788
7125.0	0.958185
7130.0	0.955333
7135.0	0.978731
7140.0	0.984092
7145.0	0.974841
7150.0	0.967668
7155.0	0.972066
7160.0	0.968687
7165.0	0.958128
7170.0	0.954751
7175.0	0.940924
7180.0	0.925649
7185.0	0.901028
7190.0	0.893029
7195.0	0.914436
7200.0	0.930060
7205.0	0.937176
7210.0	0.955552
7215.0	0.976151
7220.0	0.987699
7225.0	0.991769
7230.0	0.986672
7235.0	0.975930
7240.0	0.966522
7245.0	0.959789
7250.0	0.961864
7255.0	0.958981
7260.0	0.958478
7265.0	0.963636
7270.0	0.967088
7275.0	0.949887
7280.0	0.940758
7285.0	0.925012
7290.0	0.915716
7295.0	0.942668
7300.0	0.962750
7305.0	0.953695
7310.0	0.946145
7315.0	0.949162
7320.0	0.955216
7325.0	0.951084
7330.0	0.956217
7335.0	0.966769
7340.0	0.974347
7345.0	0.963246
7350.0	0.952924
7355.0	0.934090
7360.0	0.929172
7365.0	0.935463
7370.0	0.958021
7375.0	0.971661
7380.0	0.958892
7385.0	0.924338
7390.0	0.915156
7395.0	0.934751
7400.0	0.946930
7405.0	0.944321
7410.0	0.919987
7415.0	0.913946
7420.0	0.917186
7425.0	0.928965
7430.0	0.940818
7435.0	0.941491
7440.0	0.923675
7445.0	0.919313
7450.0	0.932327
7455.0	0.930999
7460.0	0.916268
7465.0	0.929254
7470.0	0.929281
7475.0	0.918830
7480.0	0.909362
7485.0	0.913519
7490.0	0.907924
7495.0	0.906440
7500.0	0.922307
7505.0	0.913838
7510.0	0.906346
7515.0	0.922879
7520.0	0.930133
7525.0	0.920202
7530.0	0.925709
7535.0	0.936063
7540.0	0.937300
7545.0	0.932911
7550.0	0.928766
7555.0	0.927803
7560.0	0.928463
7565.0	0.928509
7570.0	0.928055
7575.0	0.927673
7580.0	0.927426
7585.0	0.927275
7590.0	0.927305
7595.0	0.927558
7600.0	0.927792
7605.0	0.927769
7610.0	0.927548
7615.0	0.927273
7620.0	0.927130
7625.0	0.927230
7630.0	0.927335
7635.0	0.927219
7640.0	0.927034
7645.0	0.926966
7650.0	0.926960
7655.0	0.926894
7660.0	0.926610
7665.0	0.926031
7670.0	0.925433
7675.0	0.925075
7680.0	0.924780
7685.0	0.924337
7690.0	0.923844
7695.0	0.923413
7700.0	0.922907
7705.0	0.922217
7710.0	0.921588
7715.0	0.921129
7720.0	0.920054
7725.0	0.918203
7730.0	0.918811
7735.0	0.931440
7740.0	0.926108
7745.0	0.889398
7750.0	0.881142
7755.0	0.910637
7760.0	0.927056
7765.0	0.928692
7770.0	0.923371
7775.0	0.915459
7780.0	0.904434
7785.0	0.900466
7790.0	0.898121
7795.0	0.897686
7800.0	0.891966
7805.0	0.890953
7810.0	0.892816
7815.0	0.906058
7820.0	0.912126
7825.0	0.905615
7830.0	0.880784
7835.0	0.871969
7840.0	0.883861
7845.0	0.884545
7850.0	0.871827
7855.0	0.872078
7860.0	0.882068
7865.0	0.881668
7870.0	0.864061
7875.0	0.844025
7880.0	0.833035
7885.0	0.838109
7890.0	0.829374
7895.0	0.803524
7900.0	0.803661
7905.0	0.803774
7910.0	0.786390
7915.0	0.773520
7920.0	0.777051
7925.0	0.780223
7930.0	0.778216
7935.0	0.770123
7940.0	0.755679
7945.0	0.750250
7950.0	0.761617
7955.0	0.766269
7960.0	0.767357
7965.0	0.773603
7970.0	0.779920
7975.0	0.776456
7980.0	0.775735
7985.0	0.775359
7990.0	0.772523
7995.0	0.754030
8000.0	0.744978
8005.0	0.753628
8010.0	0.762893
8015.0	0.777450
8020.0	0.767654
8025.0	0.731918
8030.0	0.737782
8035.0	0.768903
8040.0	0.763977
8045.0	0.733120
8050.0	0.730606
8055.0	0.753517
8060.0	0.764021
8065.0	0.748930
8070.0	0.725989
8075.0	0.730366
8080.0	0.734045
8085.0	0.731104
8090.0	0.713320
8095.0	0.710816
8100.0	0.710683
8105.0	0.709603
8110.0	0.707785
8115.0	0.706073
8120.0	0.705826
8125.0	0.707504
8130.0	0.707460
8135.0	0.702653
8140.0	0.696571
8145.0	0.693171
8150.0	0.691756
8155.0	0.690508
8160.0	0.687771
8165.0	0.682884
8170.0	0.678994
8175.0	0.679188
8180.0	0.682504
8185.0	0.686357
8190.0	0.685729
8195.0	0.678487
8200.0	0.676491
8205.0	0.689592
8210.0	0.705628
8215.0	0.709759
8220.0	0.698458
8225.0	0.675511
8230.0	0.662644
8235.0	0.677077
8240.0	0.700052
8245.0	0.709691
8250.0	0.707614
8255.0	0.701521
8260.0	0.699942
8265.0	0.707378
8270.0	0.711398
8275.0	0.701165
8280.0	0.689165
8285.0	0.688875
8290.0	0.694405
8295.0	0.697009
8300.0	0.695869
8305.0	0.692616
8310.0	0.690744
8315.0	0.692752
8320.0	0.695299
8325.0	0.694541
8330.0	0.690478
8335.0	0.684928
8340.0	0.683144
8345.0	0.688953
8350.0	0.697039
8355.0	0.701345
8360.0	0.701999
8365.0	0.700879
8370.0	0.700694
8375.0	0.702648
8380.0	0.701114
8385.0	0.692462
8390.0	0.687873
8395.0	0.697190
8400.0	0.710076
8405.0	0.714634
8410.0	0.706684
8415.0	0.703125
8420.0	0.700032
8425.0	0.694791
8430.0	0.701543
8435.0	0.680027
8440.0	0.681665
8445.0	0.693115
8450.0	0.702659
8455.0	0.712458
8460.0	0.716842
8465.0	0.698394
8470.0	0.703619
8475.0	0.722700
8480.0	0.725227
8485.0	0.732826
8490.0	0.710234
8495.0	0.603377
8500.0	0.578727
8505.0	0.661701
8510.0	0.697295
8515.0	0.676890
8520.0	0.676067
8525.0	0.679924
8530.0	0.679626
8535.0	0.619225
8540.0	0.514047
8545.0	0.514526
8550.0	0.582624
8555.0	0.641136
8560.0	0.688564
8565.0	0.700763
8570.0	0.696866
8575.0	0.697030
8580.0	0.694695
8585.0	0.699417
8590.0	0.703104
8595.0	0.701382
8600.0	0.705153
8605.0	0.710373
8610.0	0.711319
8615.0	0.717505
8620.0	0.719044
8625.0	0.727307
8630.0	0.736862
8635.0	0.746475
8640.0	0.750496
8645.0	0.737357
8650.0	0.725975
8655.0	0.696383
8660.0	0.605506
8665.0	0.586627
8670.0	0.608931
8675.0	0.655446
8680.0	0.714607
8685.0	0.707653
8690.0	0.706262
8695.0	0.754728
8700.0	0.715181
8705.0	0.734616
8710.0	0.727900
8715.0	0.740222
8720.0	0.758648
8725.0	0.749554
8730.0	0.740211
8735.0	0.741602
8740.0	0.736751
8745.0	0.729879
8750.0	0.726118
8755.0	0.728145
8760.0	0.725945
8765.0	0.714158
8770.0	0.708784
8775.0	0.717751
8780.0	0.735023
8785.0	0.737168
8790.0	0.739699
8795.0	0.719104
8800.0	0.708338
8805.0	0.656669
8810.0	0.701902
8815.0	0.737574
8820.0	0.707931
8825.0	0.708791
8830.0	0.734827
8835.0	0.715293
8840.0	0.712695
8845.0	0.738548
8850.0	0.749958
8855.0	0.747997
8860.0	0.725288
8865.0	0.707563
8870.0	0.731323
8875.0	0.728792
8880.0	0.728248
8885.0	0.744683
8890.0	0.740723
8895.0	0.744088
8900.0	0.747871
8905.0	0.737123
8910.0	0.734930
8915.0	0.730020
8920.0	0.723720
8925.0	0.719212
8930.0	0.722251
8935.0	0.721689
8940.0	0.721176
8945.0	0.720736
8950.0	0.720395
8955.0	0.720167
8960.0	0.720042
8965.0	0.720000
8970.0	0.720021
8975.0	0.720086
8980.0	0.720176
8985.0	0.720271
8990.0	0.720352
8995.0	0.720400
9000.0	0.720395
9005.0	0.720315
9010.0	0.720128
9015.0	0.719798
9020.0	0.719290
9025.0	0.718568
9030.0	0.717598
9035.0	0.716345
9040.0	0.714771
9045.0	0.712844
9050.0	0.710526
9055.0	0.707797
9060.0	0.704684
9065.0	0.701230
9070.0	0.697478
9075.0	0.693469
9080.0	0.689246
9085.0	0.684851
9090.0	0.680325
9095.0	0.675712
9100.0	0.671053
9105.0	0.666380
9110.0	0.661689
9115.0	0.656965
9120.0	0.652193
9125.0	0.647357
9130.0	0.642443
9135.0	0.637437
9140.0	0.632322
9145.0	0.627085
9150.0	0.621711
9155.0	0.616199
9160.0	0.610611
9165.0	0.605024
9170.0	0.599515
9175.0	0.594159
9180.0	0.589033
9185.0	0.584215
9190.0	0.579781
9195.0	0.575806
9200.0	0.572368
9205.0	0.569527
9210.0	0.567274
9215.0	0.565585
9220.0	0.564434
9225.0	0.563796
9230.0	0.563646
9235.0	0.563961
9240.0	0.564713
9245.0	0.565879
9250.0	0.567434
9255.0	0.569346
9260.0	0.571555
9265.0	0.573998
9270.0	0.576607
9275.0	0.579318
9280.0	0.582065
9285.0	0.584783
9290.0	0.587406
9295.0	0.589868
9300.0	0.592105
9305.0	0.594065
9310.0	0.595755
9315.0	0.597193
9320.0	0.598402
9325.0	0.599402
9330.0	0.600212
9335.0	0.600854
9340.0	0.601348
9345.0	0.601715
9350.0	0.601974
9355.0	0.602145
9360.0	0.602242
9365.0	0.602280
9370.0	0.602270
9375.0	0.602228
9380.0	0.602164
9385.0	0.602094
9390.0	0.602030
9395.0	0.601985
9400.0	0.601974
9405.0	0.602004
9410.0	0.602065
9415.0	0.602144
9420.0	0.602226
9425.0	0.602296
9430.0	0.602341
9435.0	0.602346
9440.0	0.602295
9445.0	0.602176
9450.0	0.601974
9455.0	0.601678
9460.0	0.601300
9465.0	0.600853
9470.0	0.600352
9475.0	0.599812
9480.0	0.599248
9485.0	0.598674
9490.0	0.598104
9495.0	0.597555
9500.0	0.597039
9505.0	0.596568
9510.0	0.596131
9515.0	0.595714
9520.0	0.595301
9525.0	0.594879
9530.0	0.594432
9535.0	0.593946
9540.0	0.593406
9545.0	0.592797
9550.0	0.592105
9555.0	0.591320
9560.0	0.590452
9565.0	0.589515
9570.0	0.588523
9575.0	0.587491
9580.0	0.586433
9585.0	0.585365
9590.0	0.584299
9595.0	0.583252
9600.0	0.582237
9605.0	0.581264
9610.0	0.580324
9615.0	0.579404
9620.0	0.578490
9625.0	0.577568
9630.0	0.576625
9635.0	0.575647
9640.0	0.574621
9645.0	0.573532
9650.0	0.572368
9655.0	0.571124
9660.0	0.569830
9665.0	0.568527
9670.0	0.567255
9675.0	0.566053
9680.0	0.564962
9685.0	0.564021
9690.0	0.563270
9695.0	0.562750
9700.0	0.562500
9705.0	0.562549
9710.0	0.562880
9715.0	0.563466
9720.0	0.564279
9725.0	0.565292
9730.0	0.566475
9735.0	0.567802
9740.0	0.569246
9745.0	0.570777
9750.0	0.572368
9755.0	0.573994
9760.0	0.575635
9765.0	0.577273
9770.0	0.578890
9775.0	0.580469
9780.0	0.581993
9785.0	0.583442
9790.0	0.584800
9795.0	0.586049
9800.0	0.587171
9805.0	0.588153
9810.0	0.589000
9815.0	0.589723
9820.0	0.590330
9825.0	0.590832
9830.0	0.591238
9835.0	0.591559
9840.0	0.591804
9845.0	0.591983
9850.0	0.592105
9855.0	0.592181
9860.0	0.592219
9865.0	0.592226
9870.0	0.592211
9875.0	0.592181
9880.0	0.592146
9885.0	0.592113
9890.0	0.592089
9895.0	0.592084
9900.0	0.592105
9905.0	0.592157
9910.0	0.592231
9915.0	0.592314
9920.0	0.592393
9925.0	0.592457
9930.0	0.592493
9935.0	0.592488
9940.0	0.592430
9945.0	0.592307
9950.0	0.592105
9955.0	0.591817
9960.0	0.591451
9965.0	0.591018
9970.0	0.590532
9975.0	0.590004
9980.0	0.589447
9985.0	0.588873
9990.0	0.588294
9995.0	0.587723
10000.0	0.587171
10005.0	0.586648
10010.0	0.586150
10015.0	0.585671
10020.0	0.585202
10025.0	0.584738
10030.0	0.584271
10035.0	0.583794
10040.0	0.583301
10045.0	0.582784
10050.0	0.582237
10055.0	0.581656
10060.0	0.581053
10065.0	0.580443
10070.0	0.579843
10075.0	0.579267
10080.0	0.578732
10085.0	0.578252
10090.0	0.577844
10095.0	0.577522
10100.0	0.577303
10105.0	0.577194
10110.0	0.577178
10115.0	0.577229
10120.0	0.577321
10125.0	0.577428
10130.0	0.577525
10135.0	0.577587
10140.0	0.577587
10145.0	0.577501
10150.0	0.577303
10155.0	0.576975
10160.0	0.576537
10165.0	0.576017
10170.0	0.575441
10175.0	0.574838
10180.0	0.574234
10185.0	0.573658
10190.0	0.573136
10195.0	0.572697
10200.0	0.572368
10205.0	0.572168
10210.0	0.572080
10215.0	0.572079
10220.0	0.572139
10225.0	0.572235
10230.0	0.572342
10235.0	0.572434
10240.0	0.572486
10245.0	0.572473
10250.0	0.572368
10255.0	0.572155
10260.0	0.571840
10265.0	0.571438
10270.0	0.570964
10275.0	0.570433
10280.0	0.569859
10285.0	0.569258
10290.0	0.568643
10295.0	0.568031
10300.0	0.567434
10305.0	0.566866
10310.0	0.566325
10315.0	0.565807
10320.0	0.565308
10325.0	0.564825
10330.0	0.564353
10335.0	0.563888
10340.0	0.563427
10345.0	0.562966
10350.0	0.562500
10355.0	0.562027
10360.0	0.561546
10365.0	0.561059
10370.0	0.560567
10375.0	0.560071
10380.0	0.559572
10385.0	0.559070
10390.0	0.558568
10395.0	0.558066
10400.0	0.557566
10405.0	0.557067
10410.0	0.556570
10415.0	0.556075
10420.0	0.555582
10425.0	0.555089
10430.0	0.554597
10435.0	0.554106
10440.0	0.553615
10445.0	0.553123
10450.0	0.552632
10455.0	0.552139
10460.0	0.551646
10465.0	0.551152
10470.0	0.550658
10475.0	0.550164
10480.0	0.549670
10485.0	0.549176
10490.0	0.548683
10495.0	0.548190
10500.0	0.547697
10505.0	0.547206
10510.0	0.546715
10515.0	0.546225
10520.0	0.545736
10525.0	0.545248
10530.0	0.544760
10535.0	0.544274
10540.0	0.543788
10545.0	0.543303
10550.0	0.542818
10555.0	0.542335
10560.0	0.541852
10565.0	0.541370
10570.0	0.540889
10575.0	0.540409
10580.0	0.539930
10585.0	0.539451
10590.0	0.538973
10595.0	0.538496
10600.0	0.538019
10605.0	0.537544
10610.0	0.537069
10615.0	0.536595
10620.0	0.536122
