#-- g8iii
#\*l[Angstrom]	F(\*l)/F(555.6Angstrom]
1150.0	0.000000
1155.0	0.000000
1160.0	0.000000
1165.0	0.000000
1170.0	0.000000
1175.0	0.000000
1180.0	0.000000
1185.0	0.000000
1190.0	0.000000
1195.0	0.000000
1200.0	0.000000
1205.0	0.000000
1210.0	0.000000
1215.0	0.000000
1220.0	0.000000
1225.0	0.000000
1230.0	0.000000
1235.0	0.000000
1240.0	0.000000
1245.0	0.000000
1250.0	0.000000
1255.0	0.000000
1260.0	0.000000
1265.0	0.000000
1270.0	0.000000
1275.0	0.000000
1280.0	0.000000
1285.0	0.000000
1290.0	0.000000
1295.0	0.000000
1300.0	0.000000
1305.0	0.000000
1310.0	0.000000
1315.0	0.000000
1320.0	0.000000
1325.0	0.000000
1330.0	0.000000
1335.0	0.000000
1340.0	0.000000
1345.0	0.000000
1350.0	0.000000
1355.0	0.000000
1360.0	0.000000
1365.0	0.000000
1370.0	0.000000
1375.0	0.000000
1380.0	0.000000
1385.0	0.000000
1390.0	0.000000
1395.0	0.000000
1400.0	0.000000
1405.0	0.000000
1410.0	0.000000
1415.0	0.000000
1420.0	0.000000
1425.0	0.000000
1430.0	0.000000
1435.0	0.000000
1440.0	0.000000
1445.0	0.000000
1450.0	0.000000
1455.0	0.000000
1460.0	0.000000
1465.0	0.000000
1470.0	0.000000
1475.0	0.000000
1480.0	0.000000
1485.0	0.000000
1490.0	0.000000
1495.0	0.000000
1500.0	0.000000
1505.0	0.000000
1510.0	0.000000
1515.0	0.000000
1520.0	0.000000
1525.0	0.000000
1530.0	0.000000
1535.0	0.000000
1540.0	0.000000
1545.0	0.000000
1550.0	0.000000
1555.0	0.000000
1560.0	0.000000
1565.0	0.000000
1570.0	0.000000
1575.0	0.000000
1580.0	0.000000
1585.0	0.000000
1590.0	0.000000
1595.0	0.000000
1600.0	0.000000
1605.0	0.000000
1610.0	0.000000
1615.0	0.000000
1620.0	0.000000
1625.0	0.000000
1630.0	0.000000
1635.0	0.000000
1640.0	0.000000
1645.0	0.000000
1650.0	0.000000
1655.0	0.000000
1660.0	0.000000
1665.0	0.000000
1670.0	0.000000
1675.0	0.000000
1680.0	0.000000
1685.0	0.000000
1690.0	0.000000
1695.0	0.000000
1700.0	0.000000
1705.0	0.000000
1710.0	0.000000
1715.0	0.000000
1720.0	0.000000
1725.0	0.000000
1730.0	0.000000
1735.0	0.000000
1740.0	0.000000
1745.0	0.000000
1750.0	0.000000
1755.0	0.000000
1760.0	0.000000
1765.0	0.000000
1770.0	0.000000
1775.0	0.000000
1780.0	0.000000
1785.0	0.000000
1790.0	0.000000
1795.0	0.000000
1800.0	0.000000
1805.0	0.000000
1810.0	0.000000
1815.0	0.000000
1820.0	0.000000
1825.0	0.000000
1830.0	0.000000
1835.0	0.000000
1840.0	0.000000
1845.0	0.000000
1850.0	0.000000
1855.0	0.000000
1860.0	0.000000
1865.0	0.000000
1870.0	0.000000
1875.0	0.000000
1880.0	0.000000
1885.0	0.000000
1890.0	0.000000
1895.0	0.000000
1900.0	0.000000
1905.0	0.000000
1910.0	0.000000
1915.0	0.000000
1920.0	0.000000
1925.0	0.000000
1930.0	0.000000
1935.0	0.000000
1940.0	0.000000
1945.0	0.000000
1950.0	0.000000
1955.0	0.000001
1960.0	0.000002
1965.0	0.000003
1970.0	0.000004
1975.0	0.000005
1980.0	0.000006
1985.0	0.000005
1990.0	0.000005
1995.0	0.000003
2000.0	0.000000
2005.0	0.000000
2010.0	0.000000
2015.0	0.000000
2020.0	0.000000
2025.0	0.000000
2030.0	0.000000
2035.0	0.000000
2040.0	0.000000
2045.0	0.000000
2050.0	0.000000
2055.0	0.000014
2060.0	0.000030
2065.0	0.000047
2070.0	0.000062
2075.0	0.000073
2080.0	0.000078
2085.0	0.000075
2090.0	0.000063
2095.0	0.000038
2100.0	0.000000
2105.0	0.000000
2110.0	0.000000
2115.0	0.000000
2120.0	0.000000
2125.0	0.000000
2130.0	0.000000
2135.0	0.000000
2140.0	0.000000
2145.0	0.000000
2150.0	0.000000
2155.0	0.000199
2160.0	0.000448
2165.0	0.000736
2170.0	0.001053
2175.0	0.001389
2180.0	0.001734
2185.0	0.002077
2190.0	0.002410
2195.0	0.002721
2200.0	0.003000
2205.0	0.003240
2210.0	0.003441
2215.0	0.003607
2220.0	0.003739
2225.0	0.003842
2230.0	0.003917
2235.0	0.003967
2240.0	0.003996
2245.0	0.004006
2250.0	0.004000
2255.0	0.003981
2260.0	0.003954
2265.0	0.003924
2270.0	0.003894
2275.0	0.003870
2280.0	0.003856
2285.0	0.003858
2290.0	0.003879
2295.0	0.003925
2300.0	0.004000
2305.0	0.004107
2310.0	0.004238
2315.0	0.004383
2320.0	0.004534
2325.0	0.004679
2330.0	0.004811
2335.0	0.004918
2340.0	0.004992
2345.0	0.005022
2350.0	0.005000
2355.0	0.004919
2360.0	0.004792
2365.0	0.004633
2370.0	0.004460
2375.0	0.004288
2380.0	0.004133
2385.0	0.004010
2390.0	0.003937
2395.0	0.003928
2400.0	0.004000
2405.0	0.004163
2410.0	0.004404
2415.0	0.004706
2420.0	0.005050
2425.0	0.005419
2430.0	0.005794
2435.0	0.006158
2440.0	0.006492
2445.0	0.006779
2450.0	0.007000
2455.0	0.007143
2460.0	0.007216
2465.0	0.007234
2470.0	0.007211
2475.0	0.007161
2480.0	0.007098
2485.0	0.007036
2490.0	0.006990
2495.0	0.006973
2500.0	0.007000
2505.0	0.007081
2510.0	0.007211
2515.0	0.007383
2520.0	0.007586
2525.0	0.007813
2530.0	0.008055
2535.0	0.008303
2540.0	0.008549
2545.0	0.008784
2550.0	0.009000
2555.0	0.009193
2560.0	0.009378
2565.0	0.009575
2570.0	0.009806
2575.0	0.010088
2580.0	0.010444
2585.0	0.010893
2590.0	0.011455
2595.0	0.012151
2600.0	0.013000
2605.0	0.014014
2610.0	0.015165
2615.0	0.016418
2620.0	0.017736
2625.0	0.019084
2630.0	0.020425
2635.0	0.021723
2640.0	0.022942
2645.0	0.024047
2650.0	0.025000
2655.0	0.025775
2660.0	0.026379
2665.0	0.026828
2670.0	0.027138
2675.0	0.027326
2680.0	0.027408
2685.0	0.027401
2690.0	0.027319
2695.0	0.027180
2700.0	0.027000
2705.0	0.026793
2710.0	0.026569
2715.0	0.026334
2720.0	0.026096
2725.0	0.025861
2730.0	0.025638
2735.0	0.025433
2740.0	0.025253
2745.0	0.025107
2750.0	0.025000
2755.0	0.024939
2760.0	0.024922
2765.0	0.024946
2770.0	0.025008
2775.0	0.025104
2780.0	0.025232
2785.0	0.025389
2790.0	0.025572
2795.0	0.025776
2800.0	0.026000
2805.0	0.026246
2810.0	0.026544
2815.0	0.026928
2820.0	0.027434
2825.0	0.028097
2830.0	0.028952
2835.0	0.030035
2840.0	0.031380
2845.0	0.033024
2850.0	0.035000
2855.0	0.037331
2860.0	0.039982
2865.0	0.042907
2870.0	0.046056
2875.0	0.049382
2880.0	0.052838
2885.0	0.056376
2890.0	0.059947
2895.0	0.063504
2900.0	0.067000
2905.0	0.070384
2910.0	0.073599
2915.0	0.076583
2920.0	0.079279
2925.0	0.081624
2930.0	0.083559
2935.0	0.085025
2940.0	0.085960
2945.0	0.086305
2950.0	0.086000
2955.0	0.085021
2960.0	0.083487
2965.0	0.081555
2970.0	0.079382
2975.0	0.077122
2980.0	0.074933
2985.0	0.072970
2990.0	0.071389
2995.0	0.070347
3000.0	0.070000
3005.0	0.070459
3010.0	0.071661
3015.0	0.073497
3020.0	0.075858
3025.0	0.078637
3030.0	0.081725
3035.0	0.085013
3040.0	0.088394
3045.0	0.091759
3050.0	0.095000
3055.0	0.098029
3060.0	0.100845
3065.0	0.103467
3070.0	0.105914
3075.0	0.108206
3080.0	0.110360
3085.0	0.112398
3090.0	0.114338
3095.0	0.116199
3100.0	0.118000
3105.0	0.119762
3110.0	0.121509
3115.0	0.123267
3120.0	0.125061
3125.0	0.126916
3130.0	0.128858
3135.0	0.130912
3140.0	0.133103
3145.0	0.135457
3150.0	0.138000
3155.0	0.140741
3160.0	0.143629
3165.0	0.146597
3170.0	0.149578
3175.0	0.152505
3180.0	0.155313
3185.0	0.157932
3190.0	0.160298
3195.0	0.162343
3200.0	0.164000
3205.0	0.183976
3210.0	0.194210
3215.0	0.190431
3220.0	0.180673
3225.0	0.156175
3230.0	0.140788
3235.0	0.154191
3240.0	0.166752
3245.0	0.151743
3250.0	0.143378
3255.0	0.174493
3260.0	0.211492
3265.0	0.216610
3270.0	0.201838
3275.0	0.188849
3280.0	0.188281
3285.0	0.204036
3290.0	0.224119
3295.0	0.234770
3300.0	0.231056
3305.0	0.213906
3310.0	0.198867
3315.0	0.198918
3320.0	0.202159
3325.0	0.196141
3330.0	0.191109
3335.0	0.198523
3340.0	0.212009
3345.0	0.221657
3350.0	0.221236
3355.0	0.208515
3360.0	0.193573
3365.0	0.186353
3370.0	0.183949
3375.0	0.182535
3380.0	0.187454
3385.0	0.202875
3390.0	0.219106
3395.0	0.225308
3400.0	0.219908
3405.0	0.206157
3410.0	0.197345
3415.0	0.204287
3420.0	0.217878
3425.0	0.226059
3430.0	0.224869
3435.0	0.214364
3440.0	0.202557
3445.0	0.197572
3450.0	0.200007
3455.0	0.207376
3460.0	0.212372
3465.0	0.209279
3470.0	0.203550
3475.0	0.201093
3480.0	0.198469
3485.0	0.192949
3490.0	0.194005
3495.0	0.209554
3500.0	0.229103
3505.0	0.239902
3510.0	0.232780
3515.0	0.233329
3520.0	0.222730
3525.0	0.214660
3530.0	0.231973
3535.0	0.247046
3540.0	0.250608
3545.0	0.243276
3550.0	0.228180
3555.0	0.211903
3560.0	0.197917
3565.0	0.178243
3570.0	0.167836
3575.0	0.167004
3580.0	0.146248
3585.0	0.143666
3590.0	0.182479
3595.0	0.235809
3600.0	0.255864
3605.0	0.236921
3610.0	0.230459
3615.0	0.239469
3620.0	0.254002
3625.0	0.298138
3630.0	0.290306
3635.0	0.280815
3640.0	0.303702
3645.0	0.286745
3650.0	0.295251
3655.0	0.356045
3660.0	0.383770
3665.0	0.369670
3670.0	0.358248
3675.0	0.357250
3680.0	0.330677
3685.0	0.319894
3690.0	0.337143
3695.0	0.362440
3700.0	0.370623
3705.0	0.326450
3710.0	0.323510
3715.0	0.344839
3720.0	0.285755
3725.0	0.275898
3730.0	0.259102
3735.0	0.216887
3740.0	0.224253
3745.0	0.219857
3750.0	0.231021
3755.0	0.276859
3760.0	0.263910
3765.0	0.275390
3770.0	0.316472
3775.0	0.350157
3780.0	0.357236
3785.0	0.325473
3790.0	0.271716
3795.0	0.254442
3800.0	0.270089
3805.0	0.295968
3810.0	0.278491
3815.0	0.231852
3820.0	0.186943
3825.0	0.165157
3830.0	0.164818
3835.0	0.167143
3840.0	0.178915
3845.0	0.196724
3850.0	0.193184
3855.0	0.180607
3860.0	0.177390
3865.0	0.190350
3870.0	0.189398
3875.0	0.206873
3880.0	0.222276
3885.0	0.258530
3890.0	0.313819
3895.0	0.356670
3900.0	0.356241
3905.0	0.349816
3910.0	0.374996
3915.0	0.368443
3920.0	0.308169
3925.0	0.239952
3930.0	0.159421
3935.0	0.144422
3940.0	0.217266
3945.0	0.296120
3950.0	0.361391
3955.0	0.373285
3960.0	0.303627
3965.0	0.201141
3970.0	0.192509
3975.0	0.308982
3980.0	0.423487
3985.0	0.484773
3990.0	0.521870
3995.0	0.538241
4000.0	0.553370
4005.0	0.558378
4010.0	0.582950
4015.0	0.607921
4020.0	0.613566
4025.0	0.603636
4030.0	0.572129
4035.0	0.568478
4040.0	0.573594
4045.0	0.538819
4050.0	0.564795
4055.0	0.549455
4060.0	0.520848
4065.0	0.522007
4070.0	0.541757
4075.0	0.537750
4080.0	0.571648
4085.0	0.626116
4090.0	0.641343
4095.0	0.601912
4100.0	0.560673
4105.0	0.578113
4110.0	0.600328
4115.0	0.603560
4120.0	0.587497
4125.0	0.571899
4130.0	0.543441
4135.0	0.547263
4140.0	0.541715
4145.0	0.516748
4150.0	0.510484
4155.0	0.519432
4160.0	0.550071
4165.0	0.553419
4170.0	0.526256
4175.0	0.499500
4180.0	0.514109
4185.0	0.545754
4190.0	0.551905
4195.0	0.528210
4200.0	0.522360
4205.0	0.559096
4210.0	0.585194
4215.0	0.598378
4220.0	0.626977
4225.0	0.569827
4230.0	0.591057
4235.0	0.616859
4240.0	0.642617
4245.0	0.661324
4250.0	0.628029
4255.0	0.616203
4260.0	0.628047
4265.0	0.655177
4270.0	0.601922
4275.0	0.589296
4280.0	0.625673
4285.0	0.609554
4290.0	0.578561
4295.0	0.542973
4300.0	0.473478
4305.0	0.439232
4310.0	0.484363
4315.0	0.641871
4320.0	0.715041
4325.0	0.671675
4330.0	0.721672
4335.0	0.738307
4340.0	0.690358
4345.0	0.730051
4350.0	0.744108
4355.0	0.745715
4360.0	0.779922
4365.0	0.799083
4370.0	0.759336
4375.0	0.717891
4380.0	0.673324
4385.0	0.617247
4390.0	0.663039
4395.0	0.713323
4400.0	0.719602
4405.0	0.692114
4410.0	0.733576
4415.0	0.761682
4420.0	0.776959
4425.0	0.775533
4430.0	0.766519
4435.0	0.766439
4440.0	0.798014
4445.0	0.815305
4450.0	0.818377
4455.0	0.767529
4460.0	0.740726
4465.0	0.775877
4470.0	0.828734
4475.0	0.881183
4480.0	0.871275
4485.0	0.871971
4490.0	0.850920
4495.0	0.851754
4500.0	0.901633
4505.0	0.952096
4510.0	0.941950
4515.0	0.908720
4520.0	0.893286
4525.0	0.831377
4530.0	0.792078
4535.0	0.831968
4540.0	0.861879
4545.0	0.855939
4550.0	0.848997
4555.0	0.879484
4560.0	0.908197
4565.0	0.902332
4570.0	0.920014
4575.0	0.917365
4580.0	0.878935
4585.0	0.879669
4590.0	0.895752
4595.0	0.872440
4600.0	0.873231
4605.0	0.910883
4610.0	0.948898
4615.0	0.959325
4620.0	0.967210
4625.0	0.972032
4630.0	0.957381
4635.0	0.921272
4640.0	0.896760
4645.0	0.864556
4650.0	0.874951
4655.0	0.909229
4660.0	0.919756
4665.0	0.859984
4670.0	0.855310
4675.0	0.906034
4680.0	0.902395
4685.0	0.899265
4690.0	0.900786
4695.0	0.903398
4700.0	0.873482
4705.0	0.862450
4710.0	0.877299
4715.0	0.909665
4720.0	0.955845
4725.0	0.940948
4730.0	0.884436
4735.0	0.902572
4740.0	0.933556
4745.0	0.963364
4750.0	0.969345
4755.0	0.942984
4760.0	0.928173
4765.0	0.903465
4770.0	0.933789
4775.0	0.989225
4780.0	0.997507
4785.0	0.957539
4790.0	0.951858
4795.0	0.982005
4800.0	0.976068
4805.0	0.966384
4810.0	0.967638
4815.0	0.989839
4820.0	0.996604
4825.0	0.972811
4830.0	0.965386
4835.0	0.965314
4840.0	0.952920
4845.0	0.957868
4850.0	0.954028
4855.0	0.898256
4860.0	0.826181
4865.0	0.843235
4870.0	0.868919
4875.0	0.890266
4880.0	0.933553
4885.0	0.908810
4890.0	0.902400
4895.0	0.970329
4900.0	1.006971
4905.0	0.989544
4910.0	0.958165
4915.0	0.937798
4920.0	0.886483
4925.0	0.913354
4930.0	0.978409
4935.0	0.954422
4940.0	0.942897
4945.0	1.003543
4950.0	1.023248
4955.0	0.989512
4960.0	0.976232
4965.0	0.988461
4970.0	0.974073
4975.0	0.987392
4980.0	0.943346
4985.0	0.910017
4990.0	0.956489
4995.0	0.965370
5000.0	0.937435
5005.0	0.899138
5010.0	0.893271
5015.0	0.848302
5020.0	0.861101
5025.0	0.894973
5030.0	0.929735
5035.0	0.918590
5040.0	0.883321
5045.0	0.914486
5050.0	0.940829
5055.0	0.966626
5060.0	0.985968
5065.0	0.959135
5070.0	0.941563
5075.0	0.925099
5080.0	0.906404
5085.0	0.930800
5090.0	0.970603
5095.0	0.961098
5100.0	0.930386
5105.0	0.932376
5110.0	0.939834
5115.0	0.966432
5120.0	0.949013
5125.0	0.901634
5130.0	0.908955
5135.0	0.924850
5140.0	0.905626
5145.0	0.892538
5150.0	0.898726
5155.0	0.923730
5160.0	0.916499
5165.0	0.817467
5170.0	0.760562
5175.0	0.834573
5180.0	0.865195
5185.0	0.844115
5190.0	0.885651
5195.0	0.906571
5200.0	0.921566
5205.0	0.901823
5210.0	0.904251
5215.0	0.937061
5220.0	0.931261
5225.0	0.891616
5230.0	0.903016
5235.0	0.952639
5240.0	0.989973
5245.0	0.971818
5250.0	0.936243
5255.0	0.948428
5260.0	0.921865
5265.0	0.830206
5270.0	0.823973
5275.0	0.903384
5280.0	0.953767
5285.0	0.987272
5290.0	1.020782
5295.0	0.985556
5300.0	0.968283
5305.0	1.021029
5310.0	1.048680
5315.0	1.028414
5320.0	0.991856
5325.0	0.934407
5330.0	0.927951
5335.0	0.987927
5340.0	0.992940
5345.0	0.988103
5350.0	1.012777
5355.0	1.058869
5360.0	1.059956
5365.0	1.007796
5370.0	0.976929
5375.0	1.009062
5380.0	1.032279
5385.0	1.020212
5390.0	0.988195
5395.0	0.956001
5400.0	0.948347
5405.0	0.927042
5410.0	0.955984
5415.0	1.009384
5420.0	1.015476
5425.0	1.003796
5430.0	0.976324
5435.0	0.979214
5440.0	1.029195
5445.0	1.023376
5450.0	1.014557
5455.0	1.013643
5460.0	1.022344
5465.0	1.016728
5470.0	1.001741
5475.0	0.971042
5480.0	0.964649
5485.0	0.993021
5490.0	1.003096
5495.0	1.010926
5500.0	1.016200
5505.0	0.998204
5510.0	0.982327
5515.0	0.991336
5520.0	1.020179
5525.0	1.010503
5530.0	0.996047
5535.0	1.000429
5540.0	1.014658
5545.0	1.027489
5550.0	1.039623
5555.0	1.031873
5560.0	1.013082
5565.0	0.995493
5570.0	0.992344
5575.0	1.008750
5580.0	1.011379
5585.0	0.977767
5590.0	0.947660
5595.0	0.964163
5600.0	0.977694
5605.0	1.003764
5610.0	1.033280
5615.0	1.000313
5620.0	0.980122
5625.0	0.994287
5630.0	1.016752
5635.0	1.015965
5640.0	0.994734
5645.0	0.995904
5650.0	1.003285
5655.0	0.978368
5660.0	0.954612
5665.0	0.973862
5670.0	1.004980
5675.0	1.032652
5680.0	1.019490
5685.0	0.993006
5690.0	1.002613
5695.0	1.011345
5700.0	0.991042
5705.0	0.957300
5710.0	0.943218
5715.0	0.984513
5720.0	1.031973
5725.0	1.044524
5730.0	1.034309
5735.0	1.036704
5740.0	1.035153
5745.0	1.025555
5750.0	1.014353
5755.0	1.001459
5760.0	1.004733
5765.0	1.021306
5770.0	1.041143
5775.0	1.029038
5780.0	0.980129
5785.0	0.956450
5790.0	0.994696
5795.0	1.015521
5800.0	1.023742
5805.0	1.022516
5810.0	1.023221
5815.0	1.031077
5820.0	1.052252
5825.0	1.064209
5830.0	1.059936
5835.0	1.049255
5840.0	1.054771
5845.0	1.050986
5850.0	1.029858
5855.0	1.003265
5860.0	1.004345
5865.0	1.028528
5870.0	1.047475
5875.0	1.047584
5880.0	1.030257
5885.0	0.980728
5890.0	0.897633
5895.0	0.889334
5900.0	0.966502
5905.0	1.021501
5910.0	1.026712
5915.0	1.016641
5920.0	1.024062
5925.0	1.029403
5930.0	1.018345
5935.0	1.020776
5940.0	1.024704
5945.0	1.016562
5950.0	1.008164
5955.0	1.008600
5960.0	1.025369
5965.0	1.031652
5970.0	1.030505
5975.0	1.013525
5980.0	1.003551
5985.0	0.994943
5990.0	1.006298
5995.0	1.012385
6000.0	1.004121
6005.0	0.994057
6010.0	0.983866
6015.0	0.977364
6020.0	0.974352
6025.0	0.988106
6030.0	1.014157
6035.0	1.020061
6040.0	1.018563
6045.0	1.025585
6050.0	1.024110
6055.0	1.014070
6060.0	1.010480
6065.0	1.010825
6070.0	1.028660
6075.0	1.021893
6080.0	0.990958
6085.0	0.985402
6090.0	0.982866
6095.0	0.983814
6100.0	0.976777
6105.0	0.975771
6110.0	0.997231
6115.0	0.998774
6120.0	0.980885
6125.0	0.975614
6130.0	0.976933
6135.0	0.951189
6140.0	0.946322
6145.0	0.976033
6150.0	0.982851
6155.0	0.972630
6160.0	0.941659
6165.0	0.928090
6170.0	0.943006
6175.0	0.970244
6180.0	0.992760
6185.0	0.988582
6190.0	0.970009
6195.0	0.984806
6200.0	1.001996
6205.0	1.007505
6210.0	0.994056
6215.0	0.960115
6220.0	0.958303
6225.0	0.969446
6230.0	0.957124
6235.0	0.964024
6240.0	0.961477
6245.0	0.946631
6250.0	0.948191
6255.0	0.925094
6260.0	0.935829
6265.0	0.965104
6270.0	0.972870
6275.0	0.963245
6280.0	0.948108
6285.0	0.969481
6290.0	0.982680
6295.0	0.966391
6300.0	0.953254
6305.0	0.961806
6310.0	0.966687
6315.0	0.938614
6320.0	0.937253
6325.0	0.969776
6330.0	0.972977
6335.0	0.955754
6340.0	0.950427
6345.0	0.963264
6350.0	0.975005
6355.0	0.957018
6360.0	0.931670
6365.0	0.938340
6370.0	0.969449
6375.0	0.980616
6380.0	0.973222
6385.0	0.973858
6390.0	0.968036
6395.0	0.955395
6400.0	0.948850
6405.0	0.952097
6410.0	0.949762
6415.0	0.947794
6420.0	0.948115
6425.0	0.959680
6430.0	0.959361
6435.0	0.958319
6440.0	0.963109
6445.0	0.967098
6450.0	0.941136
6455.0	0.943292
6460.0	0.948671
6465.0	0.942408
6470.0	0.950398
6475.0	0.950839
6480.0	0.948616
6485.0	0.946836
6490.0	0.927381
6495.0	0.872294
6500.0	0.897323
6505.0	0.949572
6510.0	0.960470
6515.0	0.949064
6520.0	0.951405
6525.0	0.955732
6530.0	0.948551
6535.0	0.953416
6540.0	0.961308
6545.0	0.951477
6550.0	0.938942
6555.0	0.915658
6560.0	0.842372
6565.0	0.825467
6570.0	0.904854
6575.0	0.926036
6580.0	0.945480
6585.0	0.948934
6590.0	0.938680
6595.0	0.925868
6600.0	0.944296
6605.0	0.941823
6610.0	0.934618
6615.0	0.952106
6620.0	0.960193
6625.0	0.951364
6630.0	0.933483
6635.0	0.923520
6640.0	0.930290
6645.0	0.930257
6650.0	0.939409
6655.0	0.944753
6660.0	0.932327
6665.0	0.920154
6670.0	0.930456
6675.0	0.930452
6680.0	0.925904
6685.0	0.943811
6690.0	0.949666
6695.0	0.935237
6700.0	0.925729
6705.0	0.923464
6710.0	0.917691
6715.0	0.903952
6720.0	0.910796
6725.0	0.927258
6730.0	0.929553
6735.0	0.928207
6740.0	0.918980
6745.0	0.915832
6750.0	0.912119
6755.0	0.921785
6760.0	0.931854
6765.0	0.926493
6770.0	0.913683
6775.0	0.922495
6780.0	0.929582
6785.0	0.919891
6790.0	0.923155
6795.0	0.921203
6800.0	0.923671
6805.0	0.924049
6810.0	0.920576
6815.0	0.923799
6820.0	0.928580
6825.0	0.930184
6830.0	0.927541
6835.0	0.921734
6840.0	0.915743
6845.0	0.913686
6850.0	0.916612
6855.0	0.914290
6860.0	0.910299
6865.0	0.913355
6870.0	0.916381
6875.0	0.914045
6880.0	0.908718
6885.0	0.907728
6890.0	0.914828
6895.0	0.917387
6900.0	0.914926
6905.0	0.912959
6910.0	0.910897
6915.0	0.907788
6920.0	0.906154
6925.0	0.905095
6930.0	0.901678
6935.0	0.901987
6940.0	0.902014
6945.0	0.898235
6950.0	0.894506
6955.0	0.893589
6960.0	0.894684
6965.0	0.896756
6970.0	0.897567
6975.0	0.883167
6980.0	0.870743
6985.0	0.891716
6990.0	0.898422
6995.0	0.898660
7000.0	0.884908
7005.0	0.873925
7010.0	0.878541
7015.0	0.866576
7020.0	0.868540
7025.0	0.870114
7030.0	0.881127
7035.0	0.885933
7040.0	0.890488
7045.0	0.903290
7050.0	0.901186
7055.0	0.893744
7060.0	0.894975
7065.0	0.888280
7070.0	0.885210
7075.0	0.902159
7080.0	0.901259
7085.0	0.879451
7090.0	0.874522
7095.0	0.881564
7100.0	0.891061
7105.0	0.888981
7110.0	0.876728
7115.0	0.871238
7120.0	0.867322
7125.0	0.865208
7130.0	0.862664
7135.0	0.870526
7140.0	0.876195
7145.0	0.871714
7150.0	0.865830
7155.0	0.870840
7160.0	0.872027
7165.0	0.863463
7170.0	0.862294
7175.0	0.859487
7180.0	0.850251
7185.0	0.832882
7190.0	0.827045
7195.0	0.836532
7200.0	0.840663
7205.0	0.839183
7210.0	0.845693
7215.0	0.858100
7220.0	0.858647
7225.0	0.859104
7230.0	0.862307
7235.0	0.855472
7240.0	0.853401
7245.0	0.853459
7250.0	0.852652
7255.0	0.849502
7260.0	0.847647
7265.0	0.845268
7270.0	0.851746
7275.0	0.843484
7280.0	0.837609
7285.0	0.832526
7290.0	0.817728
7295.0	0.825083
7300.0	0.839168
7305.0	0.834243
7310.0	0.832220
7315.0	0.834674
7320.0	0.835769
7325.0	0.835335
7330.0	0.835848
7335.0	0.843303
7340.0	0.849907
7345.0	0.843689
7350.0	0.835800
7355.0	0.825834
7360.0	0.828831
7365.0	0.830985
7370.0	0.841101
7375.0	0.846612
7380.0	0.842662
7385.0	0.818692
7390.0	0.811580
7395.0	0.826563
7400.0	0.832995
7405.0	0.833843
7410.0	0.819897
7415.0	0.807922
7420.0	0.810919
7425.0	0.823820
7430.0	0.837645
7435.0	0.840158
7440.0	0.833072
7445.0	0.820177
7450.0	0.830176
7455.0	0.839193
7460.0	0.829905
7465.0	0.827929
7470.0	0.837482
7475.0	0.830801
7480.0	0.825867
7485.0	0.828374
7490.0	0.823375
7495.0	0.813270
7500.0	0.822853
7505.0	0.826314
7510.0	0.816829
7515.0	0.823601
7520.0	0.830179
7525.0	0.822238
7530.0	0.824225
7535.0	0.829941
7540.0	0.834605
7545.0	0.831995
7550.0	0.828611
7555.0	0.826464
7560.0	0.825166
7565.0	0.825447
7570.0	0.823531
7575.0	0.824326
7580.0	0.823632
7585.0	0.818874
7590.0	0.815886
7595.0	0.813695
7600.0	0.812106
7605.0	0.815652
7610.0	0.824709
7615.0	0.821057
7620.0	0.812216
7625.0	0.812120
7630.0	0.820506
7635.0	0.822675
7640.0	0.822765
7645.0	0.823093
7650.0	0.818659
7655.0	0.810462
7660.0	0.801970
7665.0	0.801963
7670.0	0.813119
7675.0	0.820488
7680.0	0.821150
7685.0	0.818844
7690.0	0.816077
7695.0	0.812390
7700.0	0.813914
7705.0	0.815323
7710.0	0.809224
7715.0	0.801396
7720.0	0.802823
7725.0	0.806707
7730.0	0.807577
7735.0	0.817041
7740.0	0.818519
7745.0	0.799701
7750.0	0.790078
7755.0	0.810898
7760.0	0.819383
7765.0	0.820174
7770.0	0.817236
7775.0	0.810699
7780.0	0.806850
7785.0	0.807912
7790.0	0.808315
7795.0	0.810090
7800.0	0.803591
7805.0	0.805657
7810.0	0.803150
7815.0	0.810395
7820.0	0.818140
7825.0	0.816472
7830.0	0.804169
7835.0	0.790957
7840.0	0.802535
7845.0	0.807024
7850.0	0.800962
7855.0	0.797120
7860.0	0.803115
7865.0	0.804028
7870.0	0.795800
7875.0	0.781970
7880.0	0.777521
7885.0	0.782081
7890.0	0.781312
7895.0	0.762851
7900.0	0.764057
7905.0	0.767882
7910.0	0.757573
7915.0	0.746089
7920.0	0.745880
7925.0	0.752514
7930.0	0.749987
7935.0	0.744500
7940.0	0.739727
7945.0	0.736908
7950.0	0.746908
7955.0	0.756488
7960.0	0.754808
7965.0	0.758351
7970.0	0.763779
7975.0	0.766440
7980.0	0.764846
7985.0	0.764821
7990.0	0.767265
7995.0	0.758751
8000.0	0.748982
8005.0	0.757233
8010.0	0.763143
8015.0	0.767891
8020.0	0.766712
8025.0	0.749893
8030.0	0.750742
8035.0	0.768339
8040.0	0.767121
8045.0	0.749308
8050.0	0.745253
8055.0	0.762056
8060.0	0.771166
8065.0	0.764791
8070.0	0.748333
8075.0	0.743240
8080.0	0.744577
8085.0	0.740057
8090.0	0.732402
8095.0	0.726071
8100.0	0.730490
8105.0	0.731667
8110.0	0.730963
8115.0	0.732321
8120.0	0.735367
8125.0	0.736095
8130.0	0.731758
8135.0	0.729766
8140.0	0.729896
8145.0	0.726116
8150.0	0.723369
8155.0	0.723716
8160.0	0.722429
8165.0	0.717963
8170.0	0.725284
8175.0	0.724454
8180.0	0.715808
8185.0	0.714756
8190.0	0.718573
8195.0	0.715065
8200.0	0.718801
8205.0	0.729901
8210.0	0.729623
8215.0	0.727021
8220.0	0.719815
8225.0	0.711392
8230.0	0.713898
8235.0	0.728049
8240.0	0.732084
8245.0	0.736200
8250.0	0.736511
8255.0	0.733043
8260.0	0.734927
8265.0	0.733411
8270.0	0.727531
8275.0	0.722749
8280.0	0.725982
8285.0	0.724738
8290.0	0.721981
8295.0	0.717887
8300.0	0.716080
8305.0	0.712473
8310.0	0.712017
8315.0	0.714339
8320.0	0.710825
8325.0	0.709488
8330.0	0.704781
8335.0	0.704285
8340.0	0.706961
8345.0	0.708172
8350.0	0.709039
8355.0	0.711543
8360.0	0.711263
8365.0	0.711661
8370.0	0.714074
8375.0	0.712771
8380.0	0.706643
8385.0	0.700131
8390.0	0.703201
8395.0	0.710660
8400.0	0.709883
8405.0	0.708945
8410.0	0.706728
8415.0	0.705500
8420.0	0.702843
8425.0	0.707989
8430.0	0.701557
8435.0	0.699358
8440.0	0.690363
8445.0	0.700080
8450.0	0.707995
8455.0	0.713559
8460.0	0.709944
8465.0	0.700368
8470.0	0.698640
8475.0	0.704969
8480.0	0.706121
8485.0	0.706374
8490.0	0.694773
8495.0	0.641286
8500.0	0.618572
8505.0	0.675485
8510.0	0.691196
8515.0	0.684021
8520.0	0.689619
8525.0	0.693044
8530.0	0.672440
8535.0	0.642984
8540.0	0.538124
8545.0	0.535106
8550.0	0.637006
8555.0	0.680386
8560.0	0.691849
8565.0	0.697279
8570.0	0.697988
8575.0	0.698062
8580.0	0.695567
8585.0	0.692849
8590.0	0.693961
8595.0	0.693293
8600.0	0.693743
8605.0	0.692895
8610.0	0.683896
8615.0	0.685767
8620.0	0.690699
8625.0	0.695020
8630.0	0.698834
8635.0	0.700239
8640.0	0.699668
8645.0	0.692369
8650.0	0.680360
8655.0	0.654328
8660.0	0.570587
8665.0	0.559922
8670.0	0.634337
8675.0	0.662211
8680.0	0.670146
8685.0	0.667842
8690.0	0.666918
8695.0	0.681364
8700.0	0.692767
8705.0	0.686426
8710.0	0.682935
8715.0	0.686356
8720.0	0.695302
8725.0	0.691165
8730.0	0.682895
8735.0	0.681756
8740.0	0.681566
8745.0	0.681723
8750.0	0.678865
8755.0	0.679256
8760.0	0.692697
8765.0	0.683721
8770.0	0.681082
8775.0	0.682817
8780.0	0.688059
8785.0	0.680372
8790.0	0.677015
8795.0	0.674820
8800.0	0.668383
8805.0	0.653427
8810.0	0.660350
8815.0	0.683326
8820.0	0.674617
8825.0	0.677190
8830.0	0.692719
8835.0	0.677042
8840.0	0.670712
8845.0	0.680927
8850.0	0.684555
8855.0	0.683575
8860.0	0.672333
8865.0	0.673148
8870.0	0.669175
8875.0	0.674387
8880.0	0.673234
8885.0	0.680972
8890.0	0.678085
8895.0	0.674737
8900.0	0.679837
8905.0	0.679981
8910.0	0.674736
8915.0	0.677558
8920.0	0.674703
8925.0	0.666784
8930.0	0.671130
8935.0	0.674013
8940.0	0.669925
8945.0	0.660490
8950.0	0.662125
8955.0	0.668262
8960.0	0.667007
8965.0	0.659622
8970.0	0.660959
8975.0	0.659985
8980.0	0.653552
8985.0	0.648363
8990.0	0.645382
8995.0	0.650088
9000.0	0.641506
9005.0	0.647324
9010.0	0.646978
9015.0	0.645173
9020.0	0.652168
9025.0	0.661654
9030.0	0.679832
9035.0	0.687954
9040.0	0.688276
9045.0	0.686203
9050.0	0.678574
9055.0	0.669266
9060.0	0.654179
9065.0	0.643281
9070.0	0.638441
9075.0	0.632679
9080.0	0.624246
9085.0	0.621271
9090.0	0.618944
9095.0	0.627048
9100.0	0.626747
9105.0	0.630058
9110.0	0.632620
9115.0	0.626781
9120.0	0.625314
9125.0	0.629743
9130.0	0.623151
9135.0	0.619286
9140.0	0.610501
9145.0	0.594710
9150.0	0.587225
9155.0	0.591848
9160.0	0.601860
9165.0	0.589670
9170.0	0.576060
9175.0	0.584626
9180.0	0.600323
9185.0	0.601518
9190.0	0.600302
9195.0	0.599882
9200.0	0.602597
9205.0	0.602207
9210.0	0.597851
9215.0	0.596971
9220.0	0.609736
9225.0	0.617208
9230.0	0.612489
9235.0	0.608691
9240.0	0.603181
9245.0	0.602681
9250.0	0.602092
9255.0	0.600746
9260.0	0.602824
9265.0	0.613151
9270.0	0.616481
9275.0	0.614085
9280.0	0.610153
9285.0	0.611572
9290.0	0.608125
9295.0	0.601904
9300.0	0.602357
9305.0	0.594364
9310.0	0.576077
9315.0	0.561661
9320.0	0.560540
9325.0	0.565919
9330.0	0.572790
9335.0	0.560060
9340.0	0.563372
9345.0	0.563379
9350.0	0.577850
9355.0	0.546806
9360.0	0.560407
9365.0	0.557555
9370.0	0.555629
9375.0	0.578840
9380.0	0.576968
9385.0	0.610797
9390.0	0.631603
9395.0	0.637307
9400.0	0.625766
9405.0	0.611022
9410.0	0.589107
9415.0	0.567626
9420.0	0.561827
9425.0	0.559298
9430.0	0.540165
9435.0	0.546423
9440.0	0.535167
9445.0	0.554781
9450.0	0.556536
9455.0	0.549674
9460.0	0.559778
9465.0	0.570238
9470.0	0.571862
9475.0	0.574679
9480.0	0.571770
9485.0	0.578089
9490.0	0.573053
9495.0	0.561001
9500.0	0.565968
9505.0	0.587807
9510.0	0.593542
9515.0	0.583470
9520.0	0.577705
9525.0	0.591183
9530.0	0.600176
9535.0	0.606149
9540.0	0.608416
9545.0	0.602284
9550.0	0.587876
9555.0	0.573586
9560.0	0.579033
9565.0	0.573169
9570.0	0.580406
9575.0	0.587962
9580.0	0.574810
9585.0	0.574093
9590.0	0.570786
9595.0	0.574871
9600.0	0.572442
9605.0	0.572388
9610.0	0.579436
9615.0	0.575927
9620.0	0.564607
9625.0	0.560252
9630.0	0.568329
9635.0	0.556518
9640.0	0.554769
9645.0	0.556099
9650.0	0.556677
9655.0	0.556821
9660.0	0.550538
9665.0	0.558545
9670.0	0.571306
9675.0	0.571892
9680.0	0.573452
9685.0	0.579026
9690.0	0.568660
9695.0	0.564432
9700.0	0.562562
9705.0	0.563883
9710.0	0.568228
9715.0	0.567968
9720.0	0.568976
9725.0	0.557946
9730.0	0.551119
9735.0	0.542600
9740.0	0.541289
9745.0	0.547541
9750.0	0.546985
9755.0	0.551973
9760.0	0.557728
9765.0	0.555043
9770.0	0.566628
9775.0	0.565416
9780.0	0.555019
9785.0	0.555480
9790.0	0.559590
9795.0	0.560165
9800.0	0.555889
9805.0	0.569598
9810.0	0.569077
9815.0	0.562542
9820.0	0.570890
9825.0	0.563011
9830.0	0.556850
9835.0	0.560435
9840.0	0.565444
9845.0	0.560639
9850.0	0.558744
9855.0	0.564333
9860.0	0.564870
9865.0	0.562369
9870.0	0.560473
9875.0	0.562818
9880.0	0.560061
9885.0	0.561229
9890.0	0.561489
9895.0	0.559641
9900.0	0.561937
9905.0	0.563503
9910.0	0.567181
9915.0	0.565975
9920.0	0.567418
9925.0	0.564192
9930.0	0.566046
9935.0	0.561567
9940.0	0.561851
9945.0	0.563511
9950.0	0.563580
9955.0	0.561162
9960.0	0.568170
9965.0	0.567505
9970.0	0.561275
9975.0	0.561442
9980.0	0.564883
9985.0	0.558361
9990.0	0.559389
9995.0	0.561908
10000.0	0.566031
10005.0	0.565695
10010.0	0.564527
10015.0	0.562882
10020.0	0.561117
10025.0	0.559531
10030.0	0.558204
10035.0	0.557158
10040.0	0.556416
10045.0	0.555996
10050.0	0.555897
10055.0	0.556108
10060.0	0.556623
10065.0	0.557366
10070.0	0.557988
10075.0	0.558075
10080.0	0.557212
10085.0	0.555143
10090.0	0.552248
10095.0	0.549067
10100.0	0.546140
10105.0	0.543872
10110.0	0.542137
10115.0	0.540674
10120.0	0.539223
10125.0	0.537620
10130.0	0.536098
10135.0	0.534986
10140.0	0.534612
10145.0	0.535139
10150.0	0.536059
10155.0	0.536696
10160.0	0.536376
10165.0	0.534665
10170.0	0.532098
10175.0	0.529453
10180.0	0.527507
10185.0	0.526851
10190.0	0.527323
10195.0	0.528572
10200.0	0.530249
10205.0	0.531974
10210.0	0.533247
10215.0	0.533534
10220.0	0.532306
10225.0	0.529371
10230.0	0.525907
10235.0	0.523432
10240.0	0.523464
10245.0	0.526977
10250.0	0.532762
10255.0	0.539067
10260.0	0.544139
10265.0	0.546645
10270.0	0.546938
10275.0	0.545792
10280.0	0.543979
10285.0	0.542122
10290.0	0.540236
10295.0	0.538186
10300.0	0.535834
10305.0	0.533139
10310.0	0.530441
10315.0	0.528173
10320.0	0.526768
10325.0	0.526443
10330.0	0.526545
10335.0	0.526205
10340.0	0.524553
10345.0	0.521052
10350.0	0.516497
10355.0	0.512013
10360.0	0.508726
10365.0	0.507470
10370.0	0.507902
10375.0	0.509387
10380.0	0.511289
10385.0	0.513132
10390.0	0.515069
10395.0	0.517413
10400.0	0.520476
10405.0	0.524324
10410.0	0.528029
10415.0	0.530419
10420.0	0.530320
10425.0	0.527035
10430.0	0.521768
10435.0	0.516199
10440.0	0.512008
10445.0	0.510432
10450.0	0.510939
10455.0	0.512551
10460.0	0.514294
10465.0	0.515406
10470.0	0.515987
10475.0	0.516349
10480.0	0.516808
10485.0	0.517565
10490.0	0.518383
10495.0	0.518912
10500.0	0.518803
10505.0	0.517786
10510.0	0.515918
10515.0	0.513334
10520.0	0.510171
10525.0	0.506627
10530.0	0.503147
10535.0	0.500238
10540.0	0.498406
10545.0	0.498057
10550.0	0.499173
10555.0	0.501639
10560.0	0.505334
10565.0	0.509981
10570.0	0.514657
10575.0	0.518280
10580.0	0.519767
10585.0	0.518453
10590.0	0.515330
10595.0	0.511811
10600.0	0.509303
10605.0	0.508883
10610.0	0.510280
10615.0	0.512888
10620.0	0.516101
