#-- k01ii
#\*l[Angstrom]	F(\*l)/F(555.6Angstrom]
1150.0	0.000000
1155.0	0.000000
1160.0	0.000000
1165.0	0.000000
1170.0	0.000000
1175.0	0.000000
1180.0	0.000000
1185.0	0.000000
1190.0	0.000000
1195.0	0.000000
1200.0	0.000000
1205.0	0.000000
1210.0	0.000000
1215.0	0.000000
1220.0	0.000000
1225.0	0.000000
1230.0	0.000000
1235.0	0.000000
1240.0	0.000000
1245.0	0.000000
1250.0	0.000000
1255.0	0.000000
1260.0	0.000000
1265.0	0.000000
1270.0	0.000000
1275.0	0.000000
1280.0	0.000000
1285.0	0.000000
1290.0	0.000000
1295.0	0.000000
1300.0	0.000000
1305.0	0.000000
1310.0	0.000000
1315.0	0.000000
1320.0	0.000000
1325.0	0.000000
1330.0	0.000000
1335.0	0.000000
1340.0	0.000000
1345.0	0.000000
1350.0	0.000000
1355.0	0.000000
1360.0	0.000000
1365.0	0.000000
1370.0	0.000000
1375.0	0.000000
1380.0	0.000000
1385.0	0.000000
1390.0	0.000000
1395.0	0.000000
1400.0	0.000000
1405.0	0.000000
1410.0	0.000000
1415.0	0.000000
1420.0	0.000000
1425.0	0.000000
1430.0	0.000000
1435.0	0.000000
1440.0	0.000000
1445.0	0.000000
1450.0	0.000000
1455.0	0.000000
1460.0	0.000000
1465.0	0.000000
1470.0	0.000000
1475.0	0.000000
1480.0	0.000000
1485.0	0.000000
1490.0	0.000000
1495.0	0.000000
1500.0	0.000000
1505.0	0.000000
1510.0	0.000000
1515.0	0.000000
1520.0	0.000000
1525.0	0.000000
1530.0	0.000000
1535.0	0.000000
1540.0	0.000000
1545.0	0.000000
1550.0	0.000000
1555.0	0.000000
1560.0	0.000000
1565.0	0.000000
1570.0	0.000000
1575.0	0.000000
1580.0	0.000000
1585.0	0.000000
1590.0	0.000000
1595.0	0.000000
1600.0	0.000000
1605.0	0.000000
1610.0	0.000000
1615.0	0.000000
1620.0	0.000000
1625.0	0.000000
1630.0	0.000000
1635.0	0.000000
1640.0	0.000000
1645.0	0.000000
1650.0	0.000000
1655.0	0.000000
1660.0	0.000000
1665.0	0.000000
1670.0	0.000000
1675.0	0.000000
1680.0	0.000000
1685.0	0.000000
1690.0	0.000000
1695.0	0.000000
1700.0	0.000000
1705.0	0.000000
1710.0	0.000000
1715.0	0.000000
1720.0	0.000000
1725.0	0.000000
1730.0	0.000000
1735.0	0.000000
1740.0	0.000000
1745.0	0.000000
1750.0	0.000000
1755.0	0.000000
1760.0	0.000000
1765.0	0.000000
1770.0	0.000000
1775.0	0.000000
1780.0	0.000000
1785.0	0.000000
1790.0	0.000000
1795.0	0.000000
1800.0	0.000000
1805.0	0.000000
1810.0	0.000000
1815.0	0.000000
1820.0	0.000000
1825.0	0.000000
1830.0	0.000000
1835.0	0.000000
1840.0	0.000000
1845.0	0.000000
1850.0	0.000000
1855.0	0.000000
1860.0	0.000000
1865.0	0.000000
1870.0	0.000000
1875.0	0.000000
1880.0	0.000000
1885.0	0.000000
1890.0	0.000000
1895.0	0.000000
1900.0	0.000000
1905.0	0.000000
1910.0	0.000000
1915.0	0.000000
1920.0	0.000000
1925.0	0.000000
1930.0	0.000000
1935.0	0.000000
1940.0	0.000000
1945.0	0.000000
1950.0	0.000000
1955.0	0.000000
1960.0	0.000000
1965.0	0.000000
1970.0	0.000000
1975.0	0.000000
1980.0	0.000000
1985.0	0.000000
1990.0	0.000000
1995.0	0.000000
2000.0	0.000000
2005.0	0.000000
2010.0	0.000000
2015.0	0.000000
2020.0	0.000000
2025.0	0.000000
2030.0	0.000000
2035.0	0.000000
2040.0	0.000000
2045.0	0.000000
2050.0	0.000000
2055.0	0.000000
2060.0	0.000000
2065.0	0.000000
2070.0	0.000000
2075.0	0.000000
2080.0	0.000000
2085.0	0.000000
2090.0	0.000000
2095.0	0.000000
2100.0	0.000000
2105.0	0.000000
2110.0	0.000000
2115.0	0.000000
2120.0	0.000000
2125.0	0.000000
2130.0	0.000000
2135.0	0.000000
2140.0	0.000000
2145.0	0.000000
2150.0	0.000000
2155.0	0.000000
2160.0	0.000000
2165.0	0.000000
2170.0	0.000000
2175.0	0.000000
2180.0	0.000000
2185.0	0.000000
2190.0	0.000000
2195.0	0.000000
2200.0	0.000000
2205.0	0.000000
2210.0	0.000000
2215.0	0.000000
2220.0	0.000000
2225.0	0.000000
2230.0	0.000000
2235.0	0.000000
2240.0	0.000000
2245.0	0.000000
2250.0	0.000000
2255.0	0.000000
2260.0	0.000000
2265.0	0.000000
2270.0	0.000000
2275.0	0.000000
2280.0	0.000000
2285.0	0.000000
2290.0	0.000000
2295.0	0.000000
2300.0	0.000000
2305.0	0.000000
2310.0	0.000000
2315.0	0.000000
2320.0	0.000000
2325.0	0.000000
2330.0	0.000000
2335.0	0.000000
2340.0	0.000000
2345.0	0.000000
2350.0	0.000000
2355.0	0.000000
2360.0	0.000000
2365.0	0.000000
2370.0	0.000000
2375.0	0.000000
2380.0	0.000000
2385.0	0.000000
2390.0	0.000000
2395.0	0.000000
2400.0	0.000000
2405.0	0.000000
2410.0	0.000001
2415.0	0.000001
2420.0	0.000001
2425.0	0.000001
2430.0	0.000001
2435.0	0.000001
2440.0	0.000001
2445.0	0.000001
2450.0	0.000000
2455.0	0.000000
2460.0	0.000000
2465.0	0.000000
2470.0	0.000000
2475.0	0.000000
2480.0	0.000000
2485.0	0.000000
2490.0	0.000000
2495.0	0.000000
2500.0	0.000000
2505.0	0.000004
2510.0	0.000008
2515.0	0.000012
2520.0	0.000016
2525.0	0.000018
2530.0	0.000020
2535.0	0.000019
2540.0	0.000016
2545.0	0.000010
2550.0	0.000000
2555.0	0.000000
2560.0	0.000000
2565.0	0.000000
2570.0	0.000000
2575.0	0.000000
2580.0	0.000000
2585.0	0.000000
2590.0	0.000000
2595.0	0.000000
2600.0	0.000000
2605.0	0.000050
2610.0	0.000115
2615.0	0.000191
2620.0	0.000280
2625.0	0.000378
2630.0	0.000486
2635.0	0.000602
2640.0	0.000725
2645.0	0.000854
2650.0	0.000987
2655.0	0.001124
2660.0	0.001264
2665.0	0.001406
2670.0	0.001551
2675.0	0.001698
2680.0	0.001847
2685.0	0.001997
2690.0	0.002148
2695.0	0.002299
2700.0	0.002451
2705.0	0.002603
2710.0	0.002754
2715.0	0.002904
2720.0	0.003054
2725.0	0.003202
2730.0	0.003349
2735.0	0.003494
2740.0	0.003637
2745.0	0.003777
2750.0	0.003915
2755.0	0.004050
2760.0	0.004181
2765.0	0.004306
2770.0	0.004423
2775.0	0.004532
2780.0	0.004630
2785.0	0.004717
2790.0	0.004791
2795.0	0.004851
2800.0	0.004894
2805.0	0.004922
2810.0	0.004941
2815.0	0.004961
2820.0	0.004991
2825.0	0.005039
2830.0	0.005115
2835.0	0.005227
2840.0	0.005385
2845.0	0.005597
2850.0	0.005873
2855.0	0.006220
2860.0	0.006641
2865.0	0.007136
2870.0	0.007705
2875.0	0.008350
2880.0	0.009071
2885.0	0.009870
2890.0	0.010745
2895.0	0.011700
2900.0	0.012733
2905.0	0.013840
2910.0	0.014992
2915.0	0.016153
2920.0	0.017288
2925.0	0.018361
2930.0	0.019337
2935.0	0.020182
2940.0	0.020858
2945.0	0.021332
2950.0	0.021567
2955.0	0.021543
2960.0	0.021294
2965.0	0.020871
2970.0	0.020322
2975.0	0.019697
2980.0	0.019045
2985.0	0.018416
2990.0	0.017859
2995.0	0.017423
3000.0	0.017158
3005.0	0.017101
3010.0	0.017244
3015.0	0.017565
3020.0	0.018043
3025.0	0.018657
3030.0	0.019386
3035.0	0.020209
3040.0	0.021104
3045.0	0.022052
3050.0	0.023031
3055.0	0.024023
3060.0	0.025025
3065.0	0.026035
3070.0	0.027055
3075.0	0.028082
3080.0	0.029118
3085.0	0.030160
3090.0	0.031210
3095.0	0.032267
3100.0	0.033329
3105.0	0.034398
3110.0	0.035478
3115.0	0.036574
3120.0	0.037691
3125.0	0.038834
3130.0	0.040008
3135.0	0.041218
3140.0	0.042469
3145.0	0.043766
3150.0	0.045115
3155.0	0.046514
3160.0	0.047934
3165.0	0.049342
3170.0	0.050702
3175.0	0.051980
3180.0	0.053142
3185.0	0.054152
3190.0	0.054977
3195.0	0.055581
3200.0	0.055931
3205.0	0.056010
3210.0	0.055883
3215.0	0.055632
3220.0	0.055341
3225.0	0.055092
3230.0	0.054969
3235.0	0.055053
3240.0	0.055429
3245.0	0.056180
3250.0	0.057387
3255.0	0.059103
3260.0	0.061249
3265.0	0.063718
3270.0	0.066401
3275.0	0.069188
3280.0	0.071971
3285.0	0.074640
3290.0	0.077087
3295.0	0.079204
3300.0	0.080880
3305.0	0.082036
3310.0	0.082711
3315.0	0.082973
3320.0	0.082889
3325.0	0.082527
3330.0	0.081954
3335.0	0.081239
3340.0	0.080449
3345.0	0.079651
3350.0	0.078914
3355.0	0.078293
3360.0	0.077793
3365.0	0.077410
3370.0	0.077136
3375.0	0.076965
3380.0	0.076892
3385.0	0.076910
3390.0	0.077013
3395.0	0.077195
3400.0	0.077450
3405.0	0.077771
3410.0	0.078153
3415.0	0.078593
3420.0	0.079084
3425.0	0.079623
3430.0	0.080204
3435.0	0.080822
3440.0	0.081473
3445.0	0.082152
3450.0	0.082853
3455.0	0.083573
3460.0	0.084303
3465.0	0.085038
3470.0	0.085769
3475.0	0.086490
3480.0	0.087195
3485.0	0.087874
3490.0	0.088523
3495.0	0.089133
3500.0	0.089697
3505.0	0.090207
3510.0	0.090645
3515.0	0.090990
3520.0	0.091225
3525.0	0.091328
3530.0	0.091280
3535.0	0.091062
3540.0	0.090653
3545.0	0.090035
3550.0	0.089188
3555.0	0.088117
3560.0	0.086929
3565.0	0.085758
3570.0	0.084736
3575.0	0.083996
3580.0	0.083670
3585.0	0.083891
3590.0	0.084792
3595.0	0.086505
3600.0	0.089164
3605.0	0.110427
3610.0	0.098185
3615.0	0.098798
3620.0	0.108924
3625.0	0.119641
3630.0	0.135648
3635.0	0.139952
3640.0	0.134264
3645.0	0.119980
3650.0	0.118364
3655.0	0.144694
3660.0	0.170420
3665.0	0.167576
3670.0	0.154348
3675.0	0.152679
3680.0	0.153385
3685.0	0.146068
3690.0	0.146600
3695.0	0.167408
3700.0	0.180849
3705.0	0.162133
3710.0	0.137924
3715.0	0.137329
3720.0	0.147744
3725.0	0.150019
3730.0	0.140525
3735.0	0.121486
3740.0	0.103021
3745.0	0.095262
3750.0	0.100504
3755.0	0.116299
3760.0	0.129067
3765.0	0.128635
3770.0	0.129590
3775.0	0.145033
3780.0	0.157363
3785.0	0.148308
3790.0	0.127608
3795.0	0.110631
3800.0	0.107232
3805.0	0.119842
3810.0	0.126695
3815.0	0.108917
3820.0	0.083397
3825.0	0.070357
3830.0	0.067594
3835.0	0.068704
3840.0	0.072893
3845.0	0.079549
3850.0	0.083169
3855.0	0.079462
3860.0	0.073878
3865.0	0.072411
3870.0	0.073499
3875.0	0.075751
3880.0	0.086009
3885.0	0.109515
3890.0	0.136848
3895.0	0.157119
3900.0	0.168201
3905.0	0.171300
3910.0	0.172198
3915.0	0.173790
3920.0	0.162871
3925.0	0.129252
3930.0	0.090919
3935.0	0.070114
3940.0	0.077947
3945.0	0.116775
3950.0	0.165066
3955.0	0.195440
3960.0	0.181003
3965.0	0.115072
3970.0	0.071309
3975.0	0.114141
3980.0	0.190719
3985.0	0.236419
3990.0	0.256808
3995.0	0.270721
4000.0	0.279862
4005.0	0.283771
4010.0	0.290465
4015.0	0.305602
4020.0	0.316921
4025.0	0.313181
4030.0	0.305149
4035.0	0.304382
4040.0	0.303607
4045.0	0.294883
4050.0	0.286421
4055.0	0.286708
4060.0	0.289166
4065.0	0.286520
4070.0	0.283774
4075.0	0.288314
4080.0	0.304785
4085.0	0.331741
4090.0	0.346113
4095.0	0.330412
4100.0	0.311091
4105.0	0.315485
4110.0	0.330518
4115.0	0.336695
4120.0	0.329248
4125.0	0.310757
4130.0	0.298460
4135.0	0.304937
4140.0	0.309471
4145.0	0.293083
4150.0	0.277046
4155.0	0.284060
4160.0	0.302274
4165.0	0.313271
4170.0	0.306909
4175.0	0.283284
4180.0	0.275173
4185.0	0.306673
4190.0	0.334497
4195.0	0.318335
4200.0	0.297186
4205.0	0.314516
4210.0	0.352341
4215.0	0.381225
4220.0	0.387360
4225.0	0.368471
4230.0	0.352785
4235.0	0.365869
4240.0	0.392161
4245.0	0.409398
4250.0	0.409656
4255.0	0.393779
4260.0	0.383351
4265.0	0.396048
4270.0	0.413192
4275.0	0.413813
4280.0	0.404151
4285.0	0.394756
4290.0	0.386218
4295.0	0.373490
4300.0	0.338940
4305.0	0.282144
4310.0	0.284075
4315.0	0.401723
4320.0	0.514736
4325.0	0.506229
4330.0	0.450540
4335.0	0.442829
4340.0	0.470324
4345.0	0.498718
4350.0	0.515490
4355.0	0.517804
4360.0	0.519763
4365.0	0.533262
4370.0	0.544424
4375.0	0.535778
4380.0	0.501239
4385.0	0.448547
4390.0	0.429342
4395.0	0.480465
4400.0	0.535642
4405.0	0.530485
4410.0	0.511265
4415.0	0.531980
4420.0	0.566879
4425.0	0.580218
4430.0	0.576044
4435.0	0.569030
4440.0	0.576591
4445.0	0.605267
4450.0	0.615361
4455.0	0.575724
4460.0	0.535639
4465.0	0.546599
4470.0	0.588525
4475.0	0.628763
4480.0	0.655942
4485.0	0.664963
4490.0	0.654538
4495.0	0.631787
4500.0	0.633649
4505.0	0.684966
4510.0	0.732368
4515.0	0.721674
4520.0	0.673681
4525.0	0.625527
4530.0	0.604746
4535.0	0.624652
4540.0	0.651300
4545.0	0.652271
4550.0	0.648511
4555.0	0.664151
4560.0	0.682707
4565.0	0.684774
4570.0	0.679904
4575.0	0.681483
4580.0	0.689298
4585.0	0.698123
4590.0	0.696281
4595.0	0.678813
4600.0	0.674094
4605.0	0.705651
4610.0	0.744295
4615.0	0.758567
4620.0	0.760645
4625.0	0.767372
4630.0	0.770610
4635.0	0.759276
4640.0	0.735470
4645.0	0.708670
4650.0	0.704680
4655.0	0.737572
4660.0	0.758173
4665.0	0.724937
4670.0	0.690064
4675.0	0.707351
4680.0	0.743230
4685.0	0.755108
4690.0	0.751646
4695.0	0.749202
4700.0	0.743669
4705.0	0.732101
4710.0	0.736667
4715.0	0.772435
4720.0	0.800948
4725.0	0.787195
4730.0	0.763475
4735.0	0.767230
4740.0	0.789164
4745.0	0.810344
4750.0	0.820017
4755.0	0.812149
4760.0	0.791378
4765.0	0.769300
4770.0	0.774637
4775.0	0.822786
4780.0	0.858719
4785.0	0.835010
4790.0	0.805092
4795.0	0.823742
4800.0	0.850284
4805.0	0.848934
4810.0	0.843434
4815.0	0.873453
4820.0	0.881830
4825.0	0.866174
4830.0	0.837134
4835.0	0.843459
4840.0	0.832217
4845.0	0.845703
4850.0	0.824715
4855.0	0.766474
4860.0	0.714619
4865.0	0.737127
4870.0	0.753795
4875.0	0.793658
4880.0	0.816965
4885.0	0.771486
4890.0	0.774593
4895.0	0.857363
4900.0	0.887130
4905.0	0.881374
4910.0	0.831289
4915.0	0.815731
4920.0	0.768886
4925.0	0.819736
4930.0	0.881796
4935.0	0.828859
4940.0	0.818267
4945.0	0.886328
4950.0	0.928292
4955.0	0.901122
4960.0	0.867149
4965.0	0.865808
4970.0	0.877246
4975.0	0.877662
4980.0	0.824963
4985.0	0.820866
4990.0	0.839559
4995.0	0.848552
5000.0	0.819041
5005.0	0.789995
5010.0	0.786197
5015.0	0.755751
5020.0	0.769328
5025.0	0.821518
5030.0	0.852510
5035.0	0.827165
5040.0	0.784756
5045.0	0.831991
5050.0	0.859788
5055.0	0.903419
5060.0	0.926266
5065.0	0.885922
5070.0	0.854052
5075.0	0.830774
5080.0	0.792276
5085.0	0.834357
5090.0	0.881485
5095.0	0.873067
5100.0	0.839824
5105.0	0.825166
5110.0	0.828651
5115.0	0.875279
5120.0	0.873167
5125.0	0.808211
5130.0	0.812276
5135.0	0.832777
5140.0	0.814664
5145.0	0.798220
5150.0	0.796713
5155.0	0.848626
5160.0	0.861790
5165.0	0.720631
5170.0	0.658079
5175.0	0.768293
5180.0	0.815040
5185.0	0.802533
5190.0	0.806457
5195.0	0.826929
5200.0	0.859576
5205.0	0.820049
5210.0	0.817382
5215.0	0.865237
5220.0	0.870030
5225.0	0.822205
5230.0	0.819974
5235.0	0.885120
5240.0	0.933494
5245.0	0.893354
5250.0	0.851084
5255.0	0.884319
5260.0	0.870888
5265.0	0.783298
5270.0	0.746681
5275.0	0.825554
5280.0	0.907244
5285.0	0.958932
5290.0	0.983196
5295.0	0.917960
5300.0	0.891210
5305.0	0.965395
5310.0	1.007587
5315.0	0.996340
5320.0	0.953665
5325.0	0.876644
5330.0	0.877596
5335.0	0.945974
5340.0	0.950091
5345.0	0.944486
5350.0	0.965256
5355.0	1.031667
5360.0	1.035740
5365.0	0.974055
5370.0	0.921164
5375.0	0.981457
5380.0	1.001866
5385.0	0.984190
5390.0	0.944048
5395.0	0.916259
5400.0	0.894618
5405.0	0.880179
5410.0	0.909583
5415.0	0.976194
5420.0	0.983192
5425.0	0.972226
5430.0	0.941836
5435.0	0.953107
5440.0	1.022516
5445.0	0.994611
5450.0	1.004334
5455.0	0.980437
5460.0	1.006504
5465.0	0.997269
5470.0	0.983808
5475.0	0.938975
5480.0	0.936340
5485.0	0.957214
5490.0	0.975045
5495.0	0.999183
5500.0	0.989636
5505.0	0.963173
5510.0	0.949863
5515.0	0.985958
5520.0	1.019702
5525.0	0.999857
5530.0	0.992902
5535.0	0.996235
5540.0	1.023977
5545.0	1.027636
5550.0	1.052085
5555.0	1.035022
5560.0	1.017448
5565.0	0.992067
5570.0	0.996416
5575.0	1.021265
5580.0	1.026525
5585.0	0.969431
5590.0	0.933605
5595.0	0.970714
5600.0	0.983510
5605.0	1.043576
5610.0	1.076464
5615.0	1.012181
5620.0	0.992256
5625.0	0.993680
5630.0	1.046521
5635.0	1.018452
5640.0	0.994236
5645.0	1.011196
5650.0	1.021910
5655.0	0.991660
5660.0	0.964707
5665.0	0.990379
5670.0	1.033296
5675.0	1.061056
5680.0	1.041053
5685.0	1.019008
5690.0	1.032606
5695.0	1.030161
5700.0	0.992820
5705.0	0.959552
5710.0	0.941439
5715.0	1.024482
5720.0	1.083106
5725.0	1.083615
5730.0	1.063310
5735.0	1.072954
5740.0	1.071017
5745.0	1.062783
5750.0	1.035484
5755.0	1.034397
5760.0	1.043112
5765.0	1.068946
5770.0	1.087485
5775.0	1.063544
5780.0	0.998896
5785.0	0.988185
5790.0	1.030944
5795.0	1.059770
5800.0	1.085300
5805.0	1.064448
5810.0	1.070764
5815.0	1.082051
5820.0	1.116811
5825.0	1.117497
5830.0	1.111683
5835.0	1.110118
5840.0	1.123913
5845.0	1.107207
5850.0	1.069500
5855.0	1.041127
5860.0	1.049385
5865.0	1.072417
5870.0	1.096699
5875.0	1.106112
5880.0	1.075089
5885.0	1.016452
5890.0	0.895894
5895.0	0.938402
5900.0	1.045604
5905.0	1.078501
5910.0	1.082162
5915.0	1.076191
5920.0	1.094241
5925.0	1.084421
5930.0	1.076193
5935.0	1.086086
5940.0	1.085307
5945.0	1.085324
5950.0	1.080956
5955.0	1.079587
5960.0	1.102513
5965.0	1.108235
5970.0	1.111765
5975.0	1.083546
5980.0	1.072183
5985.0	1.057459
5990.0	1.079701
5995.0	1.081666
6000.0	1.061129
6005.0	1.066465
6010.0	1.041229
6015.0	1.045316
6020.0	1.044456
6025.0	1.069493
6030.0	1.093883
6035.0	1.103390
6040.0	1.112858
6045.0	1.115270
6050.0	1.102707
6055.0	1.086571
6060.0	1.088591
6065.0	1.091465
6070.0	1.118506
6075.0	1.093536
6080.0	1.057489
6085.0	1.059868
6090.0	1.059254
6095.0	1.066101
6100.0	1.060486
6105.0	1.060646
6110.0	1.080750
6115.0	1.071240
6120.0	1.048074
6125.0	1.054737
6130.0	1.062961
6135.0	1.003982
6140.0	1.016353
6145.0	1.051787
6150.0	1.051946
6155.0	1.027959
6160.0	0.994025
6165.0	0.991590
6170.0	1.013315
6175.0	1.042279
6180.0	1.062577
6185.0	1.056158
6190.0	1.028340
6195.0	1.050444
6200.0	1.064682
6205.0	1.078669
6210.0	1.049688
6215.0	1.015847
6220.0	1.005373
6225.0	1.009366
6230.0	0.997610
6235.0	1.024357
6240.0	1.004033
6245.0	0.992937
6250.0	0.996364
6255.0	0.962213
6260.0	0.984578
6265.0	1.027792
6270.0	1.036934
6275.0	1.020775
6280.0	1.001051
6285.0	1.010620
6290.0	1.041769
6295.0	1.013971
6300.0	1.001236
6305.0	1.033325
6310.0	1.033223
6315.0	0.992596
6320.0	0.997555
6325.0	1.039199
6330.0	1.046776
6335.0	1.020144
6340.0	1.019197
6345.0	1.034031
6350.0	1.051241
6355.0	1.020395
6360.0	0.988310
6365.0	1.012109
6370.0	1.057078
6375.0	1.066328
6380.0	1.045993
6385.0	1.064903
6390.0	1.046351
6395.0	1.049139
6400.0	1.029101
6405.0	1.034843
6410.0	1.038521
6415.0	1.041881
6420.0	1.026705
6425.0	1.055214
6430.0	1.047126
6435.0	1.054516
6440.0	1.057150
6445.0	1.050768
6450.0	1.022699
6455.0	1.029651
6460.0	1.043022
6465.0	1.039982
6470.0	1.049061
6475.0	1.041447
6480.0	1.031010
6485.0	1.049419
6490.0	1.012936
6495.0	0.935550
6500.0	0.973595
6505.0	1.028411
6510.0	1.049283
6515.0	1.047967
6520.0	1.040835
6525.0	1.042291
6530.0	1.045460
6535.0	1.041772
6540.0	1.053956
6545.0	1.031798
6550.0	1.020445
6555.0	0.975095
6560.0	0.875941
6565.0	0.929980
6570.0	0.998944
6575.0	1.013822
6580.0	1.029678
6585.0	1.034741
6590.0	1.025391
6595.0	1.017730
6600.0	1.044877
6605.0	1.031542
6610.0	1.028437
6615.0	1.059237
6620.0	1.065053
6625.0	1.045037
6630.0	1.027233
6635.0	1.021430
6640.0	1.036007
6645.0	1.032463
6650.0	1.045389
6655.0	1.049094
6660.0	1.025623
6665.0	1.025464
6670.0	1.043619
6675.0	1.034136
6680.0	1.032615
6685.0	1.059155
6690.0	1.062027
6695.0	1.042389
6700.0	1.034082
6705.0	1.031848
6710.0	1.029575
6715.0	1.018617
6720.0	1.029655
6725.0	1.053617
6730.0	1.044117
6735.0	1.041335
6740.0	1.020801
6745.0	1.021758
6750.0	1.029234
6755.0	1.049336
6760.0	1.059648
6765.0	1.034401
6770.0	1.019986
6775.0	1.042898
6780.0	1.050134
6785.0	1.035731
6790.0	1.037100
6795.0	1.026360
6800.0	1.049168
6805.0	1.029547
6810.0	1.027785
6815.0	1.036296
6820.0	1.047551
6825.0	1.038552
6830.0	1.033764
6835.0	1.031649
6840.0	1.013288
6845.0	1.025058
6850.0	1.029989
6855.0	1.015468
6860.0	1.015101
6865.0	1.030706
6870.0	1.028494
6875.0	1.022976
6880.0	1.023473
6885.0	1.027891
6890.0	1.036681
6895.0	1.029836
6900.0	1.028212
6905.0	1.029066
6910.0	1.017864
6915.0	1.015566
6920.0	1.021689
6925.0	1.008686
6930.0	1.005277
6935.0	1.008484
6940.0	1.008458
6945.0	0.993982
6950.0	0.995753
6955.0	0.996369
6960.0	1.002582
6965.0	1.004966
6970.0	1.002926
6975.0	0.962556
6980.0	0.949289
6985.0	0.981592
6990.0	0.992676
6995.0	0.990045
7000.0	0.967638
7005.0	0.968573
7010.0	0.974365
7015.0	0.950286
7020.0	0.953843
7025.0	0.957002
7030.0	0.975717
7035.0	0.987355
7040.0	0.995720
7045.0	1.008316
7050.0	1.006845
7055.0	0.995079
7060.0	1.009579
7065.0	0.997337
7070.0	0.989717
7075.0	1.005757
7080.0	0.998714
7085.0	0.973020
7090.0	0.962451
7095.0	0.967633
7100.0	0.972252
7105.0	0.967179
7110.0	0.952262
7115.0	0.958007
7120.0	0.953020
7125.0	0.957963
7130.0	0.954417
7135.0	0.979806
7140.0	0.980359
7145.0	0.968748
7150.0	0.954060
7155.0	0.966570
7160.0	0.963980
7165.0	0.948523
7170.0	0.958930
7175.0	0.945131
7180.0	0.912475
7185.0	0.887842
7190.0	0.877270
7195.0	0.899285
7200.0	0.915214
7205.0	0.923166
7210.0	0.938882
7215.0	0.939808
7220.0	0.951977
7225.0	0.953003
7230.0	0.959058
7235.0	0.953647
7240.0	0.944708
7245.0	0.951929
7250.0	0.946004
7255.0	0.947076
7260.0	0.938711
7265.0	0.934847
7270.0	0.943128
7275.0	0.937566
7280.0	0.920418
7285.0	0.896985
7290.0	0.876664
7295.0	0.918949
7300.0	0.929141
7305.0	0.922684
7310.0	0.913650
7315.0	0.930505
7320.0	0.927391
7325.0	0.925238
7330.0	0.930718
7335.0	0.947110
7340.0	0.964780
7345.0	0.951247
7350.0	0.934621
7355.0	0.915638
7360.0	0.927396
7365.0	0.945936
7370.0	0.955592
7375.0	0.958031
7380.0	0.955111
7385.0	0.920007
7390.0	0.917496
7395.0	0.931603
7400.0	0.939871
7405.0	0.945141
7410.0	0.919547
7415.0	0.917637
7420.0	0.921683
7425.0	0.942385
7430.0	0.956404
7435.0	0.954475
7440.0	0.945017
7445.0	0.918536
7450.0	0.945041
7455.0	0.948631
7460.0	0.931936
7465.0	0.951626
7470.0	0.948504
7475.0	0.934954
7480.0	0.929637
7485.0	0.943517
7490.0	0.937976
7495.0	0.920670
7500.0	0.941974
7505.0	0.933611
7510.0	0.924440
7515.0	0.938736
7520.0	0.935292
7525.0	0.933480
7530.0	0.938664
7535.0	0.949151
7540.0	0.950180
7545.0	0.946125
7550.0	0.947285
7555.0	0.942358
7560.0	0.941323
7565.0	0.942720
7570.0	0.937707
7575.0	0.939432
7580.0	0.936018
7585.0	0.928720
7590.0	0.944407
7595.0	0.952520
7600.0	0.945757
7605.0	0.939985
7610.0	0.937518
7615.0	0.928381
7620.0	0.934974
7625.0	0.945009
7630.0	0.945117
7635.0	0.946125
7640.0	0.948941
7645.0	0.947673
7650.0	0.942526
7655.0	0.927284
7660.0	0.916145
7665.0	0.919161
7670.0	0.938269
7675.0	0.942700
7680.0	0.943737
7685.0	0.944406
7690.0	0.938921
7695.0	0.931859
7700.0	0.939335
7705.0	0.941750
7710.0	0.923882
7715.0	0.920926
7720.0	0.928562
7725.0	0.929946
7730.0	0.940536
7735.0	0.953715
7740.0	0.948955
7745.0	0.919155
7750.0	0.901240
7755.0	0.940588
7760.0	0.954296
7765.0	0.956348
7770.0	0.950790
7775.0	0.945086
7780.0	0.937558
7785.0	0.937535
7790.0	0.937895
7795.0	0.934594
7800.0	0.934379
7805.0	0.935529
7810.0	0.931650
7815.0	0.950601
7820.0	0.951875
7825.0	0.950999
7830.0	0.935849
7835.0	0.927377
7840.0	0.941342
7845.0	0.939380
7850.0	0.934877
7855.0	0.941450
7860.0	0.946270
7865.0	0.942776
7870.0	0.919584
7875.0	0.909553
7880.0	0.911070
7885.0	0.918164
7890.0	0.913680
7895.0	0.883472
7900.0	0.896272
7905.0	0.906991
7910.0	0.880397
7915.0	0.864396
7920.0	0.868385
7925.0	0.875397
7930.0	0.871117
7935.0	0.861055
7940.0	0.854216
7945.0	0.855859
7950.0	0.879750
7955.0	0.872555
7960.0	0.875174
7965.0	0.884818
7970.0	0.883023
7975.0	0.886782
7980.0	0.882825
7985.0	0.877946
7990.0	0.886730
7995.0	0.865631
8000.0	0.857747
8005.0	0.868059
8010.0	0.876292
8015.0	0.884249
8020.0	0.874164
8025.0	0.852060
8030.0	0.853367
8035.0	0.876704
8040.0	0.873477
8045.0	0.846171
8050.0	0.841607
8055.0	0.865033
8060.0	0.872275
8065.0	0.860702
8070.0	0.837357
8075.0	0.837392
8080.0	0.834955
8085.0	0.836363
8090.0	0.815515
8095.0	0.811933
8100.0	0.814506
8105.0	0.809090
8110.0	0.816963
8115.0	0.815945
8120.0	0.817662
8125.0	0.820380
8130.0	0.811951
8135.0	0.822890
8140.0	0.810132
8145.0	0.802062
8150.0	0.803790
8155.0	0.810029
8160.0	0.792607
8165.0	0.783635
8170.0	0.790557
8175.0	0.786818
8180.0	0.779167
8185.0	0.785794
8190.0	0.779875
8195.0	0.765232
8200.0	0.783189
8205.0	0.797676
8210.0	0.806103
8215.0	0.806107
8220.0	0.807283
8225.0	0.777639
8230.0	0.763121
8235.0	0.789813
8240.0	0.810736
8245.0	0.821111
8250.0	0.825315
8255.0	0.820610
8260.0	0.822724
8265.0	0.825699
8270.0	0.823927
8275.0	0.794353
8280.0	0.800771
8285.0	0.792169
8290.0	0.787966
8295.0	0.783970
8300.0	0.785606
8305.0	0.779914
8310.0	0.783415
8315.0	0.796239
8320.0	0.786332
8325.0	0.783268
8330.0	0.770420
8335.0	0.778291
8340.0	0.780126
8345.0	0.782511
8350.0	0.795259
8355.0	0.803284
8360.0	0.801467
8365.0	0.794290
8370.0	0.808403
8375.0	0.810894
8380.0	0.794914
8385.0	0.771001
8390.0	0.788909
8395.0	0.808815
8400.0	0.807356
8405.0	0.812315
8410.0	0.802833
8415.0	0.800927
8420.0	0.803587
8425.0	0.794243
8430.0	0.807815
8435.0	0.788456
8440.0	0.791964
8445.0	0.814576
8450.0	0.816999
8455.0	0.823449
8460.0	0.824897
8465.0	0.813490
8470.0	0.811264
8475.0	0.824022
8480.0	0.823525
8485.0	0.823379
8490.0	0.812560
8495.0	0.724929
8500.0	0.717195
8505.0	0.783500
8510.0	0.789865
8515.0	0.770893
8520.0	0.777666
8525.0	0.773201
8530.0	0.782347
8535.0	0.732256
8540.0	0.614736
8545.0	0.599021
8550.0	0.661353
8555.0	0.728207
8560.0	0.787162
8565.0	0.801127
8570.0	0.792694
8575.0	0.789802
8580.0	0.787242
8585.0	0.788898
8590.0	0.791927
8595.0	0.790697
8600.0	0.791183
8605.0	0.794850
8610.0	0.790999
8615.0	0.798431
8620.0	0.794798
8625.0	0.805462
8630.0	0.817033
8635.0	0.821700
8640.0	0.822704
8645.0	0.800263
8650.0	0.804897
8655.0	0.777934
8660.0	0.662620
8665.0	0.647808
8670.0	0.693142
8675.0	0.740164
8680.0	0.786454
8685.0	0.778543
8690.0	0.780953
8695.0	0.820730
8700.0	0.785298
8705.0	0.812075
8710.0	0.807293
8715.0	0.818974
8720.0	0.841446
8725.0	0.834995
8730.0	0.802919
8735.0	0.822989
8740.0	0.807097
8745.0	0.805326
8750.0	0.797478
8755.0	0.797896
8760.0	0.808099
8765.0	0.803678
8770.0	0.798758
8775.0	0.808080
8780.0	0.825747
8785.0	0.824240
8790.0	0.803638
8795.0	0.796548
8800.0	0.819576
8805.0	0.769801
8810.0	0.785083
8815.0	0.817507
8820.0	0.806605
8825.0	0.803033
8830.0	0.807838
8835.0	0.797261
8840.0	0.806861
8845.0	0.823232
8850.0	0.828985
8855.0	0.829244
8860.0	0.803556
8865.0	0.788717
8870.0	0.813507
8875.0	0.815698
8880.0	0.794301
8885.0	0.827362
8890.0	0.831628
8895.0	0.823673
8900.0	0.827627
8905.0	0.826524
8910.0	0.828082
8915.0	0.819538
8920.0	0.815480
8925.0	0.815753
8930.0	0.816061
8935.0	0.816330
8940.0	0.815393
8945.0	0.807374
8950.0	0.803656
8955.0	0.819621
8960.0	0.812356
8965.0	0.802192
8970.0	0.801501
8975.0	0.811664
8980.0	0.803643
8985.0	0.789634
8990.0	0.779541
8995.0	0.798591
9000.0	0.787353
9005.0	0.784598
9010.0	0.776909
9015.0	0.774497
9020.0	0.777066
9025.0	0.770492
9030.0	0.814983
9035.0	0.818077
9040.0	0.829537
9045.0	0.827847
9050.0	0.822309
9055.0	0.819206
9060.0	0.800432
9065.0	0.791265
9070.0	0.780962
9075.0	0.785183
9080.0	0.768841
9085.0	0.762966
9090.0	0.758628
9095.0	0.763771
9100.0	0.765599
9105.0	0.758330
9110.0	0.749994
9115.0	0.747818
9120.0	0.755534
9125.0	0.761489
9130.0	0.739684
9135.0	0.727024
9140.0	0.729275
9145.0	0.725630
9150.0	0.706821
9155.0	0.696632
9160.0	0.714032
9165.0	0.707715
9170.0	0.680477
9175.0	0.674918
9180.0	0.694023
9185.0	0.693559
9190.0	0.699219
9195.0	0.693827
9200.0	0.695233
9205.0	0.685702
9210.0	0.683581
9215.0	0.678110
9220.0	0.715028
9225.0	0.698439
9230.0	0.693258
9235.0	0.692939
9240.0	0.686458
9245.0	0.686814
9250.0	0.694146
9255.0	0.697400
9260.0	0.705164
9265.0	0.727122
9270.0	0.731547
9275.0	0.723155
9280.0	0.707523
9285.0	0.718935
9290.0	0.717764
9295.0	0.703735
9300.0	0.686287
9305.0	0.704280
9310.0	0.695136
9315.0	0.670424
9320.0	0.678904
9325.0	0.671694
9330.0	0.670345
9335.0	0.659094
9340.0	0.622544
9345.0	0.635242
9350.0	0.677315
9355.0	0.646056
9360.0	0.673406
9365.0	0.681788
9370.0	0.660799
9375.0	0.676722
9380.0	0.674921
9385.0	0.728603
9390.0	0.763113
9395.0	0.776416
9400.0	0.768770
9405.0	0.754747
9410.0	0.737227
9415.0	0.718578
9420.0	0.674852
9425.0	0.684821
9430.0	0.670159
9435.0	0.695512
9440.0	0.649428
9445.0	0.667719
9450.0	0.717503
9455.0	0.681727
9460.0	0.668662
9465.0	0.687176
9470.0	0.707361
9475.0	0.717578
9480.0	0.677877
9485.0	0.705696
9490.0	0.719235
9495.0	0.692733
9500.0	0.699324
9505.0	0.698747
9510.0	0.698096
9515.0	0.697385
9520.0	0.696628
9525.0	0.695842
9530.0	0.695039
9535.0	0.694236
9540.0	0.693445
9545.0	0.692683
9550.0	0.691963
9555.0	0.691297
9560.0	0.690684
9565.0	0.690117
9570.0	0.689594
9575.0	0.689107
9580.0	0.688654
9585.0	0.688228
9590.0	0.687826
9595.0	0.687441
9600.0	0.687069
9605.0	0.686704
9610.0	0.686338
9615.0	0.685961
9620.0	0.685562
9625.0	0.685132
9630.0	0.684662
9635.0	0.684140
9640.0	0.683559
9645.0	0.682907
9650.0	0.682175
9655.0	0.681359
9660.0	0.680483
9665.0	0.679577
9670.0	0.678669
9675.0	0.677790
9680.0	0.676968
9685.0	0.676234
9690.0	0.675618
9695.0	0.675147
9700.0	0.674853
9705.0	0.674756
9710.0	0.674845
9715.0	0.675099
9720.0	0.675497
9725.0	0.676020
9730.0	0.676647
9735.0	0.677357
9740.0	0.678131
9745.0	0.678948
9750.0	0.679787
9755.0	0.680631
9760.0	0.681470
9765.0	0.682297
9770.0	0.683105
9775.0	0.683886
9780.0	0.684635
9785.0	0.685342
9790.0	0.686002
9795.0	0.686606
9800.0	0.687149
9805.0	0.687624
9810.0	0.688035
9815.0	0.688386
9820.0	0.688682
9825.0	0.688929
9830.0	0.689129
9835.0	0.689290
9840.0	0.689415
9845.0	0.689508
9850.0	0.689576
9855.0	0.689622
9860.0	0.689650
9865.0	0.689662
9870.0	0.689662
9875.0	0.689653
9880.0	0.689638
9885.0	0.689619
9890.0	0.689601
9895.0	0.689585
9900.0	0.689576
9905.0	0.689574
9910.0	0.689579
9915.0	0.689588
9920.0	0.689598
9925.0	0.689606
9930.0	0.689611
9935.0	0.689609
9940.0	0.689597
9945.0	0.689574
9950.0	0.689536
9955.0	0.689481
9960.0	0.689405
9965.0	0.689304
9970.0	0.689174
9975.0	0.689011
9980.0	0.688812
9985.0	0.688572
9990.0	0.688288
9995.0	0.687955
10000.0	0.687570
10005.0	0.687131
10010.0	0.686645
10015.0	0.686122
10020.0	0.685571
10025.0	0.685002
10030.0	0.684424
10035.0	0.683847
10040.0	0.683280
10045.0	0.682733
10050.0	0.682214
10055.0	0.681733
10060.0	0.681284
10065.0	0.680865
10070.0	0.680468
10075.0	0.680091
10080.0	0.679727
10085.0	0.679372
10090.0	0.679020
10095.0	0.678667
10100.0	0.678307
10105.0	0.677936
10110.0	0.677553
10115.0	0.677157
10120.0	0.676745
10125.0	0.676318
10130.0	0.675873
10135.0	0.675411
10140.0	0.674930
10145.0	0.674429
10150.0	0.673906
10155.0	0.673362
10160.0	0.672799
10165.0	0.672221
10170.0	0.671630
10175.0	0.671031
10180.0	0.670427
10185.0	0.669821
10190.0	0.669216
10195.0	0.668616
10200.0	0.668025
10205.0	0.667445
10210.0	0.666876
10215.0	0.666317
10220.0	0.665768
10225.0	0.665228
10230.0	0.664696
10235.0	0.664171
10240.0	0.663654
10245.0	0.663143
10250.0	0.662637
10255.0	0.662137
10260.0	0.661640
10265.0	0.661147
10270.0	0.660657
10275.0	0.660169
10280.0	0.659683
10285.0	0.659198
10290.0	0.658713
10295.0	0.658229
10300.0	0.657743
10305.0	0.657256
10310.0	0.656768
10315.0	0.656279
10320.0	0.655789
10325.0	0.655299
10330.0	0.654809
10335.0	0.654318
10340.0	0.653828
10345.0	0.653338
10350.0	0.652849
10355.0	0.652360
10360.0	0.651873
10365.0	0.651385
10370.0	0.650898
10375.0	0.650410
10380.0	0.649921
10385.0	0.649432
10390.0	0.648941
10395.0	0.648449
10400.0	0.647954
10405.0	0.647458
10410.0	0.646961
10415.0	0.646463
10420.0	0.645966
10425.0	0.645471
10430.0	0.644979
10435.0	0.644491
10440.0	0.644008
10445.0	0.643530
10450.0	0.643060
10455.0	0.642598
10460.0	0.642142
10465.0	0.641693
10470.0	0.641250
10475.0	0.640811
10480.0	0.640376
10485.0	0.639944
10490.0	0.639515
10495.0	0.639087
10500.0	0.638659
10505.0	0.638232
10510.0	0.637804
10515.0	0.637376
10520.0	0.636948
10525.0	0.636519
10530.0	0.636091
10535.0	0.635662
10540.0	0.635233
10545.0	0.634803
10550.0	0.634374
10555.0	0.633944
10560.0	0.633514
10565.0	0.633084
10570.0	0.632653
10575.0	0.632222
10580.0	0.631792
10585.0	0.631361
10590.0	0.630929
10595.0	0.630498
10600.0	0.630066
10605.0	0.629634
10610.0	0.629202
10615.0	0.628770
10620.0	0.628337
