#-- k0iv
#\*l[Angstrom]	F(\*l)/F(555.6Angstrom]
1150.0	0.000000
1155.0	0.000000
1160.0	0.000000
1165.0	0.000000
1170.0	0.000000
1175.0	0.000000
1180.0	0.000000
1185.0	0.000000
1190.0	0.000000
1195.0	0.000000
1200.0	0.000000
1205.0	0.000000
1210.0	0.000000
1215.0	0.000000
1220.0	0.000000
1225.0	0.000000
1230.0	0.000000
1235.0	0.000000
1240.0	0.000000
1245.0	0.000000
1250.0	0.000000
1255.0	0.000000
1260.0	0.000000
1265.0	0.000000
1270.0	0.000000
1275.0	0.000000
1280.0	0.000000
1285.0	0.000000
1290.0	0.000000
1295.0	0.000000
1300.0	0.000000
1305.0	0.000000
1310.0	0.000000
1315.0	0.000000
1320.0	0.000000
1325.0	0.000000
1330.0	0.000000
1335.0	0.000000
1340.0	0.000000
1345.0	0.000000
1350.0	0.000000
1355.0	0.000000
1360.0	0.000000
1365.0	0.000000
1370.0	0.000000
1375.0	0.000000
1380.0	0.000000
1385.0	0.000000
1390.0	0.000000
1395.0	0.000000
1400.0	0.000000
1405.0	0.000000
1410.0	0.000000
1415.0	0.000000
1420.0	0.000000
1425.0	0.000000
1430.0	0.000000
1435.0	0.000000
1440.0	0.000000
1445.0	0.000000
1450.0	0.000000
1455.0	0.000000
1460.0	0.000000
1465.0	0.000000
1470.0	0.000000
1475.0	0.000000
1480.0	0.000000
1485.0	0.000000
1490.0	0.000000
1495.0	0.000000
1500.0	0.000000
1505.0	0.000000
1510.0	0.000000
1515.0	0.000000
1520.0	0.000000
1525.0	0.000000
1530.0	0.000000
1535.0	0.000000
1540.0	0.000000
1545.0	0.000000
1550.0	0.000000
1555.0	0.000000
1560.0	0.000000
1565.0	0.000000
1570.0	0.000000
1575.0	0.000000
1580.0	0.000000
1585.0	0.000000
1590.0	0.000000
1595.0	0.000000
1600.0	0.000000
1605.0	0.000000
1610.0	0.000000
1615.0	0.000000
1620.0	0.000000
1625.0	0.000000
1630.0	0.000000
1635.0	0.000000
1640.0	0.000000
1645.0	0.000000
1650.0	0.000000
1655.0	0.000000
1660.0	0.000000
1665.0	0.000000
1670.0	0.000000
1675.0	0.000000
1680.0	0.000000
1685.0	0.000000
1690.0	0.000000
1695.0	0.000000
1700.0	0.000000
1705.0	0.000000
1710.0	0.000000
1715.0	0.000000
1720.0	0.000000
1725.0	0.000000
1730.0	0.000000
1735.0	0.000000
1740.0	0.000000
1745.0	0.000000
1750.0	0.000000
1755.0	0.000000
1760.0	0.000000
1765.0	0.000000
1770.0	0.000000
1775.0	0.000000
1780.0	0.000000
1785.0	0.000000
1790.0	0.000000
1795.0	0.000000
1800.0	0.000000
1805.0	0.000000
1810.0	0.000000
1815.0	0.000000
1820.0	0.000000
1825.0	0.000000
1830.0	0.000000
1835.0	0.000000
1840.0	0.000000
1845.0	0.000000
1850.0	0.000000
1855.0	0.000000
1860.0	0.000000
1865.0	0.000000
1870.0	0.000000
1875.0	0.000000
1880.0	0.000000
1885.0	0.000000
1890.0	0.000000
1895.0	0.000000
1900.0	0.000000
1905.0	0.000000
1910.0	0.000000
1915.0	0.000000
1920.0	0.000000
1925.0	0.000000
1930.0	0.000000
1935.0	0.000000
1940.0	0.000000
1945.0	0.000000
1950.0	0.000000
1955.0	0.000000
1960.0	0.000000
1965.0	0.000000
1970.0	0.000000
1975.0	0.000000
1980.0	0.000000
1985.0	0.000000
1990.0	0.000000
1995.0	0.000000
2000.0	0.000000
2005.0	0.000000
2010.0	0.000000
2015.0	0.000000
2020.0	0.000000
2025.0	0.000000
2030.0	0.000000
2035.0	0.000000
2040.0	0.000000
2045.0	0.000000
2050.0	0.000000
2055.0	0.000000
2060.0	0.000000
2065.0	0.000000
2070.0	0.000000
2075.0	0.000000
2080.0	0.000000
2085.0	0.000000
2090.0	0.000000
2095.0	0.000000
2100.0	0.000000
2105.0	0.000000
2110.0	0.000000
2115.0	0.000000
2120.0	0.000000
2125.0	0.000000
2130.0	0.000000
2135.0	0.000000
2140.0	0.000000
2145.0	0.000000
2150.0	0.000000
2155.0	0.000001
2160.0	0.000002
2165.0	0.000003
2170.0	0.000004
2175.0	0.000005
2180.0	0.000005
2185.0	0.000005
2190.0	0.000004
2195.0	0.000003
2200.0	0.000000
2205.0	0.000000
2210.0	0.000000
2215.0	0.000000
2220.0	0.000000
2225.0	0.000000
2230.0	0.000000
2235.0	0.000000
2240.0	0.000000
2245.0	0.000000
2250.0	0.000000
2255.0	0.000014
2260.0	0.000030
2265.0	0.000046
2270.0	0.000061
2275.0	0.000071
2280.0	0.000076
2285.0	0.000074
2290.0	0.000062
2295.0	0.000038
2300.0	0.000000
2305.0	0.000000
2310.0	0.000000
2315.0	0.000000
2320.0	0.000000
2325.0	0.000000
2330.0	0.000000
2335.0	0.000000
2340.0	0.000000
2345.0	0.000000
2350.0	0.000000
2355.0	0.000196
2360.0	0.000440
2365.0	0.000723
2370.0	0.001036
2375.0	0.001368
2380.0	0.001710
2385.0	0.002053
2390.0	0.002387
2395.0	0.002702
2400.0	0.002988
2405.0	0.003238
2410.0	0.003451
2415.0	0.003629
2420.0	0.003773
2425.0	0.003883
2430.0	0.003962
2435.0	0.004010
2440.0	0.004029
2445.0	0.004020
2450.0	0.003984
2455.0	0.003924
2460.0	0.003850
2465.0	0.003771
2470.0	0.003698
2475.0	0.003642
2480.0	0.003614
2485.0	0.003623
2490.0	0.003681
2495.0	0.003798
2500.0	0.003984
2505.0	0.004246
2510.0	0.004568
2515.0	0.004931
2520.0	0.005315
2525.0	0.005702
2530.0	0.006070
2535.0	0.006401
2540.0	0.006675
2545.0	0.006871
2550.0	0.006972
2555.0	0.006966
2560.0	0.006883
2565.0	0.006759
2570.0	0.006634
2575.0	0.006544
2580.0	0.006529
2585.0	0.006625
2590.0	0.006872
2595.0	0.007307
2600.0	0.007968
2605.0	0.008879
2610.0	0.010005
2615.0	0.011297
2620.0	0.012708
2625.0	0.014188
2630.0	0.015688
2635.0	0.017159
2640.0	0.018554
2645.0	0.019822
2650.0	0.020916
2655.0	0.021799
2660.0	0.022484
2665.0	0.022997
2670.0	0.023363
2675.0	0.023608
2680.0	0.023757
2685.0	0.023835
2690.0	0.023869
2695.0	0.023884
2700.0	0.023904
2705.0	0.023951
2710.0	0.024018
2715.0	0.024093
2720.0	0.024166
2725.0	0.024225
2730.0	0.024258
2735.0	0.024254
2740.0	0.024201
2745.0	0.024089
2750.0	0.023904
2755.0	0.023641
2760.0	0.023310
2765.0	0.022924
2770.0	0.022498
2775.0	0.022047
2780.0	0.021586
2785.0	0.021128
2790.0	0.020688
2795.0	0.020281
2800.0	0.019920
2805.0	0.019629
2810.0	0.019461
2815.0	0.019477
2820.0	0.019737
2825.0	0.020305
2830.0	0.021240
2835.0	0.022603
2840.0	0.024457
2845.0	0.026863
2850.0	0.029880
2855.0	0.033540
2860.0	0.037739
2865.0	0.042344
2870.0	0.047221
2875.0	0.052237
2880.0	0.057257
2885.0	0.062147
2890.0	0.066774
2895.0	0.071003
2900.0	0.074701
2905.0	0.077763
2910.0	0.080197
2915.0	0.082043
2920.0	0.083338
2925.0	0.084120
2930.0	0.084427
2935.0	0.084298
2940.0	0.083771
2945.0	0.082883
2950.0	0.081673
2955.0	0.080189
2960.0	0.078516
2965.0	0.076748
2970.0	0.074982
2975.0	0.073311
2980.0	0.071831
2985.0	0.070637
2990.0	0.069824
2995.0	0.069487
3000.0	0.069721
3005.0	0.070591
3010.0	0.072043
3015.0	0.073995
3020.0	0.076362
3025.0	0.079061
3030.0	0.082009
3035.0	0.085123
3040.0	0.088318
3045.0	0.091512
3050.0	0.094622
3055.0	0.097580
3060.0	0.100387
3065.0	0.103061
3070.0	0.105619
3075.0	0.108080
3080.0	0.110459
3085.0	0.112776
3090.0	0.115047
3095.0	0.117290
3100.0	0.119522
3105.0	0.121755
3110.0	0.123979
3115.0	0.126177
3120.0	0.128332
3125.0	0.130428
3130.0	0.132448
3135.0	0.134376
3140.0	0.136195
3145.0	0.137890
3150.0	0.139442
3155.0	0.140844
3160.0	0.141620
3165.0	0.133245
3170.0	0.133034
3175.0	0.145308
3180.0	0.158828
3185.0	0.161896
3190.0	0.156548
3195.0	0.148584
3200.0	0.138869
3205.0	0.147694
3210.0	0.154918
3215.0	0.143212
3220.0	0.127528
3225.0	0.124769
3230.0	0.127349
3235.0	0.125341
3240.0	0.123948
3245.0	0.130338
3250.0	0.144410
3255.0	0.163379
3260.0	0.180983
3265.0	0.191205
3270.0	0.192476
3275.0	0.186707
3280.0	0.185267
3285.0	0.197107
3290.0	0.212037
3295.0	0.218414
3300.0	0.217907
3305.0	0.214606
3310.0	0.208963
3315.0	0.201202
3320.0	0.194259
3325.0	0.191120
3330.0	0.192247
3335.0	0.197419
3340.0	0.206194
3345.0	0.216452
3350.0	0.219568
3355.0	0.208420
3360.0	0.188422
3365.0	0.168289
3370.0	0.157413
3375.0	0.162317
3380.0	0.177380
3385.0	0.194568
3390.0	0.208335
3395.0	0.215451
3400.0	0.219448
3405.0	0.223836
3410.0	0.225290
3415.0	0.221708
3420.0	0.222724
3425.0	0.235108
3430.0	0.242457
3435.0	0.229722
3440.0	0.210452
3445.0	0.201639
3450.0	0.205466
3455.0	0.218271
3460.0	0.227829
3465.0	0.224592
3470.0	0.218295
3475.0	0.219191
3480.0	0.220345
3485.0	0.214647
3490.0	0.211473
3495.0	0.220298
3500.0	0.234513
3505.0	0.244668
3510.0	0.246038
3515.0	0.237522
3520.0	0.227771
3525.0	0.225904
3530.0	0.233137
3535.0	0.247164
3540.0	0.259471
3545.0	0.261969
3550.0	0.254492
3555.0	0.239757
3560.0	0.224119
3565.0	0.212328
3570.0	0.199079
3575.0	0.179949
3580.0	0.164095
3585.0	0.162512
3590.0	0.179952
3595.0	0.214477
3600.0	0.243627
3605.0	0.247844
3610.0	0.239713
3615.0	0.236315
3620.0	0.240563
3625.0	0.250649
3630.0	0.260047
3635.0	0.263545
3640.0	0.265921
3645.0	0.273293
3650.0	0.287141
3655.0	0.306498
3660.0	0.325245
3665.0	0.336606
3670.0	0.336329
3675.0	0.323793
3680.0	0.310378
3685.0	0.306791
3690.0	0.309037
3695.0	0.310942
3700.0	0.312316
3705.0	0.313246
3710.0	0.308941
3715.0	0.294925
3720.0	0.272836
3725.0	0.246904
3730.0	0.225597
3735.0	0.216137
3740.0	0.216508
3745.0	0.222686
3750.0	0.231860
3755.0	0.242077
3760.0	0.253624
3765.0	0.268128
3770.0	0.290360
3775.0	0.320489
3780.0	0.337141
3785.0	0.322564
3790.0	0.295038
3795.0	0.277014
3800.0	0.271616
3805.0	0.274304
3810.0	0.269217
3815.0	0.243769
3820.0	0.209785
3825.0	0.183093
3830.0	0.171124
3835.0	0.176431
3840.0	0.190457
3845.0	0.203186
3850.0	0.209890
3855.0	0.208767
3860.0	0.204429
3865.0	0.201810
3870.0	0.200720
3875.0	0.201538
3880.0	0.212054
3885.0	0.237960
3890.0	0.269167
3895.0	0.294424
3900.0	0.313628
3905.0	0.328727
3910.0	0.338739
3915.0	0.339177
3920.0	0.314457
3925.0	0.256560
3930.0	0.198823
3935.0	0.177805
3940.0	0.201594
3945.0	0.262574
3950.0	0.318763
3955.0	0.330647
3960.0	0.302942
3965.0	0.257366
3970.0	0.239409
3975.0	0.284405
3980.0	0.363275
3985.0	0.436675
3990.0	0.488620
3995.0	0.513963
4000.0	0.527562
4005.0	0.544706
4010.0	0.562420
4015.0	0.574108
4020.0	0.576967
4025.0	0.570233
4030.0	0.557503
4035.0	0.543819
4040.0	0.535640
4045.0	0.537361
4050.0	0.543705
4055.0	0.547262
4060.0	0.541763
4065.0	0.526312
4070.0	0.520358
4075.0	0.540830
4080.0	0.574243
4085.0	0.601692
4090.0	0.613025
4095.0	0.604750
4100.0	0.591256
4105.0	0.587136
4110.0	0.589915
4115.0	0.593151
4120.0	0.591592
4125.0	0.581774
4130.0	0.566201
4135.0	0.549065
4140.0	0.535360
4145.0	0.529634
4150.0	0.533849
4155.0	0.547139
4160.0	0.559895
4165.0	0.562997
4170.0	0.558009
4175.0	0.549551
4180.0	0.543789
4185.0	0.544995
4190.0	0.548337
4195.0	0.549337
4200.0	0.554060
4205.0	0.567549
4210.0	0.580228
4215.0	0.582269
4220.0	0.577457
4225.0	0.573434
4230.0	0.579665
4235.0	0.600923
4240.0	0.621388
4245.0	0.625602
4250.0	0.620159
4255.0	0.614886
4260.0	0.610485
4265.0	0.605374
4270.0	0.597950
4275.0	0.587730
4280.0	0.578743
4285.0	0.571529
4290.0	0.548185
4295.0	0.498286
4300.0	0.459779
4305.0	0.470637
4310.0	0.520563
4315.0	0.586939
4320.0	0.646115
4325.0	0.680771
4330.0	0.699932
4335.0	0.715670
4340.0	0.725902
4345.0	0.727722
4350.0	0.729104
4355.0	0.737684
4360.0	0.748871
4365.0	0.754068
4370.0	0.740878
4375.0	0.703565
4380.0	0.666838
4385.0	0.655942
4390.0	0.667822
4395.0	0.691112
4400.0	0.709506
4405.0	0.712701
4410.0	0.719349
4415.0	0.745719
4420.0	0.769592
4425.0	0.769437
4430.0	0.764977
4435.0	0.777157
4440.0	0.790565
4445.0	0.786752
4450.0	0.771469
4455.0	0.757101
4460.0	0.758356
4465.0	0.784392
4470.0	0.819831
4475.0	0.846244
4480.0	0.857533
4485.0	0.854392
4490.0	0.852359
4495.0	0.865943
4500.0	0.890701
4505.0	0.915051
4510.0	0.917819
4515.0	0.885168
4520.0	0.842193
4525.0	0.817712
4530.0	0.816489
4535.0	0.834219
4540.0	0.854368
4545.0	0.863280
4550.0	0.871062
4555.0	0.888681
4560.0	0.906793
4565.0	0.914192
4570.0	0.912528
4575.0	0.906039
4580.0	0.896458
4585.0	0.886354
4590.0	0.884138
4595.0	0.896021
4600.0	0.913574
4605.0	0.927894
4610.0	0.942829
4615.0	0.961520
4620.0	0.971513
4625.0	0.961945
4630.0	0.943902
4635.0	0.930859
4640.0	0.923889
4645.0	0.920591
4650.0	0.917066
4655.0	0.910116
4660.0	0.900856
4665.0	0.891958
4670.0	0.888027
4675.0	0.892310
4680.0	0.900695
4685.0	0.907543
4690.0	0.908452
4695.0	0.901884
4700.0	0.896511
4705.0	0.901056
4710.0	0.914236
4715.0	0.931149
4720.0	0.942421
4725.0	0.941773
4730.0	0.939769
4735.0	0.947257
4740.0	0.959383
4745.0	0.968122
4750.0	0.968463
4755.0	0.958935
4760.0	0.949193
4765.0	0.949068
4770.0	0.957972
4775.0	0.971423
4780.0	0.979806
4785.0	0.976878
4790.0	0.975029
4795.0	0.985708
4800.0	0.997971
4805.0	0.999866
4810.0	0.997822
4815.0	0.999096
4820.0	0.995876
4825.0	0.980843
4830.0	0.963712
4835.0	0.955102
4840.0	0.952228
4845.0	0.948727
4850.0	0.937322
4855.0	0.914398
4860.0	0.891910
4865.0	0.882838
4870.0	0.888700
4875.0	0.906080
4880.0	0.923291
4885.0	0.931394
4890.0	0.940719
4895.0	0.960035
4900.0	0.972583
4905.0	0.962490
4910.0	0.942958
4915.0	0.930304
4920.0	0.924248
4925.0	0.922400
4930.0	0.930523
4935.0	0.952341
4940.0	0.975245
4945.0	0.986238
4950.0	0.987099
4955.0	0.983504
4960.0	0.981944
4965.0	0.985484
4970.0	0.982651
4975.0	0.963800
4980.0	0.941122
4985.0	0.928400
4990.0	0.923938
4995.0	0.921714
5000.0	0.913866
5005.0	0.896392
5010.0	0.882572
5015.0	0.885489
5020.0	0.900167
5025.0	0.917194
5030.0	0.927487
5035.0	0.925915
5040.0	0.922813
5045.0	0.928663
5050.0	0.939062
5055.0	0.946179
5060.0	0.943359
5065.0	0.927801
5070.0	0.910933
5075.0	0.904063
5080.0	0.903794
5085.0	0.904040
5090.0	0.902668
5095.0	0.899333
5100.0	0.896886
5105.0	0.898386
5110.0	0.904525
5115.0	0.913603
5120.0	0.916705
5125.0	0.907188
5130.0	0.894723
5135.0	0.889799
5140.0	0.889889
5145.0	0.889462
5150.0	0.884009
5155.0	0.869859
5160.0	0.845672
5165.0	0.814148
5170.0	0.791804
5175.0	0.793374
5180.0	0.812627
5185.0	0.838865
5190.0	0.864471
5195.0	0.883855
5200.0	0.896465
5205.0	0.903607
5210.0	0.908982
5215.0	0.915367
5220.0	0.919428
5225.0	0.919238
5230.0	0.924598
5235.0	0.943112
5240.0	0.961884
5245.0	0.966105
5250.0	0.953837
5255.0	0.927879
5260.0	0.897118
5265.0	0.873588
5270.0	0.875824
5275.0	0.914275
5280.0	0.960537
5285.0	0.985001
5290.0	0.992075
5295.0	0.993730
5300.0	0.998154
5305.0	1.008590
5310.0	1.012259
5315.0	0.997682
5320.0	0.974577
5325.0	0.956352
5330.0	0.949984
5335.0	0.958578
5340.0	0.976202
5345.0	0.995683
5350.0	1.013916
5355.0	1.027730
5360.0	1.029611
5365.0	1.015617
5370.0	1.000421
5375.0	0.997886
5380.0	1.000019
5385.0	0.995516
5390.0	0.981704
5395.0	0.960519
5400.0	0.943716
5405.0	0.942189
5410.0	0.953588
5415.0	0.971144
5420.0	0.983674
5425.0	0.983306
5430.0	0.979830
5435.0	0.984398
5440.0	0.995958
5445.0	1.009154
5450.0	1.013630
5455.0	1.003017
5460.0	0.991892
5465.0	0.992972
5470.0	0.990588
5475.0	0.970428
5480.0	0.952003
5485.0	0.956097
5490.0	0.974773
5495.0	0.994075
5500.0	1.004696
5505.0	1.001994
5510.0	0.995351
5515.0	0.994529
5520.0	0.996808
5525.0	0.997526
5530.0	0.996766
5535.0	0.996322
5540.0	1.000110
5545.0	1.010507
5550.0	1.021627
5555.0	1.026555
5560.0	1.022537
5565.0	1.010326
5570.0	1.000533
5575.0	1.001595
5580.0	1.003390
5585.0	0.995275
5590.0	0.983086
5595.0	0.975965
5600.0	0.979793
5605.0	0.995932
5610.0	1.010911
5615.0	1.012262
5620.0	1.006350
5625.0	1.002012
5630.0	0.999149
5635.0	0.996038
5640.0	0.993417
5645.0	0.992466
5650.0	0.993689
5655.0	0.996646
5660.0	0.997812
5665.0	0.994855
5670.0	0.993314
5675.0	0.998687
5680.0	1.008448
5685.0	1.017822
5690.0	1.021071
5695.0	1.013845
5700.0	0.998315
5705.0	0.979889
5710.0	0.970409
5715.0	0.979519
5720.0	1.001642
5725.0	1.026819
5730.0	1.042806
5735.0	1.041140
5740.0	1.030776
5745.0	1.022624
5750.0	1.018004
5755.0	1.015835
5760.0	1.015037
5765.0	1.014746
5770.0	1.014967
5775.0	1.015918
5780.0	1.017821
5785.0	1.020829
5790.0	1.024841
5795.0	1.029687
5800.0	1.035201
5805.0	1.041091
5810.0	1.046571
5815.0	1.050731
5820.0	1.052661
5825.0	1.051723
5830.0	1.048365
5835.0	1.043306
5840.0	1.037265
5845.0	1.030861
5850.0	1.024322
5855.0	1.017774
5860.0	1.011343
5865.0	1.005108
5870.0	0.998951
5875.0	0.992706
5880.0	0.986206
5885.0	0.979665
5890.0	0.974828
5895.0	0.973818
5900.0	0.978761
5905.0	1.017831
5910.0	1.018511
5915.0	1.023330
5920.0	1.030365
5925.0	1.056993
5930.0	1.054093
5935.0	1.037636
5940.0	1.038362
5945.0	1.027455
5950.0	1.036436
5955.0	1.035645
5960.0	1.028063
5965.0	1.025980
5970.0	1.034168
5975.0	1.033214
5980.0	1.026540
5985.0	1.019248
5990.0	1.026252
5995.0	1.029628
6000.0	1.025443
6005.0	1.011370
6010.0	1.005385
6015.0	0.999912
6020.0	0.998574
6025.0	1.003848
6030.0	1.028209
6035.0	1.053427
6040.0	1.038223
6045.0	1.069310
6050.0	1.047119
6055.0	1.042663
6060.0	1.033852
6065.0	1.029580
6070.0	1.044886
6075.0	1.040218
6080.0	1.021321
6085.0	1.012308
6090.0	1.010524
6095.0	1.011971
6100.0	1.020415
6105.0	1.009879
6110.0	1.027548
6115.0	1.036276
6120.0	1.012916
6125.0	1.010864
6130.0	1.010273
6135.0	0.987000
6140.0	0.989569
6145.0	1.018551
6150.0	1.005858
6155.0	0.993433
6160.0	0.954722
6165.0	0.944721
6170.0	0.968673
6175.0	1.003089
6180.0	1.010750
6185.0	1.011044
6190.0	0.996801
6195.0	1.009932
6200.0	1.007777
6205.0	1.031916
6210.0	1.016729
6215.0	0.980525
6220.0	0.989285
6225.0	1.007455
6230.0	0.986249
6235.0	0.984511
6240.0	0.979022
6245.0	0.976127
6250.0	0.963899
6255.0	0.951718
6260.0	0.962844
6265.0	0.996327
6270.0	1.006773
6275.0	1.017783
6280.0	0.968999
6285.0	0.993008
6290.0	1.001413
6295.0	0.987552
6300.0	0.963831
6305.0	0.977816
6310.0	0.992793
6315.0	0.960309
6320.0	0.973811
6325.0	0.995775
6330.0	0.997741
6335.0	0.981681
6340.0	0.985877
6345.0	0.983018
6350.0	1.004639
6355.0	0.991380
6360.0	0.962308
6365.0	0.969962
6370.0	1.004277
6375.0	1.018888
6380.0	0.999160
6385.0	1.007022
6390.0	1.001362
6395.0	0.975170
6400.0	0.981672
6405.0	0.978701
6410.0	0.974897
6415.0	0.972211
6420.0	0.978608
6425.0	0.993711
6430.0	0.979825
6435.0	0.992779
6440.0	0.990708
6445.0	0.997902
6450.0	0.973374
6455.0	0.985081
6460.0	0.980833
6465.0	0.983220
6470.0	0.989092
6475.0	0.985322
6480.0	0.978955
6485.0	0.973840
6490.0	0.965059
6495.0	0.923582
6500.0	0.963181
6505.0	0.987912
6510.0	1.001182
6515.0	0.985548
6520.0	0.980392
6525.0	0.983997
6530.0	0.974179
6535.0	0.987087
6540.0	0.996395
6545.0	0.986880
6550.0	0.967139
6555.0	0.947275
6560.0	0.880352
6565.0	0.845187
6570.0	0.941686
6575.0	0.949813
6580.0	0.982996
6585.0	0.977063
6590.0	0.966560
6595.0	0.954682
6600.0	0.968511
6605.0	0.978073
6610.0	0.970918
6615.0	0.982966
6620.0	0.982458
6625.0	0.977010
6630.0	0.947269
6635.0	0.939227
6640.0	0.958732
6645.0	0.956651
6650.0	0.956504
6655.0	0.975374
6660.0	0.965479
6665.0	0.947315
6670.0	0.960150
6675.0	0.960355
6680.0	0.966242
6685.0	0.981703
6690.0	0.976733
6695.0	0.952790
6700.0	0.951288
6705.0	0.954812
6710.0	0.956677
6715.0	0.929973
6720.0	0.938358
6725.0	0.963920
6730.0	0.977165
6735.0	0.947969
6740.0	0.943631
6745.0	0.945382
6750.0	0.947470
6755.0	0.944052
6760.0	0.952161
6765.0	0.951165
6770.0	0.938821
6775.0	0.956775
6780.0	0.954346
6785.0	0.941812
6790.0	0.943702
6795.0	0.953065
6800.0	0.942313
6805.0	0.921386
6810.0	0.936679
6815.0	0.944169
6820.0	0.943558
6825.0	0.941819
6830.0	0.940808
6835.0	0.946772
6840.0	0.944860
6845.0	0.943664
6850.0	0.942154
6855.0	0.940835
6860.0	0.939880
6865.0	0.938487
6870.0	0.936508
6875.0	0.935266
6880.0	0.934334
6885.0	0.933497
6890.0	0.932580
6895.0	0.931823
6900.0	0.931300
6905.0	0.930765
6910.0	0.930143
6915.0	0.930200
6920.0	0.930422
6925.0	0.929860
6930.0	0.929182
6935.0	0.928292
6940.0	0.927673
6945.0	0.927251
6950.0	0.926685
6955.0	0.926384
6960.0	0.925957
6965.0	0.925303
6970.0	0.927097
6975.0	0.904542
6980.0	0.904329
6985.0	0.920586
6990.0	0.918775
6995.0	0.923201
7000.0	0.910663
7005.0	0.904818
7010.0	0.905740
7015.0	0.894206
7020.0	0.895151
7025.0	0.889376
7030.0	0.905271
7035.0	0.899292
7040.0	0.910697
7045.0	0.924792
7050.0	0.917617
7055.0	0.905613
7060.0	0.907520
7065.0	0.905643
7070.0	0.903619
7075.0	0.916524
7080.0	0.917884
7085.0	0.886028
7090.0	0.881778
7095.0	0.890325
7100.0	0.908258
7105.0	0.902011
7110.0	0.893145
7115.0	0.895329
7120.0	0.894777
7125.0	0.895513
7130.0	0.892247
7135.0	0.909806
7140.0	0.910595
7145.0	0.901665
7150.0	0.898937
7155.0	0.905506
7160.0	0.903032
7165.0	0.894170
7170.0	0.900822
7175.0	0.881986
7180.0	0.862684
7185.0	0.839776
7190.0	0.833425
7195.0	0.849309
7200.0	0.861929
7205.0	0.860485
7210.0	0.877039
7215.0	0.891411
7220.0	0.898866
7225.0	0.902818
7230.0	0.903192
7235.0	0.889441
7240.0	0.886672
7245.0	0.881190
7250.0	0.884194
7255.0	0.883455
7260.0	0.878963
7265.0	0.863532
7270.0	0.883652
7275.0	0.870781
7280.0	0.862120
7285.0	0.852706
7290.0	0.840819
7295.0	0.873574
7300.0	0.873523
7305.0	0.865221
7310.0	0.860497
7315.0	0.869016
7320.0	0.866528
7325.0	0.871233
7330.0	0.866671
7335.0	0.883972
7340.0	0.904200
7345.0	0.889997
7350.0	0.865838
7355.0	0.858007
7360.0	0.863079
7365.0	0.864177
7370.0	0.867720
7375.0	0.875770
7380.0	0.873720
7385.0	0.841775
7390.0	0.840820
7395.0	0.861264
7400.0	0.859029
7405.0	0.867355
7410.0	0.846231
7415.0	0.837249
7420.0	0.842824
7425.0	0.851914
7430.0	0.863945
7435.0	0.862860
7440.0	0.854877
7445.0	0.842001
7450.0	0.857376
7455.0	0.866396
7460.0	0.843046
7465.0	0.850027
7470.0	0.857433
7475.0	0.847138
7480.0	0.846242
7485.0	0.845284
7490.0	0.837221
7495.0	0.822535
7500.0	0.835180
7505.0	0.834852
7510.0	0.825716
7515.0	0.839414
7520.0	0.842683
7525.0	0.831507
7530.0	0.837218
7535.0	0.843876
7540.0	0.844255
7545.0	0.833766
7550.0	0.832658
7555.0	0.831587
7560.0	0.830147
7565.0	0.829234
7570.0	0.828299
7575.0	0.827101
7580.0	0.826521
7585.0	0.825956
7590.0	0.825081
7595.0	0.824439
7600.0	0.824075
7605.0	0.823673
7610.0	0.822912
7615.0	0.822127
7620.0	0.821333
7625.0	0.820534
7630.0	0.819735
7635.0	0.818941
7640.0	0.818158
7645.0	0.817392
7650.0	0.816648
7655.0	0.815932
7660.0	0.815248
7665.0	0.814603
7670.0	0.813941
7675.0	0.812970
7680.0	0.812189
7685.0	0.812124
7690.0	0.812145
7695.0	0.811270
7700.0	0.810372
7705.0	0.809384
7710.0	0.808327
7715.0	0.807839
7720.0	0.807790
7725.0	0.807215
7730.0	0.808787
7735.0	0.817747
7740.0	0.811575
7745.0	0.793806
7750.0	0.796305
7755.0	0.819724
7760.0	0.817764
7765.0	0.822327
7770.0	0.823134
7775.0	0.810825
7780.0	0.800775
7785.0	0.812358
7790.0	0.807261
7795.0	0.808452
7800.0	0.807921
7805.0	0.819049
7810.0	0.795201
7815.0	0.812867
7820.0	0.820163
7825.0	0.818145
7830.0	0.800295
7835.0	0.787073
7840.0	0.813152
7845.0	0.814416
7850.0	0.811498
7855.0	0.807020
7860.0	0.820073
7865.0	0.810433
7870.0	0.813157
7875.0	0.798736
7880.0	0.794739
7885.0	0.804564
7890.0	0.804100
7895.0	0.794470
7900.0	0.793424
7905.0	0.793791
7910.0	0.790543
7915.0	0.781064
7920.0	0.775346
7925.0	0.774638
7930.0	0.770280
7935.0	0.763339
7940.0	0.764339
7945.0	0.756993
7950.0	0.774800
7955.0	0.790033
7960.0	0.800409
7965.0	0.791745
7970.0	0.792226
7975.0	0.794109
7980.0	0.788130
7985.0	0.793369
7990.0	0.785897
7995.0	0.775326
8000.0	0.771675
8005.0	0.783762
8010.0	0.782014
8015.0	0.785936
8020.0	0.783834
8025.0	0.776585
8030.0	0.787251
8035.0	0.799818
8040.0	0.792097
8045.0	0.765494
8050.0	0.766794
8055.0	0.784709
8060.0	0.790037
8065.0	0.778699
8070.0	0.771597
8075.0	0.776509
8080.0	0.773831
8085.0	0.772433
8090.0	0.769376
8095.0	0.763211
8100.0	0.766244
8105.0	0.775161
8110.0	0.766167
8115.0	0.760151
8120.0	0.776596
8125.0	0.782347
8130.0	0.775665
8135.0	0.775487
8140.0	0.774619
8145.0	0.767685
8150.0	0.764810
8155.0	0.765466
8160.0	0.754146
8165.0	0.742497
8170.0	0.758878
8175.0	0.759277
8180.0	0.740789
8185.0	0.739929
8190.0	0.753452
8195.0	0.736228
8200.0	0.753011
8205.0	0.772947
8210.0	0.769159
8215.0	0.767247
8220.0	0.756623
8225.0	0.746122
8230.0	0.721287
8235.0	0.750792
8240.0	0.774268
8245.0	0.782631
8250.0	0.788125
8255.0	0.775636
8260.0	0.781671
8265.0	0.784839
8270.0	0.775474
8275.0	0.756644
8280.0	0.766247
8285.0	0.764501
8290.0	0.759390
8295.0	0.753150
8300.0	0.750749
8305.0	0.748378
8310.0	0.747930
8315.0	0.757601
8320.0	0.743899
8325.0	0.741008
8330.0	0.737653
8335.0	0.747222
8340.0	0.743036
8345.0	0.743287
8350.0	0.746788
8355.0	0.761732
8360.0	0.752878
8365.0	0.749015
8370.0	0.756945
8375.0	0.760672
8380.0	0.749839
8385.0	0.736310
8390.0	0.743619
8395.0	0.757881
8400.0	0.756258
8405.0	0.753092
8410.0	0.745917
8415.0	0.743722
8420.0	0.750609
8425.0	0.754315
8430.0	0.742052
8435.0	0.731974
8440.0	0.740272
8445.0	0.750319
8450.0	0.762789
8455.0	0.757420
8460.0	0.759766
8465.0	0.740279
8470.0	0.743900
8475.0	0.747407
8480.0	0.756502
8485.0	0.756336
8490.0	0.751207
8495.0	0.697040
8500.0	0.675078
8505.0	0.720628
8510.0	0.739347
8515.0	0.722464
8520.0	0.736560
8525.0	0.726238
8530.0	0.721277
8535.0	0.681282
8540.0	0.589053
8545.0	0.601920
8550.0	0.692737
8555.0	0.724275
8560.0	0.727763
8565.0	0.735799
8570.0	0.739384
8575.0	0.732391
8580.0	0.734591
8585.0	0.733110
8590.0	0.729340
8595.0	0.728275
8600.0	0.731541
8605.0	0.733840
8610.0	0.719378
8615.0	0.724530
8620.0	0.732049
8625.0	0.736068
8630.0	0.734988
8635.0	0.734883
8640.0	0.733904
8645.0	0.732143
8650.0	0.708642
8655.0	0.689017
8660.0	0.615890
8665.0	0.624412
8670.0	0.686293
8675.0	0.697821
8680.0	0.713789
8685.0	0.700769
8690.0	0.697119
8695.0	0.721915
8700.0	0.716529
8705.0	0.730143
8710.0	0.722067
8715.0	0.725948
8720.0	0.731796
8725.0	0.717677
8730.0	0.712761
8735.0	0.702777
8740.0	0.695626
8745.0	0.720280
8750.0	0.716499
8755.0	0.713798
8760.0	0.716181
8765.0	0.709677
8770.0	0.710102
8775.0	0.709587
8780.0	0.720228
8785.0	0.717855
8790.0	0.704227
8795.0	0.695367
8800.0	0.709050
8805.0	0.671259
8810.0	0.672748
8815.0	0.702676
8820.0	0.704281
8825.0	0.695017
8830.0	0.704996
8835.0	0.698723
8840.0	0.702111
8845.0	0.719028
8850.0	0.712707
8855.0	0.710367
8860.0	0.695171
8865.0	0.683149
8870.0	0.692577
8875.0	0.701487
8880.0	0.698610
8885.0	0.700884
8890.0	0.700936
8895.0	0.700455
8900.0	0.700719
8905.0	0.702925
8910.0	0.699623
8915.0	0.702687
8920.0	0.695060
8925.0	0.692800
8930.0	0.703678
8935.0	0.704843
8940.0	0.697866
8945.0	0.690213
8950.0	0.693778
8955.0	0.700477
8960.0	0.691154
8965.0	0.680062
8970.0	0.676552
8975.0	0.683093
8980.0	0.683849
8985.0	0.666619
8990.0	0.643996
8995.0	0.666524
9000.0	0.671294
9005.0	0.657889
9010.0	0.645254
9015.0	0.649100
9020.0	0.665469
9025.0	0.672207
9030.0	0.696459
9035.0	0.708089
9040.0	0.721686
9045.0	0.722302
9050.0	0.720485
9055.0	0.701755
9060.0	0.694203
9065.0	0.680459
9070.0	0.670920
9075.0	0.659078
9080.0	0.652186
9085.0	0.648348
9090.0	0.644402
9095.0	0.660100
9100.0	0.659195
9105.0	0.662409
9110.0	0.678753
9115.0	0.666717
9120.0	0.675171
9125.0	0.674677
9130.0	0.662616
9135.0	0.646457
9140.0	0.643520
9145.0	0.649707
9150.0	0.635191
9155.0	0.632320
9160.0	0.641264
9165.0	0.641456
9170.0	0.623464
9175.0	0.618240
9180.0	0.634371
9185.0	0.644660
9190.0	0.630363
9195.0	0.638693
9200.0	0.636038
9205.0	0.636200
9210.0	0.628399
9215.0	0.627840
9220.0	0.634631
9225.0	0.630948
9230.0	0.629860
9235.0	0.633900
9240.0	0.625257
9245.0	0.629729
9250.0	0.628529
9255.0	0.629500
9260.0	0.633031
9265.0	0.639869
9270.0	0.650693
9275.0	0.641986
9280.0	0.632434
9285.0	0.650397
9290.0	0.641478
9295.0	0.640816
9300.0	0.638299
9305.0	0.632406
9310.0	0.627231
9315.0	0.602840
9320.0	0.601151
9325.0	0.598401
9330.0	0.605653
9335.0	0.590783
9340.0	0.585213
9345.0	0.578893
9350.0	0.603017
9355.0	0.590658
9360.0	0.597607
9365.0	0.607054
9370.0	0.600474
9375.0	0.608968
9380.0	0.607696
9385.0	0.624011
9390.0	0.653054
9395.0	0.671516
9400.0	0.656002
9405.0	0.649194
9410.0	0.631850
9415.0	0.624575
9420.0	0.624450
9425.0	0.607389
9430.0	0.589932
9435.0	0.606862
9440.0	0.576979
9445.0	0.600092
9450.0	0.610937
9455.0	0.596710
9460.0	0.592904
9465.0	0.612333
9470.0	0.622760
9475.0	0.616141
9480.0	0.606028
9485.0	0.620983
9490.0	0.623425
9495.0	0.598372
9500.0	0.580268
9505.0	0.623423
9510.0	0.640611
9515.0	0.629243
9520.0	0.597971
9525.0	0.596751
9530.0	0.613387
9535.0	0.614154
9540.0	0.607851
9545.0	0.584668
9550.0	0.585646
9555.0	0.549123
9560.0	0.606035
9565.0	0.592335
9570.0	0.595554
9575.0	0.616032
9580.0	0.613110
9585.0	0.602513
9590.0	0.590783
9595.0	0.584520
9600.0	0.601604
9605.0	0.599710
9610.0	0.598511
9615.0	0.597681
9620.0	0.586313
9625.0	0.599045
9630.0	0.594655
9635.0	0.586893
9640.0	0.588889
9645.0	0.588112
9650.0	0.592887
9655.0	0.601478
9660.0	0.589738
9665.0	0.589866
9670.0	0.605064
9675.0	0.601926
9680.0	0.594003
9685.0	0.593591
9690.0	0.590669
9695.0	0.593027
9700.0	0.585514
9705.0	0.599350
9710.0	0.593936
9715.0	0.584879
9720.0	0.592919
9725.0	0.584397
9730.0	0.581978
9735.0	0.572234
9740.0	0.579080
9745.0	0.574910
9750.0	0.588522
9755.0	0.587342
9760.0	0.579804
9765.0	0.583623
9770.0	0.582231
9775.0	0.593405
9780.0	0.578527
9785.0	0.568035
9790.0	0.578975
9795.0	0.582064
9800.0	0.582959
9805.0	0.587947
9810.0	0.584949
9815.0	0.580741
9820.0	0.593958
9825.0	0.596203
9830.0	0.571014
9835.0	0.585705
9840.0	0.577181
9845.0	0.583477
9850.0	0.576487
9855.0	0.565877
9860.0	0.582850
9865.0	0.581303
9870.0	0.569329
9875.0	0.573663
9880.0	0.579199
9885.0	0.583605
9890.0	0.597598
9895.0	0.580749
9900.0	0.584697
9905.0	0.579235
9910.0	0.594619
9915.0	0.566155
9920.0	0.566132
9925.0	0.574657
9930.0	0.580385
9935.0	0.582723
9940.0	0.564315
9945.0	0.579623
9950.0	0.584261
9955.0	0.576854
9960.0	0.561521
9965.0	0.569168
9970.0	0.568284
9975.0	0.578727
9980.0	0.568416
9985.0	0.567117
9990.0	0.566600
9995.0	0.570710
10000.0	0.579587
10005.0	0.581882
10010.0	0.584405
10015.0	0.586295
10020.0	0.586692
10025.0	0.585031
10030.0	0.581929
10035.0	0.578297
10040.0	0.575045
10045.0	0.572883
10050.0	0.571702
10055.0	0.571189
10060.0	0.571027
10065.0	0.570953
10070.0	0.570945
10075.0	0.571040
10080.0	0.571275
10085.0	0.571623
10090.0	0.571801
10095.0	0.571461
10100.0	0.570256
10105.0	0.568011
10110.0	0.565238
10115.0	0.562623
10120.0	0.560851
10125.0	0.560373
10130.0	0.560721
10135.0	0.561190
10140.0	0.561078
10145.0	0.559916
10150.0	0.558171
10155.0	0.556543
10160.0	0.555738
10165.0	0.556245
10170.0	0.557670
10175.0	0.559398
10180.0	0.560816
10185.0	0.561426
10190.0	0.561188
10195.0	0.560180
10200.0	0.558480
10205.0	0.556242
10210.0	0.553944
10215.0	0.552141
10220.0	0.551386
10225.0	0.551995
10230.0	0.553318
10235.0	0.554463
10240.0	0.554540
10245.0	0.552973
10250.0	0.550448
10255.0	0.547964
10260.0	0.546531
10265.0	0.546812
10270.0	0.548078
10275.0	0.549252
10280.0	0.549260
10285.0	0.547372
10290.0	0.544244
10295.0	0.540879
10300.0	0.538279
10305.0	0.537158
10310.0	0.537070
10315.0	0.537282
10320.0	0.537059
10325.0	0.535884
10330.0	0.534112
10335.0	0.532315
10340.0	0.531066
10345.0	0.530768
10350.0	0.531154
10355.0	0.531787
10360.0	0.532229
10365.0	0.532131
10370.0	0.531494
10375.0	0.530405
10380.0	0.528951
10385.0	0.527275
10390.0	0.525737
10395.0	0.524752
10400.0	0.524735
10405.0	0.525926
10410.0	0.527860
10415.0	0.529895
10420.0	0.531392
10425.0	0.531880
10430.0	0.531575
10435.0	0.530861
10440.0	0.530125
10445.0	0.529688
10450.0	0.529612
10455.0	0.529897
10460.0	0.530544
10465.0	0.531508
10470.0	0.532549
10475.0	0.533376
10480.0	0.533700
10485.0	0.533298
10490.0	0.532212
10495.0	0.530553
10500.0	0.528429
10505.0	0.525976
10510.0	0.523430
10515.0	0.521055
10520.0	0.519113
10525.0	0.517819
10530.0	0.517185
10535.0	0.517177
10540.0	0.517759
10545.0	0.518842
10550.0	0.520128
10555.0	0.521261
10560.0	0.521889
10565.0	0.521780
10570.0	0.521179
10575.0	0.520453
10580.0	0.519970
10585.0	0.519992
10590.0	0.520361
10595.0	0.520819
10600.0	0.521102
10605.0	0.521013
10610.0	0.520597
10615.0	0.519964
10620.0	0.519221
