#-- rk1iii
#\*l[Angstrom]	F(\*l)/F(555.6Angstrom]
1150.0	0.000000
1155.0	0.000000
1160.0	0.000000
1165.0	0.000000
1170.0	0.000000
1175.0	0.000000
1180.0	0.000000
1185.0	0.000000
1190.0	0.000000
1195.0	0.000000
1200.0	0.000000
1205.0	0.000000
1210.0	0.000000
1215.0	0.000000
1220.0	0.000000
1225.0	0.000000
1230.0	0.000000
1235.0	0.000000
1240.0	0.000000
1245.0	0.000000
1250.0	0.000000
1255.0	0.000000
1260.0	0.000000
1265.0	0.000000
1270.0	0.000000
1275.0	0.000000
1280.0	0.000000
1285.0	0.000000
1290.0	0.000000
1295.0	0.000000
1300.0	0.000000
1305.0	0.000000
1310.0	0.000000
1315.0	0.000000
1320.0	0.000000
1325.0	0.000000
1330.0	0.000000
1335.0	0.000000
1340.0	0.000000
1345.0	0.000000
1350.0	0.000000
1355.0	0.000000
1360.0	0.000000
1365.0	0.000000
1370.0	0.000000
1375.0	0.000000
1380.0	0.000000
1385.0	0.000000
1390.0	0.000000
1395.0	0.000000
1400.0	0.000000
1405.0	0.000000
1410.0	0.000000
1415.0	0.000000
1420.0	0.000000
1425.0	0.000000
1430.0	0.000000
1435.0	0.000000
1440.0	0.000000
1445.0	0.000000
1450.0	0.000000
1455.0	0.000000
1460.0	0.000000
1465.0	0.000000
1470.0	0.000000
1475.0	0.000000
1480.0	0.000000
1485.0	0.000000
1490.0	0.000000
1495.0	0.000000
1500.0	0.000000
1505.0	0.000000
1510.0	0.000000
1515.0	0.000000
1520.0	0.000000
1525.0	0.000000
1530.0	0.000000
1535.0	0.000000
1540.0	0.000000
1545.0	0.000000
1550.0	0.000000
1555.0	0.000000
1560.0	0.000000
1565.0	0.000000
1570.0	0.000000
1575.0	0.000000
1580.0	0.000000
1585.0	0.000000
1590.0	0.000000
1595.0	0.000000
1600.0	0.000000
1605.0	0.000000
1610.0	0.000000
1615.0	0.000000
1620.0	0.000000
1625.0	0.000000
1630.0	0.000000
1635.0	0.000000
1640.0	0.000000
1645.0	0.000000
1650.0	0.000000
1655.0	0.000000
1660.0	0.000000
1665.0	0.000000
1670.0	0.000000
1675.0	0.000000
1680.0	0.000000
1685.0	0.000000
1690.0	0.000000
1695.0	0.000000
1700.0	0.000000
1705.0	0.000000
1710.0	0.000000
1715.0	0.000000
1720.0	0.000000
1725.0	0.000000
1730.0	0.000000
1735.0	0.000000
1740.0	0.000000
1745.0	0.000000
1750.0	0.000000
1755.0	0.000000
1760.0	0.000000
1765.0	0.000000
1770.0	0.000000
1775.0	0.000000
1780.0	0.000000
1785.0	0.000000
1790.0	0.000000
1795.0	0.000000
1800.0	0.000000
1805.0	0.000000
1810.0	0.000000
1815.0	0.000000
1820.0	0.000000
1825.0	0.000000
1830.0	0.000000
1835.0	0.000000
1840.0	0.000000
1845.0	0.000000
1850.0	0.000000
1855.0	0.000000
1860.0	0.000000
1865.0	0.000000
1870.0	0.000000
1875.0	0.000000
1880.0	0.000000
1885.0	0.000000
1890.0	0.000000
1895.0	0.000000
1900.0	0.000000
1905.0	0.000000
1910.0	0.000000
1915.0	0.000000
1920.0	0.000000
1925.0	0.000000
1930.0	0.000000
1935.0	0.000000
1940.0	0.000000
1945.0	0.000000
1950.0	0.000000
1955.0	0.000000
1960.0	0.000000
1965.0	0.000000
1970.0	0.000000
1975.0	0.000000
1980.0	0.000000
1985.0	0.000000
1990.0	0.000000
1995.0	0.000000
2000.0	0.000000
2005.0	0.000000
2010.0	0.000000
2015.0	0.000000
2020.0	0.000000
2025.0	0.000000
2030.0	0.000000
2035.0	0.000000
2040.0	0.000000
2045.0	0.000000
2050.0	0.000000
2055.0	0.000000
2060.0	0.000000
2065.0	0.000000
2070.0	0.000000
2075.0	0.000000
2080.0	0.000000
2085.0	0.000000
2090.0	0.000000
2095.0	0.000000
2100.0	0.000000
2105.0	0.000000
2110.0	0.000000
2115.0	0.000000
2120.0	0.000000
2125.0	0.000000
2130.0	0.000000
2135.0	0.000000
2140.0	0.000000
2145.0	0.000000
2150.0	0.000000
2155.0	0.000000
2160.0	0.000000
2165.0	0.000000
2170.0	0.000000
2175.0	0.000000
2180.0	0.000000
2185.0	0.000000
2190.0	0.000000
2195.0	0.000000
2200.0	0.000000
2205.0	0.000000
2210.0	0.000000
2215.0	0.000000
2220.0	0.000000
2225.0	0.000000
2230.0	0.000000
2235.0	0.000000
2240.0	0.000000
2245.0	0.000000
2250.0	0.000000
2255.0	0.000000
2260.0	0.000000
2265.0	0.000000
2270.0	0.000000
2275.0	0.000000
2280.0	0.000000
2285.0	0.000000
2290.0	0.000000
2295.0	0.000000
2300.0	0.000000
2305.0	0.000000
2310.0	0.000000
2315.0	0.000000
2320.0	0.000000
2325.0	0.000000
2330.0	0.000000
2335.0	0.000000
2340.0	0.000000
2345.0	0.000000
2350.0	0.000000
2355.0	0.000001
2360.0	0.000002
2365.0	0.000003
2370.0	0.000004
2375.0	0.000005
2380.0	0.000005
2385.0	0.000005
2390.0	0.000004
2395.0	0.000002
2400.0	0.000000
2405.0	0.000000
2410.0	0.000000
2415.0	0.000000
2420.0	0.000000
2425.0	0.000000
2430.0	0.000000
2435.0	0.000000
2440.0	0.000000
2445.0	0.000000
2450.0	0.000000
2455.0	0.000013
2460.0	0.000028
2465.0	0.000043
2470.0	0.000056
2475.0	0.000066
2480.0	0.000071
2485.0	0.000068
2490.0	0.000057
2495.0	0.000035
2500.0	0.000000
2505.0	0.000000
2510.0	0.000000
2515.0	0.000000
2520.0	0.000000
2525.0	0.000000
2530.0	0.000000
2535.0	0.000000
2540.0	0.000000
2545.0	0.000000
2550.0	0.000000
2555.0	0.000181
2560.0	0.000407
2565.0	0.000673
2570.0	0.000969
2575.0	0.001288
2580.0	0.001623
2585.0	0.001966
2590.0	0.002310
2595.0	0.002647
2600.0	0.002968
2605.0	0.003270
2610.0	0.003555
2615.0	0.003830
2620.0	0.004099
2625.0	0.004369
2630.0	0.004646
2635.0	0.004936
2640.0	0.005243
2645.0	0.005575
2650.0	0.005937
2655.0	0.006331
2660.0	0.006752
2665.0	0.007189
2670.0	0.007633
2675.0	0.008074
2680.0	0.008502
2685.0	0.008907
2690.0	0.009281
2695.0	0.009614
2700.0	0.009894
2705.0	0.010118
2710.0	0.010289
2715.0	0.010417
2720.0	0.010512
2725.0	0.010583
2730.0	0.010638
2735.0	0.010686
2740.0	0.010737
2745.0	0.010800
2750.0	0.010884
2755.0	0.010995
2760.0	0.011127
2765.0	0.011271
2770.0	0.011418
2775.0	0.011560
2780.0	0.011687
2785.0	0.011791
2790.0	0.011863
2795.0	0.011893
2800.0	0.011873
2805.0	0.011803
2810.0	0.011711
2815.0	0.011638
2820.0	0.011620
2825.0	0.011697
2830.0	0.011907
2835.0	0.012288
2840.0	0.012878
2845.0	0.013717
2850.0	0.014842
2855.0	0.016277
2860.0	0.017994
2865.0	0.019948
2870.0	0.022096
2875.0	0.024394
2880.0	0.026799
2885.0	0.029266
2890.0	0.031753
2895.0	0.034215
2900.0	0.036610
2905.0	0.038894
2910.0	0.041037
2915.0	0.043009
2920.0	0.044778
2925.0	0.046315
2930.0	0.047591
2935.0	0.048575
2940.0	0.049236
2945.0	0.049545
2950.0	0.049472
2955.0	0.049006
2960.0	0.048207
2965.0	0.047158
2970.0	0.045939
2975.0	0.044631
2980.0	0.043315
2985.0	0.042070
2990.0	0.040979
2995.0	0.040121
3000.0	0.039578
3005.0	0.039410
3010.0	0.039600
3015.0	0.040110
3020.0	0.040902
3025.0	0.041939
3030.0	0.043182
3035.0	0.044595
3040.0	0.046140
3045.0	0.047778
3050.0	0.049472
3055.0	0.051191
3060.0	0.052928
3065.0	0.054680
3070.0	0.056446
3075.0	0.058227
3080.0	0.060019
3085.0	0.061822
3090.0	0.063634
3095.0	0.065455
3100.0	0.067282
3105.0	0.069117
3110.0	0.070964
3115.0	0.072832
3120.0	0.074726
3125.0	0.076655
3130.0	0.078626
3135.0	0.080646
3140.0	0.082722
3145.0	0.084861
3150.0	0.087071
3155.0	0.089349
3160.0	0.088197
3165.0	0.094181
3170.0	0.097763
3175.0	0.096809
3180.0	0.090227
3185.0	0.079419
3190.0	0.074735
3195.0	0.083813
3200.0	0.084117
3205.0	0.078849
3210.0	0.075195
3215.0	0.068314
3220.0	0.061534
3225.0	0.057390
3230.0	0.057640
3235.0	0.062493
3240.0	0.066724
3245.0	0.066473
3250.0	0.068758
3255.0	0.079629
3260.0	0.090369
3265.0	0.091904
3270.0	0.088490
3275.0	0.086514
3280.0	0.087551
3285.0	0.091917
3290.0	0.099710
3295.0	0.109639
3300.0	0.115077
3305.0	0.110521
3310.0	0.100306
3315.0	0.091112
3320.0	0.089165
3325.0	0.096981
3330.0	0.102680
3335.0	0.096203
3340.0	0.089154
3345.0	0.093337
3350.0	0.099686
3355.0	0.097455
3360.0	0.090055
3365.0	0.083800
3370.0	0.082477
3375.0	0.087406
3380.0	0.092569
3385.0	0.092979
3390.0	0.095120
3395.0	0.104723
3400.0	0.113016
3405.0	0.111295
3410.0	0.105601
3415.0	0.103893
3420.0	0.107025
3425.0	0.112672
3430.0	0.112865
3435.0	0.101947
3440.0	0.089136
3445.0	0.084408
3450.0	0.085911
3455.0	0.089694
3460.0	0.095232
3465.0	0.101863
3470.0	0.104958
3475.0	0.101203
3480.0	0.096543
3485.0	0.097172
3490.0	0.101035
3495.0	0.105055
3500.0	0.110309
3505.0	0.117262
3510.0	0.119796
3515.0	0.112868
3520.0	0.102322
3525.0	0.096161
3530.0	0.100144
3535.0	0.115602
3540.0	0.128384
3545.0	0.125597
3550.0	0.114861
3555.0	0.106064
3560.0	0.097664
3565.0	0.086969
3570.0	0.078115
3575.0	0.074655
3580.0	0.070973
3585.0	0.063901
3590.0	0.069237
3595.0	0.098219
3600.0	0.124882
3605.0	0.124299
3610.0	0.111691
3615.0	0.107491
3620.0	0.120675
3625.0	0.141849
3630.0	0.164292
3635.0	0.180731
3640.0	0.178985
3645.0	0.156104
3650.0	0.150945
3655.0	0.193730
3660.0	0.238351
3665.0	0.237595
3670.0	0.216181
3675.0	0.206802
3680.0	0.202124
3685.0	0.191701
3690.0	0.192672
3695.0	0.217142
3700.0	0.229518
3705.0	0.199048
3710.0	0.162038
3715.0	0.157087
3720.0	0.164899
3725.0	0.158912
3730.0	0.141390
3735.0	0.120928
3740.0	0.102617
3745.0	0.091369
3750.0	0.094889
3755.0	0.116644
3760.0	0.140352
3765.0	0.151288
3770.0	0.160701
3775.0	0.179233
3780.0	0.189155
3785.0	0.173326
3790.0	0.145351
3795.0	0.124536
3800.0	0.122241
3805.0	0.139939
3810.0	0.147509
3815.0	0.119890
3820.0	0.083872
3825.0	0.096078
3830.0	0.085895
3835.0	0.092570
3840.0	0.110425
3845.0	0.137745
3850.0	0.141743
3855.0	0.134860
3860.0	0.123506
3865.0	0.119242
3870.0	0.138159
3875.0	0.141849
3880.0	0.157842
3885.0	0.180903
3890.0	0.203213
3895.0	0.221831
3900.0	0.231891
3905.0	0.248176
3910.0	0.259653
3915.0	0.238183
3920.0	0.206440
3925.0	0.184560
3930.0	0.151578
3935.0	0.123038
3940.0	0.140741
3945.0	0.188271
3950.0	0.226101
3955.0	0.237852
3960.0	0.221401
3965.0	0.179092
3970.0	0.162374
3975.0	0.203099
3980.0	0.275560
3985.0	0.331432
3990.0	0.359782
3995.0	0.398149
4000.0	0.401045
4005.0	0.403756
4010.0	0.419844
4015.0	0.438997
4020.0	0.462678
4025.0	0.454707
4030.0	0.430266
4035.0	0.413713
4040.0	0.404446
4045.0	0.391967
4050.0	0.382896
4055.0	0.392063
4060.0	0.381330
4065.0	0.370167
4070.0	0.375739
4075.0	0.394443
4080.0	0.426328
4085.0	0.457853
4090.0	0.470522
4095.0	0.450508
4100.0	0.426291
4105.0	0.422219
4110.0	0.422677
4115.0	0.424108
4120.0	0.422080
4125.0	0.411664
4130.0	0.400149
4135.0	0.390987
4140.0	0.374072
4145.0	0.357159
4150.0	0.344030
4155.0	0.349190
4160.0	0.366535
4165.0	0.371858
4170.0	0.359315
4175.0	0.358541
4180.0	0.361544
4185.0	0.376559
4190.0	0.393903
4195.0	0.394301
4200.0	0.386200
4205.0	0.391908
4210.0	0.427598
4215.0	0.455719
4220.0	0.459347
4225.0	0.444685
4230.0	0.428296
4235.0	0.440593
4240.0	0.479116
4245.0	0.507540
4250.0	0.512606
4255.0	0.502059
4260.0	0.490263
4265.0	0.486098
4270.0	0.479634
4275.0	0.480256
4280.0	0.485800
4285.0	0.482180
4290.0	0.466838
4295.0	0.439348
4300.0	0.408732
4305.0	0.383917
4310.0	0.401963
4315.0	0.485183
4320.0	0.570711
4325.0	0.593761
4330.0	0.585042
4335.0	0.598352
4340.0	0.617774
4345.0	0.625904
4350.0	0.637319
4355.0	0.642894
4360.0	0.655182
4365.0	0.667862
4370.0	0.659278
4375.0	0.623711
4380.0	0.578416
4385.0	0.539359
4390.0	0.532826
4395.0	0.569066
4400.0	0.605963
4405.0	0.608991
4410.0	0.605967
4415.0	0.620400
4420.0	0.641339
4425.0	0.650623
4430.0	0.653079
4435.0	0.658025
4440.0	0.675211
4445.0	0.706813
4450.0	0.721588
4455.0	0.680079
4460.0	0.641851
4465.0	0.669298
4470.0	0.720900
4475.0	0.748651
4480.0	0.767196
4485.0	0.779988
4490.0	0.777861
4495.0	0.765461
4500.0	0.771437
4505.0	0.813969
4510.0	0.860149
4515.0	0.855107
4520.0	0.809464
4525.0	0.757658
4530.0	0.722572
4535.0	0.729428
4540.0	0.754766
4545.0	0.770845
4550.0	0.785884
4555.0	0.814438
4560.0	0.840710
4565.0	0.839891
4570.0	0.826178
4575.0	0.819580
4580.0	0.820418
4585.0	0.823532
4590.0	0.822376
4595.0	0.811485
4600.0	0.811152
4605.0	0.839390
4610.0	0.878037
4615.0	0.902824
4620.0	0.914831
4625.0	0.921512
4630.0	0.905434
4635.0	0.870474
4640.0	0.831211
4645.0	0.800856
4650.0	0.798491
4655.0	0.827435
4660.0	0.845071
4665.0	0.824903
4670.0	0.803392
4675.0	0.812192
4680.0	0.827631
4685.0	0.827984
4690.0	0.816294
4695.0	0.805746
4700.0	0.804568
4705.0	0.805182
4710.0	0.810957
4715.0	0.855604
4720.0	0.882542
4725.0	0.870413
4730.0	0.852443
4735.0	0.857474
4740.0	0.878987
4745.0	0.897912
4750.0	0.903912
4755.0	0.893767
4760.0	0.877459
4765.0	0.867908
4770.0	0.875380
4775.0	0.900776
4780.0	0.920432
4785.0	0.914875
4790.0	0.906806
4795.0	0.919067
4800.0	0.935712
4805.0	0.940707
4810.0	0.938029
4815.0	0.944285
4820.0	0.947851
4825.0	0.931652
4830.0	0.907766
4835.0	0.896672
4840.0	0.899206
4845.0	0.904316
4850.0	0.896084
4855.0	0.861883
4860.0	0.820657
4865.0	0.809802
4870.0	0.823086
4875.0	0.848435
4880.0	0.864181
4885.0	0.854806
4890.0	0.854593
4895.0	0.897950
4900.0	0.933721
4905.0	0.932189
4910.0	0.905324
4915.0	0.873634
4920.0	0.864852
4925.0	0.886240
4930.0	0.908079
4935.0	0.908454
4940.0	0.911393
4945.0	0.938904
4950.0	0.964736
4955.0	0.960489
4960.0	0.946283
4965.0	0.941249
4970.0	0.935693
4975.0	0.920813
4980.0	0.907132
4985.0	0.903619
4990.0	0.902494
4995.0	0.895091
5000.0	0.878835
5005.0	0.854839
5010.0	0.829758
5015.0	0.792424
5020.0	0.803305
5025.0	0.837613
5030.0	0.863622
5035.0	0.848119
5040.0	0.831188
5045.0	0.841777
5050.0	0.867678
5055.0	0.905157
5060.0	0.918476
5065.0	0.894188
5070.0	0.864094
5075.0	0.838662
5080.0	0.829349
5085.0	0.847363
5090.0	0.872524
5095.0	0.868011
5100.0	0.846110
5105.0	0.836659
5110.0	0.844236
5115.0	0.860095
5120.0	0.854291
5125.0	0.831421
5130.0	0.818781
5135.0	0.817127
5140.0	0.813517
5145.0	0.800810
5150.0	0.800101
5155.0	0.819188
5160.0	0.799180
5165.0	0.719405
5170.0	0.657174
5175.0	0.679808
5180.0	0.720579
5185.0	0.754053
5190.0	0.795065
5195.0	0.836525
5200.0	0.848096
5205.0	0.820899
5210.0	0.809879
5215.0	0.854726
5220.0	0.886502
5225.0	0.871661
5230.0	0.865308
5235.0	0.902283
5240.0	0.938309
5245.0	0.932277
5250.0	0.913933
5255.0	0.916008
5260.0	0.894359
5265.0	0.825208
5270.0	0.789119
5275.0	0.845048
5280.0	0.917204
5285.0	0.976220
5290.0	1.000399
5295.0	0.978521
5300.0	0.968375
5305.0	1.005813
5310.0	1.039361
5315.0	1.033590
5320.0	0.995428
5325.0	0.937162
5330.0	0.909316
5335.0	0.936682
5340.0	0.965886
5345.0	0.973955
5350.0	1.001074
5355.0	1.047646
5360.0	1.058935
5365.0	1.012652
5370.0	0.971249
5375.0	0.984325
5380.0	1.015153
5385.0	1.007738
5390.0	0.971135
5395.0	0.939606
5400.0	0.921424
5405.0	0.906933
5410.0	0.923936
5415.0	0.972530
5420.0	1.002416
5425.0	0.993102
5430.0	0.971583
5435.0	0.978102
5440.0	1.004058
5445.0	1.002616
5450.0	0.991549
5455.0	0.990835
5460.0	0.999789
5465.0	1.004620
5470.0	0.992646
5475.0	0.968109
5480.0	0.954428
5485.0	0.967653
5490.0	0.987407
5495.0	1.001310
5500.0	1.003266
5505.0	0.987380
5510.0	0.974064
5515.0	0.985304
5520.0	1.001900
5525.0	0.998966
5530.0	0.992157
5535.0	0.993711
5540.0	1.009144
5545.0	1.030752
5550.0	1.040705
5555.0	1.039094
5560.0	1.028132
5565.0	1.013266
5570.0	1.006683
5575.0	1.016330
5580.0	1.013096
5585.0	0.975650
5590.0	0.945655
5595.0	0.952708
5600.0	0.984219
5605.0	1.020700
5610.0	1.046020
5615.0	1.024983
5620.0	0.997007
5625.0	0.999027
5630.0	1.013721
5635.0	1.012874
5640.0	1.007153
5645.0	1.015543
5650.0	1.021280
5655.0	0.999177
5660.0	0.980556
5665.0	0.995528
5670.0	1.022207
5675.0	1.040420
5680.0	1.041788
5685.0	1.034555
5690.0	1.032828
5695.0	1.026577
5700.0	1.005930
5705.0	0.974927
5710.0	0.964100
5715.0	0.999165
5720.0	1.046044
5725.0	1.063174
5730.0	1.054723
5735.0	1.053677
5740.0	1.054538
5745.0	1.048258
5750.0	1.038051
5755.0	1.032374
5760.0	1.037554
5765.0	1.055654
5770.0	1.067554
5775.0	1.049979
5780.0	1.009774
5785.0	0.988774
5790.0	1.010099
5795.0	1.039327
5800.0	1.062069
5805.0	1.067909
5810.0	1.067503
5815.0	1.077143
5820.0	1.092885
5825.0	1.104419
5830.0	1.108593
5835.0	1.104664
5840.0	1.101039
5845.0	1.093675
5850.0	1.075325
5855.0	1.056112
5860.0	1.051141
5865.0	1.064891
5870.0	1.082250
5875.0	1.080882
5880.0	1.044091
5885.0	0.957682
5890.0	0.863184
5895.0	0.830148
5900.0	0.902491
5905.0	1.006516
5910.0	1.052217
5915.0	1.066236
5920.0	1.070868
5925.0	1.072579
5930.0	1.069230
5935.0	1.063119
5940.0	1.061926
5945.0	1.062867
5950.0	1.063278
5955.0	1.066041
5960.0	1.077653
5965.0	1.090453
5970.0	1.089889
5975.0	1.073714
5980.0	1.054020
5985.0	1.047841
5990.0	1.051821
5995.0	1.052268
6000.0	1.044290
6005.0	1.038891
6010.0	1.029871
6015.0	1.020313
6020.0	1.021836
6025.0	1.044068
6030.0	1.072286
6035.0	1.086911
6040.0	1.089301
6045.0	1.093583
6050.0	1.091685
6055.0	1.079528
6060.0	1.071103
6065.0	1.076485
6070.0	1.092890
6075.0	1.092019
6080.0	1.068424
6085.0	1.052449
6090.0	1.043107
6095.0	1.038400
6100.0	1.041079
6105.0	1.050307
6110.0	1.062111
6115.0	1.056911
6120.0	1.038394
6125.0	1.035220
6130.0	1.034057
6135.0	1.018720
6140.0	1.011683
6145.0	1.034788
6150.0	1.042263
6155.0	1.017122
6160.0	0.987809
6165.0	0.981689
6170.0	1.001370
6175.0	1.031614
6180.0	1.048422
6185.0	1.038636
6190.0	1.027988
6195.0	1.038030
6200.0	1.056629
6205.0	1.059127
6210.0	1.038294
6215.0	1.011459
6220.0	1.001934
6225.0	1.007270
6230.0	1.006703
6235.0	1.009813
6240.0	1.011291
6245.0	0.999224
6250.0	0.987801
6255.0	0.974470
6260.0	0.974987
6265.0	1.000437
6270.0	1.018153
6275.0	1.019263
6280.0	1.013221
6285.0	1.022075
6290.0	1.031680
6295.0	1.018397
6300.0	1.006457
6305.0	1.012539
6310.0	1.016437
6315.0	1.000932
6320.0	0.994401
6325.0	1.012870
6330.0	1.023315
6335.0	1.010949
6340.0	1.000206
6345.0	1.009589
6350.0	1.020522
6355.0	0.999630
6360.0	0.969758
6365.0	0.982621
6370.0	1.019559
6375.0	1.034252
6380.0	1.033944
6385.0	1.034221
6390.0	1.030219
6395.0	1.022440
6400.0	1.015106
6405.0	1.009656
6410.0	1.006404
6415.0	1.010528
6420.0	1.017633
6425.0	1.019347
6430.0	1.019061
6435.0	1.018791
6440.0	1.018727
6445.0	1.011013
6450.0	1.000181
6455.0	1.004717
6460.0	1.012581
6465.0	1.015922
6470.0	1.016603
6475.0	1.015469
6480.0	1.009771
6485.0	1.001706
6490.0	0.982213
6495.0	0.949858
6500.0	0.948226
6505.0	0.981499
6510.0	1.011843
6515.0	1.016460
6520.0	1.009076
6525.0	1.005259
6530.0	1.006150
6535.0	1.009530
6540.0	1.009874
6545.0	1.000438
6550.0	0.974647
6555.0	0.940974
6560.0	0.913636
6565.0	0.928741
6570.0	0.969230
6575.0	0.993715
6580.0	0.998645
6585.0	0.989360
6590.0	0.979186
6595.0	0.981265
6600.0	0.991302
6605.0	0.989777
6610.0	0.999008
6615.0	1.015058
6620.0	1.018725
6625.0	1.008240
6630.0	0.993026
6635.0	0.988707
6640.0	0.988869
6645.0	0.997793
6650.0	1.006760
6655.0	1.002014
6660.0	0.991356
6665.0	0.987022
6670.0	0.991821
6675.0	0.995148
6680.0	0.998014
6685.0	1.010930
6690.0	1.018663
6695.0	1.009831
6700.0	0.997232
6705.0	0.990750
6710.0	0.988517
6715.0	0.989561
6720.0	0.997057
6725.0	1.010302
6730.0	1.015142
6735.0	1.008531
6740.0	0.996593
6745.0	0.987810
6750.0	0.992149
6755.0	1.006917
6760.0	1.015071
6765.0	1.009138
6770.0	0.999894
6775.0	0.997570
6780.0	1.003627
6785.0	1.004829
6790.0	1.004108
6795.0	1.001447
6800.0	0.998108
6805.0	0.998705
6810.0	0.999652
6815.0	1.004142
6820.0	1.011799
6825.0	1.011691
6830.0	1.003305
6835.0	0.989729
6840.0	0.980293
6845.0	0.977498
6850.0	0.979371
6855.0	0.974501
6860.0	0.968893
6865.0	0.978265
6870.0	0.988210
6875.0	0.990548
6880.0	0.990133
6885.0	0.995295
6890.0	1.002308
6895.0	1.002074
6900.0	0.998699
6905.0	0.999842
6910.0	0.998402
6915.0	0.996544
6920.0	0.992730
6925.0	0.984075
6930.0	0.975176
6935.0	0.971091
6940.0	0.968463
6945.0	0.963667
6950.0	0.960830
6955.0	0.960666
6960.0	0.964121
6965.0	0.970302
6970.0	0.969067
6975.0	0.948924
6980.0	0.934909
6985.0	0.946436
6990.0	0.961130
6995.0	0.961694
7000.0	0.953343
7005.0	0.946231
7010.0	0.941724
7015.0	0.934211
7020.0	0.928621
7025.0	0.931086
7030.0	0.941277
7035.0	0.956629
7040.0	0.972818
7045.0	0.982016
7050.0	0.982408
7055.0	0.978929
7060.0	0.971047
7065.0	0.958567
7070.0	0.953523
7075.0	0.966134
7080.0	0.971788
7085.0	0.957202
7090.0	0.942670
7095.0	0.945344
7100.0	0.951695
7105.0	0.945256
7110.0	0.932579
7115.0	0.927194
7120.0	0.922833
7125.0	0.914498
7130.0	0.912942
7135.0	0.926770
7140.0	0.937597
7145.0	0.929722
7150.0	0.916369
7155.0	0.917455
7160.0	0.922141
7165.0	0.925564
7170.0	0.929266
7175.0	0.927316
7180.0	0.910183
7185.0	0.880098
7190.0	0.863861
7195.0	0.881620
7200.0	0.908251
7205.0	0.915241
7210.0	0.913716
7215.0	0.924108
7220.0	0.934740
7225.0	0.944930
7230.0	0.951423
7235.0	0.946024
7240.0	0.934388
7245.0	0.928683
7250.0	0.927523
7255.0	0.925521
7260.0	0.925236
7265.0	0.927804
7270.0	0.927471
7275.0	0.916783
7280.0	0.896047
7285.0	0.880987
7290.0	0.879956
7295.0	0.894735
7300.0	0.914549
7305.0	0.911880
7310.0	0.899392
7315.0	0.897087
7320.0	0.897047
7325.0	0.891670
7330.0	0.894625
7335.0	0.913806
7340.0	0.928819
7345.0	0.921785
7350.0	0.904422
7355.0	0.894939
7360.0	0.897801
7365.0	0.907227
7370.0	0.918449
7375.0	0.927398
7380.0	0.926785
7385.0	0.911266
7390.0	0.904068
7395.0	0.915050
7400.0	0.926492
7405.0	0.928383
7410.0	0.918283
7415.0	0.904904
7420.0	0.905234
7425.0	0.922771
7430.0	0.935438
7435.0	0.929344
7440.0	0.914889
7445.0	0.904447
7450.0	0.905621
7455.0	0.907639
7460.0	0.907807
7465.0	0.918105
7470.0	0.929951
7475.0	0.930309
7480.0	0.923376
7485.0	0.919877
7490.0	0.911787
7495.0	0.903487
7500.0	0.903805
7505.0	0.910556
7510.0	0.917369
7515.0	0.929361
7520.0	0.936311
7525.0	0.925798
7530.0	0.918262
7535.0	0.922345
7540.0	0.928332
7545.0	0.926813
7550.0	0.920748
7555.0	0.913550
7560.0	0.908537
7565.0	0.907623
7570.0	0.908192
7575.0	0.911945
7580.0	0.912576
7585.0	0.908606
7590.0	0.915027
7595.0	0.926155
7600.0	0.929955
7605.0	0.923583
7610.0	0.916068
7615.0	0.906030
7620.0	0.903030
7625.0	0.910644
7630.0	0.915803
7635.0	0.922078
7640.0	0.927968
7645.0	0.925369
7650.0	0.910143
7655.0	0.895080
7660.0	0.885943
7665.0	0.888295
7670.0	0.906051
7675.0	0.921791
7680.0	0.927633
7685.0	0.925500
7690.0	0.920044
7695.0	0.914572
7700.0	0.915206
7705.0	0.916378
7710.0	0.908527
7715.0	0.900243
7720.0	0.901528
7725.0	0.907170
7730.0	0.911478
7735.0	0.922487
7740.0	0.922838
7745.0	0.901984
7750.0	0.884417
7755.0	0.898652
7760.0	0.920583
7765.0	0.930321
7770.0	0.930663
7775.0	0.926270
7780.0	0.921402
7785.0	0.919313
7790.0	0.919990
7795.0	0.922335
7800.0	0.920845
7805.0	0.918555
7810.0	0.921883
7815.0	0.931647
7820.0	0.940055
7825.0	0.940190
7830.0	0.929215
7835.0	0.912541
7840.0	0.911634
7845.0	0.919317
7850.0	0.921661
7855.0	0.920361
7860.0	0.920403
7865.0	0.918275
7870.0	0.905705
7875.0	0.884158
7880.0	0.870301
7885.0	0.873135
7890.0	0.871389
7895.0	0.849494
7900.0	0.833893
7905.0	0.834117
7910.0	0.835020
7915.0	0.827778
7920.0	0.826484
7925.0	0.830220
7930.0	0.830335
7935.0	0.823772
7940.0	0.814826
7945.0	0.810935
7950.0	0.818099
7955.0	0.832389
7960.0	0.840018
7965.0	0.845145
7970.0	0.849436
7975.0	0.852128
7980.0	0.856389
7985.0	0.864385
7990.0	0.866710
7995.0	0.855399
8000.0	0.840690
8005.0	0.840596
8010.0	0.850300
8015.0	0.861853
8020.0	0.866744
8025.0	0.851171
8030.0	0.847361
8035.0	0.870035
8040.0	0.880618
8045.0	0.858536
8050.0	0.841350
8055.0	0.856145
8060.0	0.875675
8065.0	0.870359
8070.0	0.852710
8075.0	0.843618
8080.0	0.844780
8085.0	0.843248
8090.0	0.832190
8095.0	0.817000
8100.0	0.810310
8105.0	0.811418
8110.0	0.815057
8115.0	0.813222
8120.0	0.813212
8125.0	0.824299
8130.0	0.830833
8135.0	0.829298
8140.0	0.826201
8145.0	0.821919
8150.0	0.824719
8155.0	0.831813
8160.0	0.832324
8165.0	0.822951
8170.0	0.813507
8175.0	0.811654
8180.0	0.810917
8185.0	0.806361
8190.0	0.803548
8195.0	0.801563
8200.0	0.803970
8205.0	0.816566
8210.0	0.828686
8215.0	0.835920
8220.0	0.832261
8225.0	0.819502
8230.0	0.826225
8235.0	0.836354
8240.0	0.842663
8245.0	0.851333
8250.0	0.847913
8255.0	0.840204
8260.0	0.837860
8265.0	0.841852
8270.0	0.841152
8275.0	0.833390
8280.0	0.823451
8285.0	0.817844
8290.0	0.818753
8295.0	0.812311
8300.0	0.802397
8305.0	0.797690
8310.0	0.799497
8315.0	0.805051
8320.0	0.807892
8325.0	0.803393
8330.0	0.794077
8335.0	0.788064
8340.0	0.785595
8345.0	0.787426
8350.0	0.793732
8355.0	0.799993
8360.0	0.803687
8365.0	0.805493
8370.0	0.807703
8375.0	0.806978
8380.0	0.797705
8385.0	0.784871
8390.0	0.786891
8395.0	0.804337
8400.0	0.820711
8405.0	0.822129
8410.0	0.815430
8415.0	0.809631
8420.0	0.803355
8425.0	0.796747
8430.0	0.793230
8435.0	0.792706
8440.0	0.798469
8445.0	0.808548
8450.0	0.819420
8455.0	0.827334
8460.0	0.828022
8465.0	0.821394
8470.0	0.818116
8475.0	0.824128
8480.0	0.826621
8485.0	0.820986
8490.0	0.797530
8495.0	0.752680
8500.0	0.743206
8505.0	0.765634
8510.0	0.783886
8515.0	0.784447
8520.0	0.782799
8525.0	0.777022
8530.0	0.756227
8535.0	0.717396
8540.0	0.662731
8545.0	0.628214
8550.0	0.647567
8555.0	0.712666
8560.0	0.780407
8565.0	0.796378
8570.0	0.784390
8575.0	0.779951
8580.0	0.779922
8585.0	0.781095
8590.0	0.782047
8595.0	0.780369
8600.0	0.777167
8605.0	0.773674
8610.0	0.771288
8615.0	0.770212
8620.0	0.772398
8625.0	0.781799
8630.0	0.794964
8635.0	0.805672
8640.0	0.809547
8645.0	0.803503
8650.0	0.788512
8655.0	0.760563
8660.0	0.709716
8665.0	0.673233
8670.0	0.673190
8675.0	0.721141
8680.0	0.773268
8685.0	0.776843
8690.0	0.774760
8695.0	0.798908
8700.0	0.779402
8705.0	0.781371
8710.0	0.789406
8715.0	0.799582
8720.0	0.804088
8725.0	0.797570
8730.0	0.788752
8735.0	0.784005
8740.0	0.783051
8745.0	0.783230
8750.0	0.779496
8755.0	0.773615
8760.0	0.767380
8765.0	0.757233
8770.0	0.753410
8775.0	0.760445
8780.0	0.771113
8785.0	0.773475
8790.0	0.767495
8795.0	0.760832
8800.0	0.752955
8805.0	0.742037
8810.0	0.761320
8815.0	0.783316
8820.0	0.786141
8825.0	0.789370
8830.0	0.792320
8835.0	0.790306
8840.0	0.789581
8845.0	0.798156
8850.0	0.801434
8855.0	0.793512
8860.0	0.778963
8865.0	0.767653
8870.0	0.766628
8875.0	0.764752
8880.0	0.763572
8885.0	0.770281
8890.0	0.773012
8895.0	0.776518
8900.0	0.781428
8905.0	0.783896
8910.0	0.785814
8915.0	0.785223
8920.0	0.781613
8925.0	0.778121
8930.0	0.778475
8935.0	0.777850
8940.0	0.769979
8945.0	0.762937
8950.0	0.774025
8955.0	0.783689
8960.0	0.786052
8965.0	0.786474
8970.0	0.788034
8975.0	0.791611
8980.0	0.783531
8985.0	0.777265
8990.0	0.798026
8995.0	0.798854
9000.0	0.771465
9005.0	0.772274
9010.0	0.761981
9015.0	0.769072
9020.0	0.768540
9025.0	0.767031
9030.0	0.788694
9035.0	0.786057
9040.0	0.780532
9045.0	0.783183
9050.0	0.779945
9055.0	0.774522
9060.0	0.767353
9065.0	0.764758
9070.0	0.769088
9075.0	0.766814
9080.0	0.754542
9085.0	0.743402
9090.0	0.744363
9095.0	0.751937
9100.0	0.748972
9105.0	0.747314
9110.0	0.747239
9115.0	0.727615
9120.0	0.743572
9125.0	0.752301
9130.0	0.735896
9135.0	0.751593
9140.0	0.728307
9145.0	0.682088
9150.0	0.675662
9155.0	0.720841
9160.0	0.734813
9165.0	0.684245
9170.0	0.641634
9175.0	0.683796
9180.0	0.710751
9185.0	0.698344
9190.0	0.678895
9195.0	0.680146
9200.0	0.688942
9205.0	0.700844
9210.0	0.694422
9215.0	0.699790
9220.0	0.716279
9225.0	0.728064
9230.0	0.726798
9235.0	0.716257
9240.0	0.704930
9245.0	0.701731
9250.0	0.698474
9255.0	0.691123
9260.0	0.695668
9265.0	0.701090
9270.0	0.697616
9275.0	0.690800
9280.0	0.692889
9285.0	0.692893
9290.0	0.684726
9295.0	0.678653
9300.0	0.684388
9305.0	0.671514
9310.0	0.647621
9315.0	0.637777
9320.0	0.650656
9325.0	0.668024
9330.0	0.669104
9335.0	0.656951
9340.0	0.660943
9345.0	0.700026
9350.0	0.682790
9355.0	0.642089
9360.0	0.669262
9365.0	0.652350
9370.0	0.647076
9375.0	0.665436
9380.0	0.666693
9385.0	0.690488
9390.0	0.694849
9395.0	0.677580
9400.0	0.666986
9405.0	0.651346
9410.0	0.634802
9415.0	0.620871
9420.0	0.611064
9425.0	0.610502
9430.0	0.620131
9435.0	0.617572
9440.0	0.612806
9445.0	0.645118
9450.0	0.633268
9455.0	0.622574
9460.0	0.651406
9465.0	0.657435
9470.0	0.654495
9475.0	0.653282
9480.0	0.662023
9485.0	0.675485
9490.0	0.641872
9495.0	0.627725
9500.0	0.663932
9505.0	0.687194
9510.0	0.663181
9515.0	0.648575
9520.0	0.668370
9525.0	0.688787
9530.0	0.693615
9535.0	0.688149
9540.0	0.688852
9545.0	0.695331
9550.0	0.679032
9555.0	0.674590
9560.0	0.678470
9565.0	0.671366
9570.0	0.677903
9575.0	0.670638
9580.0	0.657721
9585.0	0.662026
9590.0	0.671186
9595.0	0.675632
9600.0	0.669881
9605.0	0.664370
9610.0	0.674423
9615.0	0.665520
9620.0	0.659431
9625.0	0.669644
9630.0	0.662215
9635.0	0.647774
9640.0	0.644113
9645.0	0.654207
9650.0	0.662386
9655.0	0.652203
9660.0	0.650971
9665.0	0.667331
9670.0	0.674838
9675.0	0.668290
9680.0	0.671132
9685.0	0.676140
9690.0	0.662079
9695.0	0.656568
9700.0	0.655385
9705.0	0.656766
9710.0	0.664351
9715.0	0.666890
9720.0	0.662046
9725.0	0.655452
9730.0	0.650454
9735.0	0.642100
9740.0	0.638996
9745.0	0.644470
9750.0	0.651265
9755.0	0.650591
9760.0	0.648633
9765.0	0.649295
9770.0	0.650813
9775.0	0.649828
9780.0	0.673859
9785.0	0.679422
9790.0	0.686534
9795.0	0.693460
9800.0	0.698465
9805.0	0.700309
9810.0	0.699734
9815.0	0.697980
9820.0	0.696283
9825.0	0.695632
9830.0	0.696011
9835.0	0.697153
9840.0	0.698792
9845.0	0.700621
9850.0	0.702170
9855.0	0.702929
9860.0	0.702387
9865.0	0.700216
9870.0	0.696817
9875.0	0.692773
9880.0	0.688668
9885.0	0.685039
9890.0	0.682235
9895.0	0.680560
9900.0	0.680319
9905.0	0.681593
9910.0	0.683582
9915.0	0.685263
9920.0	0.685612
9925.0	0.683973
9930.0	0.681156
9935.0	0.678334
9940.0	0.676685
9945.0	0.677058
9950.0	0.679010
9955.0	0.681771
9960.0	0.684574
9965.0	0.686808
9970.0	0.688502
9975.0	0.689845
9980.0	0.691024
9985.0	0.692194
9990.0	0.693375
9995.0	0.694553
10000.0	0.695716
10005.0	0.696783
10010.0	0.697407
10015.0	0.697175
10020.0	0.695674
10025.0	0.692685
10030.0	0.688776
10035.0	0.684712
10040.0	0.681257
10045.0	0.678998
10050.0	0.677826
10055.0	0.677454
10060.0	0.677594
10065.0	0.677985
10070.0	0.678458
10075.0	0.678869
10080.0	0.679073
10085.0	0.678923
10090.0	0.678254
10095.0	0.676899
10100.0	0.674690
10105.0	0.671602
10110.0	0.668184
10115.0	0.665125
10120.0	0.663118
10125.0	0.662664
10130.0	0.663511
10135.0	0.665216
10140.0	0.667338
10145.0	0.669458
10150.0	0.671251
10155.0	0.672414
10160.0	0.672645
10165.0	0.671743
10170.0	0.669921
10175.0	0.667495
10180.0	0.664779
10185.0	0.662107
10190.0	0.659886
10195.0	0.658542
10200.0	0.658499
10205.0	0.659959
10210.0	0.662217
10215.0	0.664345
10220.0	0.665414
10225.0	0.664799
10230.0	0.663095
10235.0	0.661200
10240.0	0.660011
10245.0	0.660137
10250.0	0.661018
10255.0	0.661807
10260.0	0.661653
10265.0	0.659976
10270.0	0.657261
10275.0	0.654263
10280.0	0.651735
10285.0	0.650199
10290.0	0.649245
10295.0	0.648233
10300.0	0.646522
10305.0	0.643758
10310.0	0.640732
10315.0	0.638522
10320.0	0.638207
10325.0	0.640465
10330.0	0.644375
10335.0	0.648612
10340.0	0.651856
10345.0	0.653120
10350.0	0.652773
10355.0	0.651519
10360.0	0.650063
10365.0	0.648949
10370.0	0.648083
10375.0	0.647210
10380.0	0.646078
10385.0	0.644548
10390.0	0.642950
10395.0	0.641731
10400.0	0.641338
10405.0	0.642081
10410.0	0.643736
10415.0	0.645941
10420.0	0.648336
10425.0	0.650532
10430.0	0.652036
10435.0	0.652326
10440.0	0.650881
10445.0	0.647455
10450.0	0.642904
10455.0	0.638358
10460.0	0.634949
10465.0	0.633495
10470.0	0.633559
10475.0	0.634391
10480.0	0.635241
10485.0	0.635478
10490.0	0.634952
10495.0	0.633633
10500.0	0.631489
10505.0	0.628649
10510.0	0.625883
10515.0	0.624116
10520.0	0.624278
10525.0	0.626845
10530.0	0.630495
10535.0	0.633456
10540.0	0.633955
10545.0	0.630854
10550.0	0.625556
10555.0	0.620096
10560.0	0.616512
10565.0	0.616259
10570.0	0.618474
10575.0	0.621713
10580.0	0.624533
10585.0	0.625801
10590.0	0.625638
10595.0	0.624476
10600.0	0.622748
10605.0	0.620820
10610.0	0.618791
10615.0	0.616696
10620.0	0.614567
