#-- k2i
#\*l[Angstrom]	F(\*l)/F(555.6Angstrom]
1150.0	0.000000
1155.0	0.000000
1160.0	0.000000
1165.0	0.000000
1170.0	0.000000
1175.0	0.000000
1180.0	0.000000
1185.0	0.000000
1190.0	0.000000
1195.0	0.000000
1200.0	0.000000
1205.0	0.000000
1210.0	0.000000
1215.0	0.000000
1220.0	0.000000
1225.0	0.000000
1230.0	0.000000
1235.0	0.000000
1240.0	0.000000
1245.0	0.000000
1250.0	0.000000
1255.0	0.000000
1260.0	0.000000
1265.0	0.000000
1270.0	0.000000
1275.0	0.000000
1280.0	0.000000
1285.0	0.000000
1290.0	0.000000
1295.0	0.000000
1300.0	0.000000
1305.0	0.000000
1310.0	0.000000
1315.0	0.000000
1320.0	0.000000
1325.0	0.000000
1330.0	0.000000
1335.0	0.000000
1340.0	0.000000
1345.0	0.000000
1350.0	0.000000
1355.0	0.000000
1360.0	0.000000
1365.0	0.000000
1370.0	0.000000
1375.0	0.000000
1380.0	0.000000
1385.0	0.000000
1390.0	0.000000
1395.0	0.000000
1400.0	0.000000
1405.0	0.000000
1410.0	0.000000
1415.0	0.000000
1420.0	0.000000
1425.0	0.000000
1430.0	0.000000
1435.0	0.000000
1440.0	0.000000
1445.0	0.000000
1450.0	0.000000
1455.0	0.000000
1460.0	0.000000
1465.0	0.000000
1470.0	0.000000
1475.0	0.000000
1480.0	0.000000
1485.0	0.000000
1490.0	0.000000
1495.0	0.000000
1500.0	0.000000
1505.0	0.000000
1510.0	0.000000
1515.0	0.000000
1520.0	0.000000
1525.0	0.000000
1530.0	0.000000
1535.0	0.000000
1540.0	0.000000
1545.0	0.000000
1550.0	0.000000
1555.0	0.000000
1560.0	0.000000
1565.0	0.000000
1570.0	0.000000
1575.0	0.000000
1580.0	0.000000
1585.0	0.000000
1590.0	0.000000
1595.0	0.000000
1600.0	0.000000
1605.0	0.000000
1610.0	0.000000
1615.0	0.000000
1620.0	0.000000
1625.0	0.000000
1630.0	0.000000
1635.0	0.000000
1640.0	0.000000
1645.0	0.000000
1650.0	0.000000
1655.0	0.000000
1660.0	0.000000
1665.0	0.000000
1670.0	0.000000
1675.0	0.000000
1680.0	0.000000
1685.0	0.000000
1690.0	0.000000
1695.0	0.000000
1700.0	0.000000
1705.0	0.000000
1710.0	0.000000
1715.0	0.000000
1720.0	0.000000
1725.0	0.000000
1730.0	0.000000
1735.0	0.000000
1740.0	0.000000
1745.0	0.000000
1750.0	0.000000
1755.0	0.000000
1760.0	0.000000
1765.0	0.000000
1770.0	0.000000
1775.0	0.000000
1780.0	0.000000
1785.0	0.000000
1790.0	0.000000
1795.0	0.000000
1800.0	0.000000
1805.0	0.000000
1810.0	0.000000
1815.0	0.000000
1820.0	0.000000
1825.0	0.000000
1830.0	0.000000
1835.0	0.000000
1840.0	0.000000
1845.0	0.000000
1850.0	0.000000
1855.0	0.000000
1860.0	0.000000
1865.0	0.000000
1870.0	0.000000
1875.0	0.000000
1880.0	0.000000
1885.0	0.000000
1890.0	0.000000
1895.0	0.000000
1900.0	0.000000
1905.0	0.000000
1910.0	0.000000
1915.0	0.000000
1920.0	0.000000
1925.0	0.000000
1930.0	0.000000
1935.0	0.000000
1940.0	0.000000
1945.0	0.000000
1950.0	0.000000
1955.0	0.000000
1960.0	0.000000
1965.0	0.000000
1970.0	0.000000
1975.0	0.000000
1980.0	0.000000
1985.0	0.000000
1990.0	0.000000
1995.0	0.000000
2000.0	0.000000
2005.0	0.000000
2010.0	0.000000
2015.0	0.000000
2020.0	0.000000
2025.0	0.000000
2030.0	0.000000
2035.0	0.000000
2040.0	0.000000
2045.0	0.000000
2050.0	0.000000
2055.0	0.000000
2060.0	0.000000
2065.0	0.000000
2070.0	0.000000
2075.0	0.000000
2080.0	0.000000
2085.0	0.000000
2090.0	0.000000
2095.0	0.000000
2100.0	0.000000
2105.0	0.000000
2110.0	0.000000
2115.0	0.000000
2120.0	0.000000
2125.0	0.000000
2130.0	0.000000
2135.0	0.000000
2140.0	0.000000
2145.0	0.000000
2150.0	0.000000
2155.0	0.000000
2160.0	0.000000
2165.0	0.000000
2170.0	0.000000
2175.0	0.000000
2180.0	0.000000
2185.0	0.000000
2190.0	0.000000
2195.0	0.000000
2200.0	0.000000
2205.0	0.000000
2210.0	0.000000
2215.0	0.000000
2220.0	0.000000
2225.0	0.000000
2230.0	0.000000
2235.0	0.000000
2240.0	0.000000
2245.0	0.000000
2250.0	0.000000
2255.0	0.000000
2260.0	0.000000
2265.0	0.000000
2270.0	0.000000
2275.0	0.000000
2280.0	0.000000
2285.0	0.000000
2290.0	0.000000
2295.0	0.000000
2300.0	0.000000
2305.0	0.000000
2310.0	0.000000
2315.0	0.000000
2320.0	0.000000
2325.0	0.000000
2330.0	0.000000
2335.0	0.000000
2340.0	0.000000
2345.0	0.000000
2350.0	0.000000
2355.0	0.000001
2360.0	0.000003
2365.0	0.000004
2370.0	0.000005
2375.0	0.000006
2380.0	0.000007
2385.0	0.000007
2390.0	0.000006
2395.0	0.000003
2400.0	0.000000
2405.0	0.000000
2410.0	0.000000
2415.0	0.000000
2420.0	0.000000
2425.0	0.000000
2430.0	0.000000
2435.0	0.000000
2440.0	0.000000
2445.0	0.000000
2450.0	0.000000
2455.0	0.000017
2460.0	0.000037
2465.0	0.000058
2470.0	0.000076
2475.0	0.000089
2480.0	0.000095
2485.0	0.000092
2490.0	0.000077
2495.0	0.000047
2500.0	0.000000
2505.0	0.000000
2510.0	0.000000
2515.0	0.000000
2520.0	0.000000
2525.0	0.000000
2530.0	0.000000
2535.0	0.000000
2540.0	0.000000
2545.0	0.000000
2550.0	0.000000
2555.0	0.000244
2560.0	0.000549
2565.0	0.000904
2570.0	0.001298
2575.0	0.001719
2580.0	0.002156
2585.0	0.002597
2590.0	0.003031
2595.0	0.003447
2600.0	0.003834
2605.0	0.004182
2610.0	0.004490
2615.0	0.004761
2620.0	0.004996
2625.0	0.005197
2630.0	0.005366
2635.0	0.005504
2640.0	0.005613
2645.0	0.005695
2650.0	0.005751
2655.0	0.005784
2660.0	0.005797
2665.0	0.005795
2670.0	0.005784
2675.0	0.005766
2680.0	0.005747
2685.0	0.005732
2690.0	0.005724
2695.0	0.005729
2700.0	0.005751
2705.0	0.005794
2710.0	0.005861
2715.0	0.005956
2720.0	0.006082
2725.0	0.006243
2730.0	0.006440
2735.0	0.006679
2740.0	0.006960
2745.0	0.007289
2750.0	0.007668
2755.0	0.008096
2760.0	0.008561
2765.0	0.009044
2770.0	0.009529
2775.0	0.009998
2780.0	0.010433
2785.0	0.010819
2790.0	0.011137
2795.0	0.011370
2800.0	0.011502
2805.0	0.011520
2810.0	0.011438
2815.0	0.011278
2820.0	0.011057
2825.0	0.010796
2830.0	0.010515
2835.0	0.010233
2840.0	0.009971
2845.0	0.009748
2850.0	0.009585
2855.0	0.009495
2860.0	0.009473
2865.0	0.009510
2870.0	0.009595
2875.0	0.009718
2880.0	0.009869
2885.0	0.010037
2890.0	0.010212
2895.0	0.010384
2900.0	0.010543
2905.0	0.010681
2910.0	0.010799
2915.0	0.010901
2920.0	0.010992
2925.0	0.011074
2930.0	0.011152
2935.0	0.011230
2940.0	0.011312
2945.0	0.011401
2950.0	0.011502
2955.0	0.011617
2960.0	0.011748
2965.0	0.011895
2970.0	0.012059
2975.0	0.012240
2980.0	0.012438
2985.0	0.012655
2990.0	0.012890
2995.0	0.013145
3000.0	0.013419
3005.0	0.013712
3010.0	0.014026
3015.0	0.014360
3020.0	0.014713
3025.0	0.015087
3030.0	0.015480
3035.0	0.015893
3040.0	0.016327
3045.0	0.016780
3050.0	0.017252
3055.0	0.017745
3060.0	0.018257
3065.0	0.018788
3070.0	0.019338
3075.0	0.019905
3080.0	0.020491
3085.0	0.021094
3090.0	0.021714
3095.0	0.022351
3100.0	0.023003
3105.0	0.023670
3110.0	0.024343
3115.0	0.025012
3120.0	0.025667
3125.0	0.026298
3130.0	0.026896
3135.0	0.027450
3140.0	0.027951
3145.0	0.028389
3150.0	0.028754
3155.0	0.029039
3160.0	0.029246
3165.0	0.029381
3170.0	0.029449
3175.0	0.029456
3180.0	0.029406
3185.0	0.029306
3190.0	0.029160
3195.0	0.028975
3200.0	0.028754
3205.0	0.028507
3210.0	0.028254
3215.0	0.028017
3220.0	0.027819
3225.0	0.027685
3230.0	0.027635
3235.0	0.027695
3240.0	0.027886
3245.0	0.028231
3250.0	0.028754
3255.0	0.029467
3260.0	0.030341
3265.0	0.031335
3270.0	0.032411
3275.0	0.033528
3280.0	0.034646
3285.0	0.035727
3290.0	0.036729
3295.0	0.037612
3300.0	0.038339
3305.0	0.038877
3310.0	0.039240
3315.0	0.039447
3320.0	0.039520
3325.0	0.039481
3330.0	0.039350
3335.0	0.039150
3340.0	0.038900
3345.0	0.038623
3350.0	0.038339
3355.0	0.038068
3360.0	0.037825
3365.0	0.037621
3370.0	0.037469
3375.0	0.037381
3380.0	0.037370
3385.0	0.037448
3390.0	0.037627
3395.0	0.037920
3400.0	0.038339
3405.0	0.038890
3410.0	0.039555
3415.0	0.040308
3420.0	0.041127
3425.0	0.041985
3430.0	0.042858
3435.0	0.043721
3440.0	0.044550
3445.0	0.045320
3450.0	0.046006
3455.0	0.046591
3460.0	0.047086
3465.0	0.047506
3470.0	0.047870
3475.0	0.048195
3480.0	0.048498
3485.0	0.048797
3490.0	0.049109
3495.0	0.049451
3500.0	0.049840
3505.0	0.050287
3510.0	0.054049
3515.0	0.053486
3520.0	0.052177
3525.0	0.051654
3530.0	0.054476
3535.0	0.058968
3540.0	0.060281
3545.0	0.057889
3550.0	0.054875
3555.0	0.049464
3560.0	0.044757
3565.0	0.039461
3570.0	0.037145
3575.0	0.035882
3580.0	0.030812
3585.0	0.031772
3590.0	0.043260
3595.0	0.056100
3600.0	0.060627
3605.0	0.052212
3610.0	0.052728
3615.0	0.056784
3620.0	0.062585
3625.0	0.077744
3630.0	0.071746
3635.0	0.072770
3640.0	0.075936
3645.0	0.070326
3650.0	0.073937
3655.0	0.088855
3660.0	0.097875
3665.0	0.092782
3670.0	0.089088
3675.0	0.086679
3680.0	0.081311
3685.0	0.079051
3690.0	0.084833
3695.0	0.093482
3700.0	0.092713
3705.0	0.075820
3710.0	0.077319
3715.0	0.077795
3720.0	0.062014
3725.0	0.062150
3730.0	0.055492
3735.0	0.046345
3740.0	0.049807
3745.0	0.046481
3750.0	0.052861
3755.0	0.065569
3760.0	0.062191
3765.0	0.065404
3770.0	0.082313
3775.0	0.094814
3780.0	0.099742
3785.0	0.086069
3790.0	0.071815
3795.0	0.067808
3800.0	0.073642
3805.0	0.078906
3810.0	0.072595
3815.0	0.056841
3820.0	0.048033
3825.0	0.043904
3830.0	0.045007
3835.0	0.046345
3840.0	0.049707
3845.0	0.056346
3850.0	0.054124
3855.0	0.049388
3860.0	0.048468
3865.0	0.049400
3870.0	0.052420
3875.0	0.058828
3880.0	0.063541
3885.0	0.073714
3890.0	0.091105
3895.0	0.098930
3900.0	0.098244
3905.0	0.100125
3910.0	0.106828
3915.0	0.097949
3920.0	0.078455
3925.0	0.060014
3930.0	0.040950
3935.0	0.038951
3940.0	0.056348
3945.0	0.077116
3950.0	0.093951
3955.0	0.094964
3960.0	0.076258
3965.0	0.051437
3970.0	0.053552
3975.0	0.086464
3980.0	0.120238
3985.0	0.142349
3990.0	0.157439
3995.0	0.168224
4000.0	0.178242
4005.0	0.181912
4010.0	0.188983
4015.0	0.199282
4020.0	0.201464
4025.0	0.200654
4030.0	0.186963
4035.0	0.182230
4040.0	0.186296
4045.0	0.172050
4050.0	0.182072
4055.0	0.179939
4060.0	0.172470
4065.0	0.173798
4070.0	0.183040
4075.0	0.186031
4080.0	0.201458
4085.0	0.227475
4090.0	0.237405
4095.0	0.225190
4100.0	0.211363
4105.0	0.217303
4110.0	0.218903
4115.0	0.216491
4120.0	0.211014
4125.0	0.205800
4130.0	0.196189
4135.0	0.193077
4140.0	0.187616
4145.0	0.176266
4150.0	0.175104
4155.0	0.184301
4160.0	0.202502
4165.0	0.201411
4170.0	0.192725
4175.0	0.186452
4180.0	0.193824
4185.0	0.211196
4190.0	0.214789
4195.0	0.203749
4200.0	0.200547
4205.0	0.219947
4210.0	0.233464
4215.0	0.244731
4220.0	0.259090
4225.0	0.228357
4230.0	0.246951
4235.0	0.268438
4240.0	0.289301
4245.0	0.300061
4250.0	0.278196
4255.0	0.270712
4260.0	0.282580
4265.0	0.298794
4270.0	0.269378
4275.0	0.266513
4280.0	0.286027
4285.0	0.279668
4290.0	0.266253
4295.0	0.250342
4300.0	0.220592
4305.0	0.207540
4310.0	0.238378
4315.0	0.328606
4320.0	0.365369
4325.0	0.344041
4330.0	0.380322
4335.0	0.390378
4340.0	0.367263
4345.0	0.395986
4350.0	0.397021
4355.0	0.399402
4360.0	0.417994
4365.0	0.425125
4370.0	0.398094
4375.0	0.378255
4380.0	0.347443
4385.0	0.314867
4390.0	0.342592
4395.0	0.375465
4400.0	0.377575
4405.0	0.351071
4410.0	0.375553
4415.0	0.393702
4420.0	0.404067
4425.0	0.402351
4430.0	0.396620
4435.0	0.397588
4440.0	0.418583
4445.0	0.434597
4450.0	0.441995
4455.0	0.412814
4460.0	0.393855
4465.0	0.411369
4470.0	0.439710
4475.0	0.474453
4480.0	0.476569
4485.0	0.480411
4490.0	0.465050
4495.0	0.463241
4500.0	0.501565
4505.0	0.545102
4510.0	0.541598
4515.0	0.517740
4520.0	0.519253
4525.0	0.473931
4530.0	0.441974
4535.0	0.471761
4540.0	0.498698
4545.0	0.506216
4550.0	0.504326
4555.0	0.523514
4560.0	0.544118
4565.0	0.541874
4570.0	0.552822
4575.0	0.548365
4580.0	0.531281
4585.0	0.552042
4590.0	0.565485
4595.0	0.540365
4600.0	0.536589
4605.0	0.572158
4610.0	0.614952
4615.0	0.628867
4620.0	0.640970
4625.0	0.646758
4630.0	0.643132
4635.0	0.609265
4640.0	0.581606
4645.0	0.560108
4650.0	0.578776
4655.0	0.619519
4660.0	0.634293
4665.0	0.577434
4670.0	0.582989
4675.0	0.620633
4680.0	0.615510
4685.0	0.617747
4690.0	0.622967
4695.0	0.633044
4700.0	0.615234
4705.0	0.615963
4710.0	0.623594
4715.0	0.647817
4720.0	0.686050
4725.0	0.669091
4730.0	0.624438
4735.0	0.646290
4740.0	0.673940
4745.0	0.697727
4750.0	0.697963
4755.0	0.675161
4760.0	0.663834
4765.0	0.650864
4770.0	0.678758
4775.0	0.718470
4780.0	0.716310
4785.0	0.684742
4790.0	0.698996
4795.0	0.736853
4800.0	0.730634
4805.0	0.724980
4810.0	0.723976
4815.0	0.741881
4820.0	0.743924
4825.0	0.731126
4830.0	0.728673
4835.0	0.733774
4840.0	0.720761
4845.0	0.721556
4850.0	0.725541
4855.0	0.689138
4860.0	0.639552
4865.0	0.645765
4870.0	0.661516
4875.0	0.678268
4880.0	0.703032
4885.0	0.678168
4890.0	0.680027
4895.0	0.745988
4900.0	0.770374
4905.0	0.760036
4910.0	0.748947
4915.0	0.742901
4920.0	0.704437
4925.0	0.720453
4930.0	0.770686
4935.0	0.755197
4940.0	0.746770
4945.0	0.790173
4950.0	0.811250
4955.0	0.785155
4960.0	0.774667
4965.0	0.775863
4970.0	0.772717
4975.0	0.782521
4980.0	0.738788
4985.0	0.718736
4990.0	0.752445
4995.0	0.763490
5000.0	0.736615
5005.0	0.713151
5010.0	0.699896
5015.0	0.677972
5020.0	0.696913
5025.0	0.725568
5030.0	0.758470
5035.0	0.752412
5040.0	0.717188
5045.0	0.749902
5050.0	0.765216
5055.0	0.789361
5060.0	0.809821
5065.0	0.782078
5070.0	0.766379
5075.0	0.753790
5080.0	0.733699
5085.0	0.750934
5090.0	0.786892
5095.0	0.779953
5100.0	0.755010
5105.0	0.755087
5110.0	0.759534
5115.0	0.785467
5120.0	0.771286
5125.0	0.728373
5130.0	0.736433
5135.0	0.754163
5140.0	0.738937
5145.0	0.717843
5150.0	0.715633
5155.0	0.743028
5160.0	0.743872
5165.0	0.653916
5170.0	0.603829
5175.0	0.660753
5180.0	0.687287
5185.0	0.685800
5190.0	0.726138
5195.0	0.740413
5200.0	0.755722
5205.0	0.723250
5210.0	0.728165
5215.0	0.780020
5220.0	0.790918
5225.0	0.749283
5230.0	0.770191
5235.0	0.805828
5240.0	0.839487
5245.0	0.820008
5250.0	0.778715
5255.0	0.795317
5260.0	0.790230
5265.0	0.719517
5270.0	0.714590
5275.0	0.779984
5280.0	0.836688
5285.0	0.871535
5290.0	0.907485
5295.0	0.871255
5300.0	0.854221
5305.0	0.912480
5310.0	0.948063
5315.0	0.935985
5320.0	0.907573
5325.0	0.853146
5330.0	0.836997
5335.0	0.899820
5340.0	0.916440
5345.0	0.911168
5350.0	0.933819
5355.0	0.982890
5360.0	0.990149
5365.0	0.943940
5370.0	0.912331
5375.0	0.946695
5380.0	0.972655
5385.0	0.956142
5390.0	0.923730
5395.0	0.888661
5400.0	0.880124
5405.0	0.862335
5410.0	0.886469
5415.0	0.945728
5420.0	0.960303
5425.0	0.947423
5430.0	0.921586
5435.0	0.914381
5440.0	0.966874
5445.0	0.967602
5450.0	0.957844
5455.0	0.960006
5460.0	0.971853
5465.0	0.971444
5470.0	0.961895
5475.0	0.925368
5480.0	0.917140
5485.0	0.946742
5490.0	0.963033
5495.0	0.977899
5500.0	0.982694
5505.0	0.965163
5510.0	0.952929
5515.0	0.961556
5520.0	1.003707
5525.0	0.995932
5530.0	0.979706
5535.0	0.985483
5540.0	1.013548
5545.0	1.028977
5550.0	1.047031
5555.0	1.045851
5560.0	1.031304
5565.0	1.006089
5570.0	1.003828
5575.0	1.026503
5580.0	1.030418
5585.0	0.988182
5590.0	0.960120
5595.0	0.992437
5600.0	1.008951
5605.0	1.034837
5610.0	1.059275
5615.0	1.017673
5620.0	1.003979
5625.0	1.008245
5630.0	1.036721
5635.0	1.035233
5640.0	1.012045
5645.0	1.018920
5650.0	1.027221
5655.0	1.004288
5660.0	0.978246
5665.0	1.004721
5670.0	1.030253
5675.0	1.063456
5680.0	1.052116
5685.0	1.027694
5690.0	1.038797
5695.0	1.048238
5700.0	1.009198
5705.0	0.975709
5710.0	0.973599
5715.0	1.036738
5720.0	1.089091
5725.0	1.090919
5730.0	1.076056
5735.0	1.080714
5740.0	1.076926
5745.0	1.074617
5750.0	1.057597
5755.0	1.051910
5760.0	1.068673
5765.0	1.092993
5770.0	1.104521
5775.0	1.077079
5780.0	1.003620
5785.0	0.993485
5790.0	1.045553
5795.0	1.074492
5800.0	1.093350
5805.0	1.095953
5810.0	1.100695
5815.0	1.117680
5820.0	1.144153
5825.0	1.155802
5830.0	1.153841
5835.0	1.148801
5840.0	1.159360
5845.0	1.153633
5850.0	1.126255
5855.0	1.096343
5860.0	1.097689
5865.0	1.121016
5870.0	1.141944
5875.0	1.136567
5880.0	1.110645
5885.0	1.035058
5890.0	0.876578
5895.0	0.875835
5900.0	1.012965
5905.0	1.116264
5910.0	1.128336
5915.0	1.111975
5920.0	1.118694
5925.0	1.135860
5930.0	1.131225
5935.0	1.126192
5940.0	1.124936
5945.0	1.119872
5950.0	1.109120
5955.0	1.109817
5960.0	1.142358
5965.0	1.160498
5970.0	1.173009
5975.0	1.145406
5980.0	1.124614
5985.0	1.120062
5990.0	1.133062
5995.0	1.137413
6000.0	1.124387
6005.0	1.109108
6010.0	1.105802
6015.0	1.100460
6020.0	1.098574
6025.0	1.130665
6030.0	1.155416
6035.0	1.171710
6040.0	1.161555
6045.0	1.177543
6050.0	1.180380
6055.0	1.159489
6060.0	1.144667
6065.0	1.144056
6070.0	1.187127
6075.0	1.178226
6080.0	1.124243
6085.0	1.103598
6090.0	1.096553
6095.0	1.102940
6100.0	1.101876
6105.0	1.104785
6110.0	1.135302
6115.0	1.131778
6120.0	1.095376
6125.0	1.086594
6130.0	1.093044
6135.0	1.037977
6140.0	1.052049
6145.0	1.102490
6150.0	1.095645
6155.0	1.088474
6160.0	1.040580
6165.0	1.029965
6170.0	1.050745
6175.0	1.086900
6180.0	1.118928
6185.0	1.101785
6190.0	1.062782
6195.0	1.093945
6200.0	1.112720
6205.0	1.135388
6210.0	1.096816
6215.0	1.031937
6220.0	1.037297
6225.0	1.062109
6230.0	1.040033
6235.0	1.056138
6240.0	1.030839
6245.0	1.015306
6250.0	1.025975
6255.0	0.970342
6260.0	0.991935
6265.0	1.044955
6270.0	1.050741
6275.0	1.043821
6280.0	1.017265
6285.0	1.061637
6290.0	1.083773
6295.0	1.046814
6300.0	1.041599
6305.0	1.059949
6310.0	1.066923
6315.0	1.032015
6320.0	1.041540
6325.0	1.082582
6330.0	1.096053
6335.0	1.073452
6340.0	1.068731
6345.0	1.086393
6350.0	1.109441
6355.0	1.073094
6360.0	1.024379
6365.0	1.059690
6370.0	1.120796
6375.0	1.132697
6380.0	1.120577
6385.0	1.130407
6390.0	1.117883
6395.0	1.101221
6400.0	1.106599
6405.0	1.121301
6410.0	1.107307
6415.0	1.106376
6420.0	1.105531
6425.0	1.130540
6430.0	1.112140
6435.0	1.118579
6440.0	1.135659
6445.0	1.135169
6450.0	1.085778
6455.0	1.098191
6460.0	1.111512
6465.0	1.100253
6470.0	1.113970
6475.0	1.121966
6480.0	1.107789
6485.0	1.096651
6490.0	1.067492
6495.0	0.970638
6500.0	1.026494
6505.0	1.110350
6510.0	1.132113
6515.0	1.125280
6520.0	1.129271
6525.0	1.138192
6530.0	1.124100
6535.0	1.138321
6540.0	1.145081
6545.0	1.126830
6550.0	1.109460
6555.0	1.078095
6560.0	1.008315
6565.0	1.003125
6570.0	1.087672
6575.0	1.096125
6580.0	1.129148
6585.0	1.135320
6590.0	1.121034
6595.0	1.103210
6600.0	1.138939
6605.0	1.126111
6610.0	1.118862
6615.0	1.160895
6620.0	1.171194
6625.0	1.145109
6630.0	1.130419
6635.0	1.136797
6640.0	1.141134
6645.0	1.136175
6650.0	1.157420
6655.0	1.160469
6660.0	1.135704
6665.0	1.117904
6670.0	1.142556
6675.0	1.137056
6680.0	1.143574
6685.0	1.176642
6690.0	1.176060
6695.0	1.157810
6700.0	1.151234
6705.0	1.151569
6710.0	1.139073
6715.0	1.117822
6720.0	1.147476
6725.0	1.167261
6730.0	1.165896
6735.0	1.151575
6740.0	1.124719
6745.0	1.129983
6750.0	1.132876
6755.0	1.152276
6760.0	1.183830
6765.0	1.160973
6770.0	1.139996
6775.0	1.168059
6780.0	1.173871
6785.0	1.154667
6790.0	1.161717
6795.0	1.156065
6800.0	1.162998
6805.0	1.157057
6810.0	1.157549
6815.0	1.160594
6820.0	1.170792
6825.0	1.171395
6830.0	1.165791
6835.0	1.164474
6840.0	1.164112
6845.0	1.162746
6850.0	1.160913
6855.0	1.159238
6860.0	1.157507
6865.0	1.156123
6870.0	1.154431
6875.0	1.152634
6880.0	1.150990
6885.0	1.149704
6890.0	1.148258
6895.0	1.146552
6900.0	1.144960
6905.0	1.143314
6910.0	1.141512
6915.0	1.140589
6920.0	1.139988
6925.0	1.138038
6930.0	1.136029
6935.0	1.133994
6940.0	1.132564
6945.0	1.131044
6950.0	1.129408
6955.0	1.128415
6960.0	1.126933
6965.0	1.125221
6970.0	1.127021
6975.0	1.101556
6980.0	1.088590
6985.0	1.123363
6990.0	1.122594
6995.0	1.118243
7000.0	1.094957
7005.0	1.092567
7010.0	1.096535
7015.0	1.068080
7020.0	1.086682
7025.0	1.086248
7030.0	1.110725
7035.0	1.115480
7040.0	1.137251
7045.0	1.161361
7050.0	1.139680
7055.0	1.133184
7060.0	1.134072
7065.0	1.103414
7070.0	1.114513
7075.0	1.151167
7080.0	1.139817
7085.0	1.094504
7090.0	1.098162
7095.0	1.105840
7100.0	1.108265
7105.0	1.090879
7110.0	1.075233
7115.0	1.084363
7120.0	1.085167
7125.0	1.085458
7130.0	1.074427
7135.0	1.091696
7140.0	1.089920
7145.0	1.087113
7150.0	1.082380
7155.0	1.099456
7160.0	1.100505
7165.0	1.085078
7170.0	1.085255
7175.0	1.072065
7180.0	1.053742
7185.0	1.029377
7190.0	1.021198
7195.0	1.048916
7200.0	1.054662
7205.0	1.056689
7210.0	1.075980
7215.0	1.101050
7220.0	1.103342
7225.0	1.104980
7230.0	1.114878
7235.0	1.107075
7240.0	1.101350
7245.0	1.093913
7250.0	1.083732
7255.0	1.075527
7260.0	1.069492
7265.0	1.075945
7270.0	1.091047
7275.0	1.085882
7280.0	1.071365
7285.0	1.056579
7290.0	1.045012
7295.0	1.071626
7300.0	1.080680
7305.0	1.076642
7310.0	1.074855
7315.0	1.070485
7320.0	1.072414
7325.0	1.071592
7330.0	1.079882
7335.0	1.091648
7340.0	1.101427
7345.0	1.079869
7350.0	1.065470
7355.0	1.038142
7360.0	1.055748
7365.0	1.058692
7370.0	1.090768
7375.0	1.106235
7380.0	1.092572
7385.0	1.054532
7390.0	1.055314
7395.0	1.080792
7400.0	1.088294
7405.0	1.101132
7410.0	1.065279
7415.0	1.045043
7420.0	1.056721
7425.0	1.085726
7430.0	1.096186
7435.0	1.099234
7440.0	1.076517
7445.0	1.072757
7450.0	1.098383
7455.0	1.106034
7460.0	1.073922
7465.0	1.091382
7470.0	1.096866
7475.0	1.080897
7480.0	1.078346
7485.0	1.082753
7490.0	1.069538
7495.0	1.060279
7500.0	1.095668
7505.0	1.091495
7510.0	1.083728
7515.0	1.107250
7520.0	1.107405
7525.0	1.092550
7530.0	1.106132
7535.0	1.120028
7540.0	1.114564
7545.0	1.107989
7550.0	1.109955
7555.0	1.109202
7560.0	1.108572
7565.0	1.108668
7570.0	1.108554
7575.0	1.108274
7580.0	1.108533
7585.0	1.108654
7590.0	1.108496
7595.0	1.108661
7600.0	1.109050
7605.0	1.109212
7610.0	1.109233
7615.0	1.109245
7620.0	1.109220
7625.0	1.109163
7630.0	1.109074
7635.0	1.108954
7640.0	1.108805
7645.0	1.108630
7650.0	1.108432
7655.0	1.108214
7660.0	1.107979
7665.0	1.107740
7670.0	1.107389
7675.0	1.106675
7680.0	1.106026
7685.0	1.106196
7690.0	1.106620
7695.0	1.105973
7700.0	1.105028
7705.0	1.104108
7710.0	1.103349
7715.0	1.102603
7720.0	1.102042
7725.0	1.101244
7730.0	1.104317
7735.0	1.121286
7740.0	1.115309
7745.0	1.074240
7750.0	1.073517
7755.0	1.116737
7760.0	1.125283
7765.0	1.122971
7770.0	1.118395
7775.0	1.116156
7780.0	1.106494
7785.0	1.103235
7790.0	1.099925
7795.0	1.103858
7800.0	1.098074
7805.0	1.102938
7810.0	1.101243
7815.0	1.118732
7820.0	1.122779
7825.0	1.120590
7830.0	1.089665
7835.0	1.075910
7840.0	1.103023
7845.0	1.105774
7850.0	1.083957
7855.0	1.087325
7860.0	1.105301
7865.0	1.106316
7870.0	1.077463
7875.0	1.057324
7880.0	1.048993
7885.0	1.059514
7890.0	1.050316
7895.0	1.008027
7900.0	1.022365
7905.0	1.029463
7910.0	1.001825
7915.0	0.979310
7920.0	0.992151
7925.0	1.003046
7930.0	0.997998
7935.0	0.981192
7940.0	0.956933
7945.0	0.951565
7950.0	0.976883
7955.0	0.982454
7960.0	0.983243
7965.0	0.991598
7970.0	0.998660
7975.0	0.994386
7980.0	0.988857
7985.0	0.984884
7990.0	0.984538
7995.0	0.963599
8000.0	0.957053
8005.0	0.973318
8010.0	0.978506
8015.0	0.988006
8020.0	0.972023
8025.0	0.926497
8030.0	0.946020
8035.0	0.985297
8040.0	0.968522
8045.0	0.926386
8050.0	0.929586
8055.0	0.962605
8060.0	0.961671
8065.0	0.936369
8070.0	0.904917
8075.0	0.909606
8080.0	0.916046
8085.0	0.912733
8090.0	0.886980
8095.0	0.881338
8100.0	0.891481
8105.0	0.890056
8110.0	0.886793
8115.0	0.880421
8120.0	0.886494
8125.0	0.894042
8130.0	0.886340
8135.0	0.889084
8140.0	0.887200
8145.0	0.884212
8150.0	0.881987
8155.0	0.888889
8160.0	0.875258
8165.0	0.876373
8170.0	0.885610
8175.0	0.879921
8180.0	0.874380
8185.0	0.868605
8190.0	0.877640
8195.0	0.867997
8200.0	0.867395
8205.0	0.870576
8210.0	0.880730
8215.0	0.885116
8220.0	0.879379
8225.0	0.878191
8230.0	0.871830
8235.0	0.882575
8240.0	0.886730
8245.0	0.892062
8250.0	0.891669
8255.0	0.883467
8260.0	0.898468
8265.0	0.898988
8270.0	0.893235
8275.0	0.887753
8280.0	0.893214
8285.0	0.890774
8290.0	0.884996
8295.0	0.878098
8300.0	0.879752
8305.0	0.868099
8310.0	0.868024
8315.0	0.882749
8320.0	0.877250
8325.0	0.872042
8330.0	0.865152
8335.0	0.871882
8340.0	0.876367
8345.0	0.874388
8350.0	0.876804
8355.0	0.881729
8360.0	0.880213
8365.0	0.876527
8370.0	0.888897
8375.0	0.884318
8380.0	0.872710
8385.0	0.859900
8390.0	0.873603
8395.0	0.886225
8400.0	0.885700
8405.0	0.888983
8410.0	0.883240
8415.0	0.878100
8420.0	0.872988
8425.0	0.862257
8430.0	0.873961
8435.0	0.846397
8440.0	0.861985
8445.0	0.880280
8450.0	0.892504
8455.0	0.898722
8460.0	0.904512
8465.0	0.885063
8470.0	0.886908
8475.0	0.919589
8480.0	0.913176
8485.0	0.915324
8490.0	0.902192
8495.0	0.794984
8500.0	0.776457
8505.0	0.886066
8510.0	0.895334
8515.0	0.859223
8520.0	0.876949
8525.0	0.878978
8530.0	0.865010
8535.0	0.779920
8540.0	0.617087
8545.0	0.660349
8550.0	0.823092
8555.0	0.882891
8560.0	0.898969
8565.0	0.904268
8570.0	0.906832
8575.0	0.907622
8580.0	0.904921
8585.0	0.907536
8590.0	0.921457
8595.0	0.928277
8600.0	0.932430
8605.0	0.923412
8610.0	0.906962
8615.0	0.916793
8620.0	0.922744
8625.0	0.932428
8630.0	0.940562
8635.0	0.946844
8640.0	0.947919
8645.0	0.931018
8650.0	0.906214
8655.0	0.848233
8660.0	0.694833
8665.0	0.737745
8670.0	0.861446
8675.0	0.886671
8680.0	0.908108
8685.0	0.900525
8690.0	0.904210
8695.0	0.942354
8700.0	0.941798
8705.0	0.950181
8710.0	0.945345
8715.0	0.958004
8720.0	0.972404
8725.0	0.959984
8730.0	0.947371
8735.0	0.948058
8740.0	0.945037
8745.0	0.944275
8750.0	0.937471
8755.0	0.939120
8760.0	0.945080
8765.0	0.933712
8770.0	0.924181
8775.0	0.934938
8780.0	0.952402
8785.0	0.952634
8790.0	0.938027
8795.0	0.934277
8800.0	0.928926
8805.0	0.880659
8810.0	0.909745
8815.0	0.948746
8820.0	0.934706
8825.0	0.931538
8830.0	0.954516
8835.0	0.937111
8840.0	0.931374
8845.0	0.953088
8850.0	0.965228
8855.0	0.964978
8860.0	0.944033
8865.0	0.929460
8870.0	0.944349
8875.0	0.945612
8880.0	0.945434
8885.0	0.962459
8890.0	0.956185
8895.0	0.955704
8900.0	0.961035
8905.0	0.962295
8910.0	0.956340
8915.0	0.950959
8920.0	0.941645
8925.0	0.933545
8930.0	0.945302
8935.0	0.958350
8940.0	0.947961
8945.0	0.924020
8950.0	0.947152
8955.0	0.969845
8960.0	0.965829
8965.0	0.956997
8970.0	0.948645
8975.0	0.939051
8980.0	0.947115
8985.0	0.932057
8990.0	0.916174
8995.0	0.940172
9000.0	0.921102
9005.0	0.921353
9010.0	0.883862
9015.0	0.878638
9020.0	0.895512
9025.0	0.906064
9030.0	0.951100
9035.0	0.972374
9040.0	0.982722
9045.0	0.976485
9050.0	0.975975
9055.0	0.971976
9060.0	0.955834
9065.0	0.941093
9070.0	0.924919
9075.0	0.920061
9080.0	0.893364
9085.0	0.871807
9090.0	0.854963
9095.0	0.891190
9100.0	0.895568
9105.0	0.890622
9110.0	0.898888
9115.0	0.879553
9120.0	0.888211
9125.0	0.917518
9130.0	0.903939
9135.0	0.880914
9140.0	0.848130
9145.0	0.838413
9150.0	0.836281
9155.0	0.828935
9160.0	0.845641
9165.0	0.821929
9170.0	0.764525
9175.0	0.771909
9180.0	0.807667
9185.0	0.814249
9190.0	0.802842
9195.0	0.793518
9200.0	0.792946
9205.0	0.789009
9210.0	0.779832
9215.0	0.775796
9220.0	0.783010
9225.0	0.790419
9230.0	0.788234
9235.0	0.784292
9240.0	0.778251
9245.0	0.778412
9250.0	0.785097
9255.0	0.786441
9260.0	0.794163
9265.0	0.809308
9270.0	0.814185
9275.0	0.809198
9280.0	0.806067
9285.0	0.806383
9290.0	0.803475
9295.0	0.808303
9300.0	0.810433
9305.0	0.803306
9310.0	0.793306
9315.0	0.783334
9320.0	0.785127
9325.0	0.787175
9330.0	0.799685
9335.0	0.789074
9340.0	0.771235
9345.0	0.773981
9350.0	0.797334
9355.0	0.770499
9360.0	0.789417
9365.0	0.802960
9370.0	0.794923
9375.0	0.808487
9380.0	0.804139
9385.0	0.835340
9390.0	0.860477
9395.0	0.872259
9400.0	0.868097
9405.0	0.856809
9410.0	0.836566
9415.0	0.829787
9420.0	0.833616
9425.0	0.809882
9430.0	0.805874
9435.0	0.808017
9440.0	0.777467
9445.0	0.802728
9450.0	0.816244
9455.0	0.803527
9460.0	0.810021
9465.0	0.825323
9470.0	0.833187
9475.0	0.832571
9480.0	0.814418
9485.0	0.838378
9490.0	0.836755
9495.0	0.806636
9500.0	0.803872
9505.0	0.843249
9510.0	0.849979
9515.0	0.823587
9520.0	0.807473
9525.0	0.824204
9530.0	0.835690
9535.0	0.842690
9540.0	0.825515
9545.0	0.808136
9550.0	0.823440
9555.0	0.818238
9560.0	0.824808
9565.0	0.816168
9570.0	0.823754
9575.0	0.831033
9580.0	0.822270
9585.0	0.822263
9590.0	0.823792
9595.0	0.825579
9600.0	0.823784
9605.0	0.824589
9610.0	0.836744
9615.0	0.831099
9620.0	0.828557
9625.0	0.818426
9630.0	0.828012
9635.0	0.808762
9640.0	0.804966
9645.0	0.805011
9650.0	0.809535
9655.0	0.813278
9660.0	0.805182
9665.0	0.805433
9670.0	0.806043
9675.0	0.806496
9680.0	0.817209
9685.0	0.821460
9690.0	0.810829
9695.0	0.821096
9700.0	0.813842
9705.0	0.807694
9710.0	0.819902
9715.0	0.817832
9720.0	0.814099
9725.0	0.806245
9730.0	0.805002
9735.0	0.800810
9740.0	0.797924
9745.0	0.795014
9750.0	0.805288
9755.0	0.809147
9760.0	0.809733
9765.0	0.807608
9770.0	0.811868
9775.0	0.814253
9780.0	0.805477
9785.0	0.799077
9790.0	0.804479
9795.0	0.819372
9800.0	0.819115
9805.0	0.826535
9810.0	0.826298
9815.0	0.830693
9820.0	0.831037
9825.0	0.828351
9830.0	0.824379
9835.0	0.828580
9840.0	0.838361
9845.0	0.835986
9850.0	0.836725
9855.0	0.837894
9860.0	0.832251
9865.0	0.823222
9870.0	0.833149
9875.0	0.832483
9880.0	0.833165
9885.0	0.829928
9890.0	0.834196
9895.0	0.833004
9900.0	0.824962
9905.0	0.836991
9910.0	0.835149
9915.0	0.837680
9920.0	0.836300
9925.0	0.824705
9930.0	0.824684
9935.0	0.835614
9940.0	0.843497
9945.0	0.831065
9950.0	0.829545
9955.0	0.833548
9960.0	0.839208
9965.0	0.836768
9970.0	0.834238
9975.0	0.838338
9980.0	0.836340
9985.0	0.832791
9990.0	0.830183
9995.0	0.828006
10000.0	0.832527
10005.0	0.834326
10010.0	0.831649
10015.0	0.837152
10020.0	0.843374
10025.0	0.838081
10030.0	0.842325
10035.0	0.830875
10040.0	0.837831
10045.0	0.832192
10050.0	0.823419
10055.0	0.830255
10060.0	0.823126
10065.0	0.827171
10070.0	0.821557
10075.0	0.837481
10080.0	0.829479
10085.0	0.834400
10090.0	0.837684
10095.0	0.834914
10100.0	0.838660
10105.0	0.839654
10110.0	0.840149
10115.0	0.827467
10120.0	0.836805
10125.0	0.838970
10130.0	0.836978
10135.0	0.834124
10140.0	0.833773
10145.0	0.833809
10150.0	0.833866
10155.0	0.833944
10160.0	0.834034
10165.0	0.834126
10170.0	0.834208
10175.0	0.834269
10180.0	0.834297
10185.0	0.834282
10190.0	0.834213
10195.0	0.834078
10200.0	0.833866
10205.0	0.833570
10210.0	0.833198
10215.0	0.832765
10220.0	0.832282
10225.0	0.831762
10230.0	0.831220
10235.0	0.830666
10240.0	0.830116
10245.0	0.829580
10250.0	0.829073
10255.0	0.828604
10260.0	0.828164
10265.0	0.827741
10270.0	0.827324
10275.0	0.826901
10280.0	0.826460
10285.0	0.825990
10290.0	0.825478
10295.0	0.824912
10300.0	0.824281
10305.0	0.823576
10310.0	0.822800
10315.0	0.821957
10320.0	0.821055
10325.0	0.820098
10330.0	0.819093
10335.0	0.818044
10340.0	0.816958
10345.0	0.815840
10350.0	0.814696
10355.0	0.813534
10360.0	0.812370
10365.0	0.811221
10370.0	0.810105
10375.0	0.809040
10380.0	0.808045
10385.0	0.807136
10390.0	0.806333
10395.0	0.805652
10400.0	0.805112
10405.0	0.804724
10410.0	0.804475
10415.0	0.804346
10420.0	0.804315
10425.0	0.804365
10430.0	0.804474
10435.0	0.804623
10440.0	0.804792
10445.0	0.804961
10450.0	0.805112
10455.0	0.805227
10460.0	0.805307
10465.0	0.805355
10470.0	0.805375
10475.0	0.805371
10480.0	0.805346
10485.0	0.805303
10490.0	0.805248
10495.0	0.805183
10500.0	0.805112
10505.0	0.805038
10510.0	0.804961
10515.0	0.804883
10520.0	0.804802
10525.0	0.804718
10530.0	0.804633
10535.0	0.804545
10540.0	0.804455
10545.0	0.804362
10550.0	0.804268
10555.0	0.804170
10560.0	0.804071
10565.0	0.803970
10570.0	0.803866
10575.0	0.803760
10580.0	0.803651
10585.0	0.803541
10590.0	0.803428
10595.0	0.803313
10600.0	0.803196
10605.0	0.803077
10610.0	0.802955
10615.0	0.802831
10620.0	0.802705
