#-- rk2iii
#\*l[Angstrom]	F(\*l)/F(555.6Angstrom]
1150.0	0.000000
1155.0	0.000000
1160.0	0.000000
1165.0	0.000000
1170.0	0.000000
1175.0	0.000000
1180.0	0.000000
1185.0	0.000000
1190.0	0.000000
1195.0	0.000000
1200.0	0.000000
1205.0	0.000000
1210.0	0.000000
1215.0	0.000000
1220.0	0.000000
1225.0	0.000000
1230.0	0.000000
1235.0	0.000000
1240.0	0.000000
1245.0	0.000000
1250.0	0.000000
1255.0	0.000000
1260.0	0.000000
1265.0	0.000000
1270.0	0.000000
1275.0	0.000000
1280.0	0.000000
1285.0	0.000000
1290.0	0.000000
1295.0	0.000000
1300.0	0.000000
1305.0	0.000000
1310.0	0.000000
1315.0	0.000000
1320.0	0.000000
1325.0	0.000000
1330.0	0.000000
1335.0	0.000000
1340.0	0.000000
1345.0	0.000000
1350.0	0.000000
1355.0	0.000000
1360.0	0.000000
1365.0	0.000000
1370.0	0.000000
1375.0	0.000000
1380.0	0.000000
1385.0	0.000000
1390.0	0.000000
1395.0	0.000000
1400.0	0.000000
1405.0	0.000000
1410.0	0.000000
1415.0	0.000000
1420.0	0.000000
1425.0	0.000000
1430.0	0.000000
1435.0	0.000000
1440.0	0.000000
1445.0	0.000000
1450.0	0.000000
1455.0	0.000000
1460.0	0.000000
1465.0	0.000000
1470.0	0.000000
1475.0	0.000000
1480.0	0.000000
1485.0	0.000000
1490.0	0.000000
1495.0	0.000000
1500.0	0.000000
1505.0	0.000000
1510.0	0.000000
1515.0	0.000000
1520.0	0.000000
1525.0	0.000000
1530.0	0.000000
1535.0	0.000000
1540.0	0.000000
1545.0	0.000000
1550.0	0.000000
1555.0	0.000000
1560.0	0.000000
1565.0	0.000000
1570.0	0.000000
1575.0	0.000000
1580.0	0.000000
1585.0	0.000000
1590.0	0.000000
1595.0	0.000000
1600.0	0.000000
1605.0	0.000000
1610.0	0.000000
1615.0	0.000000
1620.0	0.000000
1625.0	0.000000
1630.0	0.000000
1635.0	0.000000
1640.0	0.000000
1645.0	0.000000
1650.0	0.000000
1655.0	0.000000
1660.0	0.000000
1665.0	0.000000
1670.0	0.000000
1675.0	0.000000
1680.0	0.000000
1685.0	0.000000
1690.0	0.000000
1695.0	0.000000
1700.0	0.000000
1705.0	0.000000
1710.0	0.000000
1715.0	0.000000
1720.0	0.000000
1725.0	0.000000
1730.0	0.000000
1735.0	0.000000
1740.0	0.000000
1745.0	0.000000
1750.0	0.000000
1755.0	0.000000
1760.0	0.000000
1765.0	0.000000
1770.0	0.000000
1775.0	0.000000
1780.0	0.000000
1785.0	0.000000
1790.0	0.000000
1795.0	0.000000
1800.0	0.000000
1805.0	0.000000
1810.0	0.000000
1815.0	0.000000
1820.0	0.000000
1825.0	0.000000
1830.0	0.000000
1835.0	0.000000
1840.0	0.000000
1845.0	0.000000
1850.0	0.000000
1855.0	0.000000
1860.0	0.000000
1865.0	0.000000
1870.0	0.000000
1875.0	0.000000
1880.0	0.000000
1885.0	0.000000
1890.0	0.000000
1895.0	0.000000
1900.0	0.000000
1905.0	0.000000
1910.0	0.000000
1915.0	0.000000
1920.0	0.000000
1925.0	0.000000
1930.0	0.000000
1935.0	0.000000
1940.0	0.000000
1945.0	0.000000
1950.0	0.000000
1955.0	0.000000
1960.0	0.000000
1965.0	0.000000
1970.0	0.000000
1975.0	0.000000
1980.0	0.000000
1985.0	0.000000
1990.0	0.000000
1995.0	0.000000
2000.0	0.000000
2005.0	0.000000
2010.0	0.000000
2015.0	0.000000
2020.0	0.000000
2025.0	0.000000
2030.0	0.000000
2035.0	0.000000
2040.0	0.000000
2045.0	0.000000
2050.0	0.000000
2055.0	0.000000
2060.0	0.000000
2065.0	0.000000
2070.0	0.000000
2075.0	0.000000
2080.0	0.000000
2085.0	0.000000
2090.0	0.000000
2095.0	0.000000
2100.0	0.000000
2105.0	0.000000
2110.0	0.000000
2115.0	0.000000
2120.0	0.000000
2125.0	0.000000
2130.0	0.000000
2135.0	0.000000
2140.0	0.000000
2145.0	0.000000
2150.0	0.000000
2155.0	0.000000
2160.0	0.000000
2165.0	0.000000
2170.0	0.000000
2175.0	0.000000
2180.0	0.000000
2185.0	0.000000
2190.0	0.000000
2195.0	0.000000
2200.0	0.000000
2205.0	0.000000
2210.0	0.000000
2215.0	0.000000
2220.0	0.000000
2225.0	0.000000
2230.0	0.000000
2235.0	0.000000
2240.0	0.000000
2245.0	0.000000
2250.0	0.000000
2255.0	0.000000
2260.0	0.000000
2265.0	0.000000
2270.0	0.000000
2275.0	0.000000
2280.0	0.000000
2285.0	0.000000
2290.0	0.000000
2295.0	0.000000
2300.0	0.000000
2305.0	0.000000
2310.0	0.000000
2315.0	0.000000
2320.0	0.000000
2325.0	0.000000
2330.0	0.000000
2335.0	0.000000
2340.0	0.000000
2345.0	0.000000
2350.0	0.000000
2355.0	0.000000
2360.0	0.000000
2365.0	0.000000
2370.0	0.000000
2375.0	0.000000
2380.0	0.000000
2385.0	0.000000
2390.0	0.000000
2395.0	0.000000
2400.0	0.000000
2405.0	0.000001
2410.0	0.000001
2415.0	0.000002
2420.0	0.000003
2425.0	0.000003
2430.0	0.000003
2435.0	0.000003
2440.0	0.000003
2445.0	0.000002
2450.0	0.000000
2455.0	0.000000
2460.0	0.000000
2465.0	0.000000
2470.0	0.000000
2475.0	0.000000
2480.0	0.000000
2485.0	0.000000
2490.0	0.000000
2495.0	0.000000
2500.0	0.000000
2505.0	0.000008
2510.0	0.000017
2515.0	0.000027
2520.0	0.000035
2525.0	0.000041
2530.0	0.000044
2535.0	0.000043
2540.0	0.000036
2545.0	0.000022
2550.0	0.000000
2555.0	0.000000
2560.0	0.000000
2565.0	0.000000
2570.0	0.000000
2575.0	0.000000
2580.0	0.000000
2585.0	0.000000
2590.0	0.000000
2595.0	0.000000
2600.0	0.000000
2605.0	0.000114
2610.0	0.000257
2615.0	0.000426
2620.0	0.000616
2625.0	0.000824
2630.0	0.001045
2635.0	0.001275
2640.0	0.001510
2645.0	0.001747
2650.0	0.001980
2655.0	0.002207
2660.0	0.002427
2665.0	0.002640
2670.0	0.002847
2675.0	0.003047
2680.0	0.003241
2685.0	0.003430
2690.0	0.003612
2695.0	0.003789
2700.0	0.003960
2705.0	0.004127
2710.0	0.004292
2715.0	0.004459
2720.0	0.004630
2725.0	0.004809
2730.0	0.004999
2735.0	0.005204
2740.0	0.005427
2745.0	0.005672
2750.0	0.005941
2755.0	0.006234
2760.0	0.006543
2765.0	0.006852
2770.0	0.007149
2775.0	0.007420
2780.0	0.007652
2785.0	0.007832
2790.0	0.007945
2795.0	0.007979
2800.0	0.007921
2805.0	0.007764
2810.0	0.007533
2815.0	0.007261
2820.0	0.006980
2825.0	0.006723
2830.0	0.006522
2835.0	0.006410
2840.0	0.006419
2845.0	0.006582
2850.0	0.006931
2855.0	0.007488
2860.0	0.008237
2865.0	0.009150
2870.0	0.010199
2875.0	0.011357
2880.0	0.012597
2885.0	0.013891
2890.0	0.015211
2895.0	0.016530
2900.0	0.017822
2905.0	0.019059
2910.0	0.020223
2915.0	0.021295
2920.0	0.022259
2925.0	0.023096
2930.0	0.023788
2935.0	0.024317
2940.0	0.024666
2945.0	0.024817
2950.0	0.024752
2955.0	0.024465
2960.0	0.023996
2965.0	0.023395
2970.0	0.022714
2975.0	0.022003
2980.0	0.021314
2985.0	0.020699
2990.0	0.020208
2995.0	0.019892
3000.0	0.019802
3005.0	0.019978
3010.0	0.020411
3015.0	0.021081
3020.0	0.021968
3025.0	0.023051
3030.0	0.024309
3035.0	0.025723
3040.0	0.027272
3045.0	0.028935
3050.0	0.030693
3055.0	0.032525
3060.0	0.034414
3065.0	0.036343
3070.0	0.038294
3075.0	0.040250
3080.0	0.042194
3085.0	0.044108
3090.0	0.045977
3095.0	0.047781
3100.0	0.049505
3105.0	0.051137
3110.0	0.052688
3115.0	0.054177
3120.0	0.055622
3125.0	0.057040
3130.0	0.058449
3135.0	0.059868
3140.0	0.061313
3145.0	0.062803
3150.0	0.064356
3155.0	0.065982
3160.0	0.067658
3165.0	0.069353
3170.0	0.071037
3175.0	0.072680
3180.0	0.074251
3185.0	0.075720
3190.0	0.077056
3195.0	0.078229
3200.0	0.077042
3205.0	0.075218
3210.0	0.072833
3215.0	0.069438
3220.0	0.065032
3225.0	0.060295
3230.0	0.058174
3235.0	0.060692
3240.0	0.063904
3245.0	0.064623
3250.0	0.068664
3255.0	0.080755
3260.0	0.092284
3265.0	0.094197
3270.0	0.089028
3275.0	0.082414
3280.0	0.080821
3285.0	0.088670
3290.0	0.101374
3295.0	0.112247
3300.0	0.115220
3305.0	0.107119
3310.0	0.095747
3315.0	0.089919
3320.0	0.091522
3325.0	0.098714
3330.0	0.101654
3335.0	0.093166
3340.0	0.084708
3345.0	0.087660
3350.0	0.094434
3355.0	0.094990
3360.0	0.088456
3365.0	0.077839
3370.0	0.072498
3375.0	0.079116
3380.0	0.087323
3385.0	0.087543
3390.0	0.090433
3395.0	0.105669
3400.0	0.118775
3405.0	0.115439
3410.0	0.106152
3415.0	0.104478
3420.0	0.111462
3425.0	0.122709
3430.0	0.124602
3435.0	0.108292
3440.0	0.093224
3445.0	0.097809
3450.0	0.108026
3455.0	0.108091
3460.0	0.107628
3465.0	0.116791
3470.0	0.122441
3475.0	0.112243
3480.0	0.100352
3485.0	0.102192
3490.0	0.111770
3495.0	0.120129
3500.0	0.127858
3505.0	0.136306
3510.0	0.107349
3515.0	0.100495
3520.0	0.102138
3525.0	0.084374
3530.0	0.100488
3535.0	0.113095
3540.0	0.125202
3545.0	0.120927
3550.0	0.104857
3555.0	0.096883
3560.0	0.098370
3565.0	0.078110
3570.0	0.072099
3575.0	0.069510
3580.0	0.063712
3585.0	0.058750
3590.0	0.074508
3595.0	0.105801
3600.0	0.133162
3605.0	0.109210
3610.0	0.096589
3615.0	0.107161
3620.0	0.113293
3625.0	0.141482
3630.0	0.138968
3635.0	0.139404
3640.0	0.159526
3645.0	0.140295
3650.0	0.136605
3655.0	0.174366
3660.0	0.203271
3665.0	0.196136
3670.0	0.183617
3675.0	0.180233
3680.0	0.163442
3685.0	0.158099
3690.0	0.162262
3695.0	0.183610
3700.0	0.199840
3705.0	0.159605
3710.0	0.147859
3715.0	0.162999
3720.0	0.123304
3725.0	0.128321
3730.0	0.121138
3735.0	0.094589
3740.0	0.097350
3745.0	0.089974
3750.0	0.092763
3755.0	0.127958
3760.0	0.115005
3765.0	0.127859
3770.0	0.152515
3775.0	0.176830
3780.0	0.186787
3785.0	0.168785
3790.0	0.131266
3795.0	0.117071
3800.0	0.123902
3805.0	0.142958
3810.0	0.139014
3815.0	0.111758
3820.0	0.077752
3825.0	0.068572
3830.0	0.071436
3835.0	0.073236
3840.0	0.078391
3845.0	0.091832
3850.0	0.098945
3855.0	0.094277
3860.0	0.084520
3865.0	0.092683
3870.0	0.090944
3875.0	0.098572
3880.0	0.102017
3885.0	0.124674
3890.0	0.159629
3895.0	0.184470
3900.0	0.180366
3905.0	0.181066
3910.0	0.195719
3915.0	0.198379
3920.0	0.160403
3925.0	0.127863
3930.0	0.081020
3935.0	0.064874
3940.0	0.097660
3945.0	0.141093
3950.0	0.189697
3955.0	0.207173
3960.0	0.171578
3965.0	0.104400
3970.0	0.081342
3975.0	0.151001
3980.0	0.232306
3985.0	0.282221
3990.0	0.305108
3995.0	0.317802
4000.0	0.338973
4005.0	0.340306
4010.0	0.350631
4015.0	0.383057
4020.0	0.384652
4025.0	0.376903
4030.0	0.344695
4035.0	0.341165
4040.0	0.363398
4045.0	0.321342
4050.0	0.347489
4055.0	0.338157
4060.0	0.317662
4065.0	0.318151
4070.0	0.329979
4075.0	0.336532
4080.0	0.363750
4085.0	0.411474
4090.0	0.427002
4095.0	0.386484
4100.0	0.351668
4105.0	0.364281
4110.0	0.371895
4115.0	0.368467
4120.0	0.356535
4125.0	0.356801
4130.0	0.340930
4135.0	0.335941
4140.0	0.329549
4145.0	0.299968
4150.0	0.286916
4155.0	0.300256
4160.0	0.334219
4165.0	0.339510
4170.0	0.327917
4175.0	0.306881
4180.0	0.313571
4185.0	0.343779
4190.0	0.357547
4195.0	0.340601
4200.0	0.328862
4205.0	0.353662
4210.0	0.377364
4215.0	0.394909
4220.0	0.436794
4225.0	0.352423
4230.0	0.358008
4235.0	0.396174
4240.0	0.441268
4245.0	0.479554
4250.0	0.437002
4255.0	0.420928
4260.0	0.430334
4265.0	0.464163
4270.0	0.421093
4275.0	0.407213
4280.0	0.440102
4285.0	0.426583
4290.0	0.402207
4295.0	0.396977
4300.0	0.352862
4305.0	0.305928
4310.0	0.319162
4315.0	0.482650
4320.0	0.581106
4325.0	0.517278
4330.0	0.549225
4335.0	0.577904
4340.0	0.546760
4345.0	0.592457
4350.0	0.596122
4355.0	0.582540
4360.0	0.604961
4365.0	0.632519
4370.0	0.603166
4375.0	0.565342
4380.0	0.520222
4385.0	0.442510
4390.0	0.484858
4395.0	0.539129
4400.0	0.570184
4405.0	0.515158
4410.0	0.545609
4415.0	0.569356
4420.0	0.601259
4425.0	0.609825
4430.0	0.607528
4435.0	0.591687
4440.0	0.628368
4445.0	0.654205
4450.0	0.676826
4455.0	0.613279
4460.0	0.566065
4465.0	0.606525
4470.0	0.653458
4475.0	0.710810
4480.0	0.715567
4485.0	0.735693
4490.0	0.704526
4495.0	0.684884
4500.0	0.731682
4505.0	0.789261
4510.0	0.805271
4515.0	0.768857
4520.0	0.757745
4525.0	0.684023
4530.0	0.629434
4535.0	0.674185
4540.0	0.708508
4545.0	0.716733
4550.0	0.714147
4555.0	0.751357
4560.0	0.782397
4565.0	0.764477
4570.0	0.772141
4575.0	0.767750
4580.0	0.746423
4585.0	0.758033
4590.0	0.775248
4595.0	0.738470
4600.0	0.729773
4605.0	0.771381
4610.0	0.832122
4615.0	0.843321
4620.0	0.850386
4625.0	0.852400
4630.0	0.840183
4635.0	0.794808
4640.0	0.754642
4645.0	0.713635
4650.0	0.740172
4655.0	0.788578
4660.0	0.811318
4665.0	0.736493
4670.0	0.725723
4675.0	0.771734
4680.0	0.766104
4685.0	0.769421
4690.0	0.763470
4695.0	0.767399
4700.0	0.747652
4705.0	0.743210
4710.0	0.749291
4715.0	0.790075
4720.0	0.843736
4725.0	0.825438
4730.0	0.759479
4735.0	0.792157
4740.0	0.828688
4745.0	0.850920
4750.0	0.856470
4755.0	0.833272
4760.0	0.828914
4765.0	0.801933
4770.0	0.830828
4775.0	0.875500
4780.0	0.878283
4785.0	0.829782
4790.0	0.835575
4795.0	0.878180
4800.0	0.882823
4805.0	0.877391
4810.0	0.871624
4815.0	0.899780
4820.0	0.910362
4825.0	0.883464
4830.0	0.862034
4835.0	0.866472
4840.0	0.863004
4845.0	0.875038
4850.0	0.876788
4855.0	0.826683
4860.0	0.775823
4865.0	0.777579
4870.0	0.785804
4875.0	0.815503
4880.0	0.856985
4885.0	0.808496
4890.0	0.797163
4895.0	0.887602
4900.0	0.930094
4905.0	0.914624
4910.0	0.866403
4915.0	0.852031
4920.0	0.802306
4925.0	0.835916
4930.0	0.913956
4935.0	0.879448
4940.0	0.844674
4945.0	0.925424
4950.0	0.955348
4955.0	0.930564
4960.0	0.894332
4965.0	0.911647
4970.0	0.892012
4975.0	0.916806
4980.0	0.867828
4985.0	0.833198
4990.0	0.872862
4995.0	0.872558
5000.0	0.858554
5005.0	0.810793
5010.0	0.806162
5015.0	0.768010
5020.0	0.781529
5025.0	0.813013
5030.0	0.861835
5035.0	0.856733
5040.0	0.790122
5045.0	0.823730
5050.0	0.856200
5055.0	0.878693
5060.0	0.924596
5065.0	0.877937
5070.0	0.842364
5075.0	0.829619
5080.0	0.796324
5085.0	0.806641
5090.0	0.857452
5095.0	0.863733
5100.0	0.819247
5105.0	0.817901
5110.0	0.803889
5115.0	0.853010
5120.0	0.859637
5125.0	0.777750
5130.0	0.773850
5135.0	0.814618
5140.0	0.803622
5145.0	0.777611
5150.0	0.765729
5155.0	0.797633
5160.0	0.820521
5165.0	0.696873
5170.0	0.613495
5175.0	0.676260
5180.0	0.742245
5185.0	0.724291
5190.0	0.795996
5195.0	0.825719
5200.0	0.860532
5205.0	0.782051
5210.0	0.769567
5215.0	0.857511
5220.0	0.903631
5225.0	0.836765
5230.0	0.842057
5235.0	0.903035
5240.0	0.953313
5245.0	0.929142
5250.0	0.869576
5255.0	0.905256
5260.0	0.914708
5265.0	0.773708
5270.0	0.733706
5275.0	0.840982
5280.0	0.936001
5285.0	0.969480
5290.0	1.017402
5295.0	0.951591
5300.0	0.913100
5305.0	1.004902
5310.0	1.048689
5315.0	1.037539
5320.0	0.993109
5325.0	0.902965
5330.0	0.868026
5335.0	0.958859
5340.0	0.965612
5345.0	0.959239
5350.0	0.981415
5355.0	1.062754
5360.0	1.072180
5365.0	1.000986
5370.0	0.934830
5375.0	0.986449
5380.0	1.030323
5385.0	1.007470
5390.0	0.958775
5395.0	0.912387
5400.0	0.910058
5405.0	0.868558
5410.0	0.901525
5415.0	0.991939
5420.0	1.015935
5425.0	1.000328
5430.0	0.957164
5435.0	0.936923
5440.0	1.005725
5445.0	0.998892
5450.0	0.990006
5455.0	0.981319
5460.0	1.003834
5465.0	0.995171
5470.0	0.989041
5475.0	0.949886
5480.0	0.936291
5485.0	0.965402
5490.0	0.976013
5495.0	1.000412
5500.0	1.014150
5505.0	0.984398
5510.0	0.968062
5515.0	0.962034
5520.0	1.004599
5525.0	1.001959
5530.0	0.988371
5535.0	0.996970
5540.0	1.009464
5545.0	1.034999
5550.0	1.054514
5555.0	1.046078
5560.0	1.024436
5565.0	1.008144
5570.0	0.994844
5575.0	1.017183
5580.0	1.024579
5585.0	0.976528
5590.0	0.933258
5595.0	0.967324
5600.0	0.989658
5605.0	1.018428
5610.0	1.066116
5615.0	1.019775
5620.0	0.984489
5625.0	0.991803
5630.0	1.009393
5635.0	1.026483
5640.0	1.008596
5645.0	1.005154
5650.0	1.023535
5655.0	1.003424
5660.0	0.971514
5665.0	0.989775
5670.0	1.019158
5675.0	1.063975
5680.0	1.061299
5685.0	1.025049
5690.0	1.025282
5695.0	1.042710
5700.0	1.007729
5705.0	0.960781
5710.0	0.944259
5715.0	0.998695
5720.0	1.061878
5725.0	1.088158
5730.0	1.062956
5735.0	1.067422
5740.0	1.072120
5745.0	1.062332
5750.0	1.050062
5755.0	1.032000
5760.0	1.037419
5765.0	1.065028
5770.0	1.099525
5775.0	1.074989
5780.0	1.015654
5785.0	0.965189
5790.0	1.013355
5795.0	1.055410
5800.0	1.075834
5805.0	1.076585
5810.0	1.072619
5815.0	1.083956
5820.0	1.110566
5825.0	1.124575
5830.0	1.124292
5835.0	1.104862
5840.0	1.108976
5845.0	1.106932
5850.0	1.092907
5855.0	1.056159
5860.0	1.045750
5865.0	1.076173
5870.0	1.098562
5875.0	1.106068
5880.0	1.065063
5885.0	0.994044
5890.0	0.843807
5895.0	0.837082
5900.0	0.967200
5905.0	1.058268
5910.0	1.085619
5915.0	1.067479
5920.0	1.068747
5925.0	1.086932
5930.0	1.082563
5935.0	1.081614
5940.0	1.077586
5945.0	1.075787
5950.0	1.075365
5955.0	1.066559
5960.0	1.085958
5965.0	1.099569
5970.0	1.110215
5975.0	1.088196
5980.0	1.068585
5985.0	1.051336
5990.0	1.070658
5995.0	1.078305
6000.0	1.071527
6005.0	1.061902
6010.0	1.051039
6015.0	1.035315
6020.0	1.031606
6025.0	1.067792
6030.0	1.093990
6035.0	1.107576
6040.0	1.101591
6045.0	1.112166
6050.0	1.119796
6055.0	1.095227
6060.0	1.082465
6065.0	1.078096
6070.0	1.103481
6075.0	1.103036
6080.0	1.070365
6085.0	1.055808
6090.0	1.044459
6095.0	1.052465
6100.0	1.050427
6105.0	1.047933
6110.0	1.069822
6115.0	1.086520
6120.0	1.042793
6125.0	1.038678
6130.0	1.045899
6135.0	1.006461
6140.0	1.003108
6145.0	1.042115
6150.0	1.052369
6155.0	1.041857
6160.0	0.998668
6165.0	0.986182
6170.0	0.995493
6175.0	1.034707
6180.0	1.070632
6185.0	1.061466
6190.0	1.018365
6195.0	1.043146
6200.0	1.073773
6205.0	1.081839
6210.0	1.074053
6215.0	1.013472
6220.0	0.993851
6225.0	1.010374
6230.0	1.009852
6235.0	1.019784
6240.0	1.021687
6245.0	1.000664
6250.0	1.012970
6255.0	0.959310
6260.0	0.949053
6265.0	0.995730
6270.0	1.024106
6275.0	1.025903
6280.0	1.008646
6285.0	1.025490
6290.0	1.055710
6295.0	1.025306
6300.0	1.002384
6305.0	1.015233
6310.0	1.034373
6315.0	1.005314
6320.0	0.989266
6325.0	1.036638
6330.0	1.053415
6335.0	1.037963
6340.0	1.014430
6345.0	1.026459
6350.0	1.045668
6355.0	1.022181
6360.0	0.977298
6365.0	0.986120
6370.0	1.048564
6375.0	1.071282
6380.0	1.059875
6385.0	1.069787
6390.0	1.065772
6395.0	1.038160
6400.0	1.027447
6405.0	1.047340
6410.0	1.037514
6415.0	1.037172
6420.0	1.034951
6425.0	1.056994
6430.0	1.055632
6435.0	1.045599
6440.0	1.051138
6445.0	1.065186
6450.0	1.025944
6455.0	1.032427
6460.0	1.064372
6465.0	1.050267
6470.0	1.056244
6475.0	1.062956
6480.0	1.059551
6485.0	1.052316
6490.0	1.034041
6495.0	0.950164
6500.0	0.960014
6505.0	1.031008
6510.0	1.066260
6515.0	1.071947
6520.0	1.066135
6525.0	1.071413
6530.0	1.056780
6535.0	1.061359
6540.0	1.078624
6545.0	1.059601
6550.0	1.046146
6555.0	1.019068
6560.0	0.970622
6565.0	0.967220
6570.0	1.021300
6575.0	1.031672
6580.0	1.052455
6585.0	1.066485
6590.0	1.063917
6595.0	1.033649
6600.0	1.059138
6605.0	1.054421
6610.0	1.042019
6615.0	1.078417
6620.0	1.091859
6625.0	1.073923
6630.0	1.044014
6635.0	1.038935
6640.0	1.054399
6645.0	1.050992
6650.0	1.062202
6655.0	1.074355
6660.0	1.061142
6665.0	1.030350
6670.0	1.041237
6675.0	1.047611
6680.0	1.038743
6685.0	1.073230
6690.0	1.082734
6695.0	1.064365
6700.0	1.042842
6705.0	1.036982
6710.0	1.022269
6715.0	1.014475
6720.0	1.035051
6725.0	1.060961
6730.0	1.064687
6735.0	1.057645
6740.0	1.036874
6745.0	1.028505
6750.0	1.030783
6755.0	1.039711
6760.0	1.067174
6765.0	1.048002
6770.0	1.029537
6775.0	1.052431
6780.0	1.062666
6785.0	1.041155
6790.0	1.047774
6795.0	1.043551
6800.0	1.043744
6805.0	1.048780
6810.0	1.045207
6815.0	1.044506
6820.0	1.047577
6825.0	1.053908
6830.0	1.047126
6835.0	1.042527
6840.0	1.033666
6845.0	1.036874
6850.0	1.041446
6855.0	1.036311
6860.0	1.033683
6865.0	1.039964
6870.0	1.043751
6875.0	1.034344
6880.0	1.033875
6885.0	1.036473
6890.0	1.042289
6895.0	1.040433
6900.0	1.038697
6905.0	1.037708
6910.0	1.034305
6915.0	1.026554
6920.0	1.031887
6925.0	1.022746
6930.0	1.023980
6935.0	1.023292
6940.0	1.024571
6945.0	1.015445
6950.0	1.014345
6955.0	1.008981
6960.0	1.020122
6965.0	1.018802
6970.0	1.012507
6975.0	0.986428
6980.0	0.956390
6985.0	0.998478
6990.0	1.010185
6995.0	1.011707
7000.0	0.989557
7005.0	0.977008
7010.0	0.985501
7015.0	0.968873
7020.0	0.968763
7025.0	0.965798
7030.0	0.978267
7035.0	0.985789
7040.0	0.997028
7045.0	1.028200
7050.0	1.022798
7055.0	1.013099
7060.0	1.012335
7065.0	0.994466
7070.0	0.992602
7075.0	1.021012
7080.0	1.024914
7085.0	0.983558
7090.0	0.968613
7095.0	0.977734
7100.0	0.993987
7105.0	0.987280
7110.0	0.964775
7115.0	0.970925
7120.0	0.968593
7125.0	0.965454
7130.0	0.959560
7135.0	0.970585
7140.0	0.980916
7145.0	0.970648
7150.0	0.961804
7155.0	0.975469
7160.0	0.977260
7165.0	0.957364
7170.0	0.954867
7175.0	0.953986
7180.0	0.935968
7185.0	0.905478
7190.0	0.887244
7195.0	0.904934
7200.0	0.926181
7205.0	0.929504
7210.0	0.936944
7215.0	0.962622
7220.0	0.975026
7225.0	0.973003
7230.0	0.972565
7235.0	0.962483
7240.0	0.963200
7245.0	0.959324
7250.0	0.957619
7255.0	0.951208
7260.0	0.948939
7265.0	0.947007
7270.0	0.955651
7275.0	0.941410
7280.0	0.937345
7285.0	0.924358
7290.0	0.911102
7295.0	0.921900
7300.0	0.947663
7305.0	0.940318
7310.0	0.939620
7315.0	0.938240
7320.0	0.939930
7325.0	0.943360
7330.0	0.942437
7335.0	0.957568
7340.0	0.973536
7345.0	0.966004
7350.0	0.952744
7355.0	0.930000
7360.0	0.936608
7365.0	0.937601
7370.0	0.957688
7375.0	0.981377
7380.0	0.981957
7385.0	0.946937
7390.0	0.923089
7395.0	0.954064
7400.0	0.964860
7405.0	0.969777
7410.0	0.958940
7415.0	0.932499
7420.0	0.927525
7425.0	0.964233
7430.0	0.980425
7435.0	0.983111
7440.0	0.973071
7445.0	0.960534
7450.0	0.975323
7455.0	0.987991
7460.0	0.972410
7465.0	0.966578
7470.0	0.977650
7475.0	0.967035
7480.0	0.969960
7485.0	0.974962
7490.0	0.970248
7495.0	0.951418
7500.0	0.966132
7505.0	0.974539
7510.0	0.971588
7515.0	0.985508
7520.0	0.991357
7525.0	0.976654
7530.0	0.976565
7535.0	0.991504
7540.0	0.996465
7545.0	0.990964
7550.0	0.987857
7555.0	0.985741
7560.0	0.987725
7565.0	0.986748
7570.0	0.982438
7575.0	0.985775
7580.0	0.984953
7585.0	0.978050
7590.0	0.983358
7595.0	0.989465
7600.0	0.988972
7605.0	0.987374
7610.0	0.978435
7615.0	0.972831
7620.0	0.974258
7625.0	0.984001
7630.0	0.984881
7635.0	0.985332
7640.0	0.985953
7645.0	0.989743
7650.0	0.980777
7655.0	0.970599
7660.0	0.964176
7665.0	0.966342
7670.0	0.976388
7675.0	0.984764
7680.0	0.986045
7685.0	0.985518
7690.0	0.980292
7695.0	0.978622
7700.0	0.976231
7705.0	0.978789
7710.0	0.971517
7715.0	0.960380
7720.0	0.970557
7725.0	0.968215
7730.0	0.974050
7735.0	0.987956
7740.0	0.992723
7745.0	0.965951
7750.0	0.947837
7755.0	0.977141
7760.0	0.997475
7765.0	0.992634
7770.0	0.992138
7775.0	0.988896
7780.0	0.980433
7785.0	0.978096
7790.0	0.974077
7795.0	0.974836
7800.0	0.969870
7805.0	0.974124
7810.0	0.970850
7815.0	0.982491
7820.0	0.995335
7825.0	0.997406
7830.0	0.984048
7835.0	0.958013
7840.0	0.966749
7845.0	0.978398
7850.0	0.970523
7855.0	0.963453
7860.0	0.973813
7865.0	0.981532
7870.0	0.969010
7875.0	0.949142
7880.0	0.943126
7885.0	0.949122
7890.0	0.952605
7895.0	0.924640
7900.0	0.923166
7905.0	0.935845
7910.0	0.922674
7915.0	0.903917
7920.0	0.903276
7925.0	0.918484
7930.0	0.920306
7935.0	0.911736
7940.0	0.901991
7945.0	0.894899
7950.0	0.905887
7955.0	0.917028
7960.0	0.923577
7965.0	0.933203
7970.0	0.937388
7975.0	0.942758
7980.0	0.935768
7985.0	0.942948
7990.0	0.936767
7995.0	0.920878
8000.0	0.916997
8005.0	0.929194
8010.0	0.939176
8015.0	0.949386
8020.0	0.947536
8025.0	0.912202
8030.0	0.906208
8035.0	0.950694
8040.0	0.950655
8045.0	0.912136
8050.0	0.901775
8055.0	0.925210
8060.0	0.941760
8065.0	0.928299
8070.0	0.893671
8075.0	0.889478
8080.0	0.897506
8085.0	0.893161
8090.0	0.882432
8095.0	0.862534
8100.0	0.864387
8105.0	0.872674
8110.0	0.871648
8115.0	0.862555
8120.0	0.860929
8125.0	0.869422
8130.0	0.872551
8135.0	0.872842
8140.0	0.870999
8145.0	0.861428
8150.0	0.858589
8155.0	0.863066
8160.0	0.859404
8165.0	0.844952
8170.0	0.847749
8175.0	0.856585
8180.0	0.856414
8185.0	0.848855
8190.0	0.848884
8195.0	0.845151
8200.0	0.839630
8205.0	0.852622
8210.0	0.868324
8215.0	0.879329
8220.0	0.867427
8225.0	0.861152
8230.0	0.846658
8235.0	0.848378
8240.0	0.866938
8245.0	0.877932
8250.0	0.882789
8255.0	0.872074
8260.0	0.873845
8265.0	0.885897
8270.0	0.885647
8275.0	0.871208
8280.0	0.864299
8285.0	0.865739
8290.0	0.867748
8295.0	0.862231
8300.0	0.859447
8305.0	0.854084
8310.0	0.841494
8315.0	0.855119
8320.0	0.863458
8325.0	0.857551
8330.0	0.852010
8335.0	0.849302
8340.0	0.852735
8345.0	0.852085
8350.0	0.858811
8355.0	0.867604
8360.0	0.864590
8365.0	0.861989
8370.0	0.868841
8375.0	0.872013
8380.0	0.863984
8385.0	0.847559
8390.0	0.847635
8395.0	0.866233
8400.0	0.878042
8405.0	0.881804
8410.0	0.880813
8415.0	0.873942
8420.0	0.864115
8425.0	0.853169
8430.0	0.864120
8435.0	0.846759
8440.0	0.842579
8445.0	0.862540
8450.0	0.874555
8455.0	0.884586
8460.0	0.880607
8465.0	0.865455
8470.0	0.854915
8475.0	0.881020
8480.0	0.885007
8485.0	0.887166
8490.0	0.878283
8495.0	0.807365
8500.0	0.739983
8505.0	0.813933
8510.0	0.865026
8515.0	0.833841
8520.0	0.823038
8525.0	0.833543
8530.0	0.836808
8535.0	0.803201
8540.0	0.684488
8545.0	0.616843
8550.0	0.717000
8555.0	0.789790
8560.0	0.831719
8565.0	0.842186
8570.0	0.834586
8575.0	0.830431
8580.0	0.829224
8585.0	0.820827
8590.0	0.824549
8595.0	0.846355
8600.0	0.824508
8605.0	0.843048
8610.0	0.831048
8615.0	0.832537
8620.0	0.846223
8625.0	0.847827
8630.0	0.854368
8635.0	0.860225
8640.0	0.863460
8645.0	0.851455
8650.0	0.834537
8655.0	0.799210
8660.0	0.669410
8665.0	0.656857
8670.0	0.759720
8675.0	0.797665
8680.0	0.811325
8685.0	0.812931
8690.0	0.800103
8695.0	0.831516
8700.0	0.833611
8705.0	0.835171
8710.0	0.837724
8715.0	0.845623
8720.0	0.863008
8725.0	0.857959
8730.0	0.848256
8735.0	0.843962
8740.0	0.841109
8745.0	0.845883
8750.0	0.841273
8755.0	0.846508
8760.0	0.855210
8765.0	0.841498
8770.0	0.842052
8775.0	0.836431
8780.0	0.851195
8785.0	0.858790
8790.0	0.849516
8795.0	0.840671
8800.0	0.838057
8805.0	0.795534
8810.0	0.797778
8815.0	0.848924
8820.0	0.834570
8825.0	0.837496
8830.0	0.854525
8835.0	0.852272
8840.0	0.843044
8845.0	0.858425
8850.0	0.868585
8855.0	0.869763
8860.0	0.855681
8865.0	0.841641
8870.0	0.853950
8875.0	0.859491
8880.0	0.854381
8885.0	0.869381
8890.0	0.871041
8895.0	0.866889
8900.0	0.872611
8905.0	0.877492
8910.0	0.873779
8915.0	0.863552
8920.0	0.859305
8925.0	0.844619
8930.0	0.846038
8935.0	0.839961
8940.0	0.850038
8945.0	0.833918
8950.0	0.826385
8955.0	0.840382
8960.0	0.843443
8965.0	0.841339
8970.0	0.843199
8975.0	0.839360
8980.0	0.817647
8985.0	0.827800
8990.0	0.792793
8995.0	0.819226
9000.0	0.816232
9005.0	0.794767
9010.0	0.800623
9015.0	0.781687
9020.0	0.784333
9025.0	0.793792
9030.0	0.804041
9035.0	0.844198
9040.0	0.848779
9045.0	0.863327
9050.0	0.844398
9055.0	0.834453
9060.0	0.842077
9065.0	0.827657
9070.0	0.808366
9075.0	0.799196
9080.0	0.794177
9085.0	0.763898
9090.0	0.761576
9095.0	0.763160
9100.0	0.780720
9105.0	0.779069
9110.0	0.778488
9115.0	0.797659
9120.0	0.759050
9125.0	0.765936
9130.0	0.788172
9135.0	0.771168
9140.0	0.752207
9145.0	0.749240
9150.0	0.737556
9155.0	0.721944
9160.0	0.742833
9165.0	0.748884
9170.0	0.727979
9175.0	0.688612
9180.0	0.704026
9185.0	0.728469
9190.0	0.730944
9195.0	0.719719
9200.0	0.721150
9205.0	0.724532
9210.0	0.726876
9215.0	0.713081
9220.0	0.714357
9225.0	0.724017
9230.0	0.725882
9235.0	0.726337
9240.0	0.717269
9245.0	0.723543
9250.0	0.724558
9255.0	0.734457
9260.0	0.726573
9265.0	0.737994
9270.0	0.748433
9275.0	0.751309
9280.0	0.742872
9285.0	0.734159
9290.0	0.737666
9295.0	0.738948
9300.0	0.739394
9305.0	0.741669
9310.0	0.730093
9315.0	0.726812
9320.0	0.708757
9325.0	0.714620
9330.0	0.708917
9335.0	0.713952
9340.0	0.705106
9345.0	0.682276
9350.0	0.703588
9355.0	0.691204
9360.0	0.685235
9365.0	0.719867
9370.0	0.710045
9375.0	0.706446
9380.0	0.718172
9385.0	0.723120
9390.0	0.748727
9395.0	0.782916
9400.0	0.766708
9405.0	0.756833
9410.0	0.744292
9415.0	0.729576
9420.0	0.730763
9425.0	0.728959
9430.0	0.705886
9435.0	0.726171
9440.0	0.703912
9445.0	0.686766
9450.0	0.719972
9455.0	0.713738
9460.0	0.701911
9465.0	0.714739
9470.0	0.711899
9475.0	0.717368
9480.0	0.721263
9485.0	0.721569
9490.0	0.739514
9495.0	0.720153
9500.0	0.707447
9505.0	0.714049
9510.0	0.744902
9515.0	0.754182
9520.0	0.696599
9525.0	0.707419
9530.0	0.737619
9535.0	0.735109
9540.0	0.726374
9545.0	0.712945
9550.0	0.713890
9555.0	0.716387
9560.0	0.714489
9565.0	0.716202
9570.0	0.711642
9575.0	0.714504
9580.0	0.716084
9585.0	0.716048
9590.0	0.697408
9595.0	0.703020
9600.0	0.726012
9605.0	0.697024
9610.0	0.710590
9615.0	0.713390
9620.0	0.709197
9625.0	0.702239
9630.0	0.707671
9635.0	0.704172
9640.0	0.685738
9645.0	0.694519
9650.0	0.687449
9655.0	0.699596
9660.0	0.698084
9665.0	0.688559
9670.0	0.691988
9675.0	0.691759
9680.0	0.688428
9685.0	0.697024
9690.0	0.701409
9695.0	0.701543
9700.0	0.704811
9705.0	0.696053
9710.0	0.693859
9715.0	0.698680
9720.0	0.695193
9725.0	0.695139
9730.0	0.693072
9735.0	0.686482
9740.0	0.673569
9745.0	0.681038
9750.0	0.670726
9755.0	0.684635
9760.0	0.690928
9765.0	0.693036
9770.0	0.687645
9775.0	0.689650
9780.0	0.699954
9785.0	0.688172
9790.0	0.681320
9795.0	0.690930
9800.0	0.694106
9805.0	0.697317
9810.0	0.702918
9815.0	0.699636
9820.0	0.690958
9825.0	0.682235
9830.0	0.717522
9835.0	0.708868
9840.0	0.692491
9845.0	0.700792
9850.0	0.693675
9855.0	0.696665
9860.0	0.710612
9865.0	0.691117
9870.0	0.689114
9875.0	0.699829
9880.0	0.710170
9885.0	0.693681
9890.0	0.698787
9895.0	0.681236
9900.0	0.716720
9905.0	0.692477
9910.0	0.665378
9915.0	0.683222
9920.0	0.693869
9925.0	0.703734
9930.0	0.686028
9935.0	0.697803
9940.0	0.689057
9945.0	0.699028
9950.0	0.694288
9955.0	0.703458
9960.0	0.696589
9965.0	0.700149
9970.0	0.688593
9975.0	0.704204
9980.0	0.731828
9985.0	0.696101
9990.0	0.702750
9995.0	0.715819
10000.0	0.697174
10005.0	0.701402
10010.0	0.692986
10015.0	0.688245
10020.0	0.719783
10025.0	0.696368
10030.0	0.698662
10035.0	0.701920
10040.0	0.692737
10045.0	0.689308
10050.0	0.697853
10055.0	0.681342
10060.0	0.676778
10065.0	0.707740
10070.0	0.691434
10075.0	0.683131
10080.0	0.681919
10085.0	0.680820
10090.0	0.681986
10095.0	0.688580
10100.0	0.678337
10105.0	0.689488
10110.0	0.691780
10115.0	0.699255
10120.0	0.694237
10125.0	0.693068
10130.0	0.691996
10135.0	0.693702
10140.0	0.676833
10145.0	0.675995
10150.0	0.675247
10155.0	0.674601
10160.0	0.674057
10165.0	0.673614
10170.0	0.673271
10175.0	0.673028
10180.0	0.672884
10185.0	0.672836
10190.0	0.672885
10195.0	0.673029
10200.0	0.673267
10205.0	0.673595
10210.0	0.673995
10215.0	0.674445
10220.0	0.674924
10225.0	0.675412
10230.0	0.675886
10235.0	0.676326
10240.0	0.676711
10245.0	0.677018
10250.0	0.677228
10255.0	0.677323
10260.0	0.677308
10265.0	0.677191
10270.0	0.676981
10275.0	0.676686
10280.0	0.676317
10285.0	0.675880
10290.0	0.675385
10295.0	0.674842
10300.0	0.674257
10305.0	0.673641
10310.0	0.672996
10315.0	0.672328
10320.0	0.671640
10325.0	0.670937
10330.0	0.670222
10335.0	0.669499
10340.0	0.668773
10345.0	0.668048
10350.0	0.667327
10355.0	0.666614
10360.0	0.665915
10365.0	0.665235
10370.0	0.664577
10375.0	0.663947
10380.0	0.663350
10385.0	0.662791
10390.0	0.662274
10395.0	0.661804
10400.0	0.661386
10405.0	0.661024
10410.0	0.660713
10415.0	0.660447
10420.0	0.660222
10425.0	0.660032
10430.0	0.659871
10435.0	0.659733
10440.0	0.659613
10445.0	0.659506
10450.0	0.659406
10455.0	0.659308
10460.0	0.659211
10465.0	0.659114
10470.0	0.659018
10475.0	0.658921
10480.0	0.658823
10485.0	0.658724
10490.0	0.658624
10495.0	0.658521
10500.0	0.658416
10505.0	0.658308
10510.0	0.658197
10515.0	0.658083
10520.0	0.657966
10525.0	0.657846
10530.0	0.657723
10535.0	0.657597
10540.0	0.657468
10545.0	0.657337
10550.0	0.657202
10555.0	0.657065
10560.0	0.656925
10565.0	0.656781
10570.0	0.656635
10575.0	0.656486
10580.0	0.656335
10585.0	0.656180
10590.0	0.656023
10595.0	0.655862
10600.0	0.655699
10605.0	0.655533
10610.0	0.655365
10615.0	0.655193
10620.0	0.655019
