#-- k3i
#\*l[Angstrom]	F(\*l)/F(555.6Angstrom]
1150.0	0.000000
1155.0	0.000000
1160.0	0.000000
1165.0	0.000000
1170.0	0.000000
1175.0	0.000000
1180.0	0.000000
1185.0	0.000000
1190.0	0.000000
1195.0	0.000000
1200.0	0.000000
1205.0	0.000000
1210.0	0.000000
1215.0	0.000000
1220.0	0.000000
1225.0	0.000000
1230.0	0.000000
1235.0	0.000000
1240.0	0.000000
1245.0	0.000000
1250.0	0.000000
1255.0	0.000000
1260.0	0.000000
1265.0	0.000000
1270.0	0.000000
1275.0	0.000000
1280.0	0.000000
1285.0	0.000000
1290.0	0.000000
1295.0	0.000000
1300.0	0.000000
1305.0	0.000000
1310.0	0.000000
1315.0	0.000000
1320.0	0.000000
1325.0	0.000000
1330.0	0.000000
1335.0	0.000000
1340.0	0.000000
1345.0	0.000000
1350.0	0.000000
1355.0	0.000000
1360.0	0.000000
1365.0	0.000000
1370.0	0.000000
1375.0	0.000000
1380.0	0.000000
1385.0	0.000000
1390.0	0.000000
1395.0	0.000000
1400.0	0.000000
1405.0	0.000000
1410.0	0.000000
1415.0	0.000000
1420.0	0.000000
1425.0	0.000000
1430.0	0.000000
1435.0	0.000000
1440.0	0.000000
1445.0	0.000000
1450.0	0.000000
1455.0	0.000000
1460.0	0.000000
1465.0	0.000000
1470.0	0.000000
1475.0	0.000000
1480.0	0.000000
1485.0	0.000000
1490.0	0.000000
1495.0	0.000000
1500.0	0.000000
1505.0	0.000000
1510.0	0.000000
1515.0	0.000000
1520.0	0.000000
1525.0	0.000000
1530.0	0.000000
1535.0	0.000000
1540.0	0.000000
1545.0	0.000000
1550.0	0.000000
1555.0	0.000000
1560.0	0.000000
1565.0	0.000000
1570.0	0.000000
1575.0	0.000000
1580.0	0.000000
1585.0	0.000000
1590.0	0.000000
1595.0	0.000000
1600.0	0.000000
1605.0	0.000000
1610.0	0.000000
1615.0	0.000000
1620.0	0.000000
1625.0	0.000000
1630.0	0.000000
1635.0	0.000000
1640.0	0.000000
1645.0	0.000000
1650.0	0.000000
1655.0	0.000000
1660.0	0.000000
1665.0	0.000000
1670.0	0.000000
1675.0	0.000000
1680.0	0.000000
1685.0	0.000000
1690.0	0.000000
1695.0	0.000000
1700.0	0.000000
1705.0	0.000000
1710.0	0.000000
1715.0	0.000000
1720.0	0.000000
1725.0	0.000000
1730.0	0.000000
1735.0	0.000000
1740.0	0.000000
1745.0	0.000000
1750.0	0.000000
1755.0	0.000000
1760.0	0.000000
1765.0	0.000000
1770.0	0.000000
1775.0	0.000000
1780.0	0.000000
1785.0	0.000000
1790.0	0.000000
1795.0	0.000000
1800.0	0.000000
1805.0	0.000000
1810.0	0.000000
1815.0	0.000000
1820.0	0.000000
1825.0	0.000000
1830.0	0.000000
1835.0	0.000000
1840.0	0.000000
1845.0	0.000000
1850.0	0.000000
1855.0	0.000000
1860.0	0.000000
1865.0	0.000000
1870.0	0.000000
1875.0	0.000000
1880.0	0.000000
1885.0	0.000000
1890.0	0.000000
1895.0	0.000000
1900.0	0.000000
1905.0	0.000000
1910.0	0.000000
1915.0	0.000000
1920.0	0.000000
1925.0	0.000000
1930.0	0.000000
1935.0	0.000000
1940.0	0.000000
1945.0	0.000000
1950.0	0.000000
1955.0	0.000000
1960.0	0.000000
1965.0	0.000000
1970.0	0.000000
1975.0	0.000000
1980.0	0.000000
1985.0	0.000000
1990.0	0.000000
1995.0	0.000000
2000.0	0.000000
2005.0	0.000000
2010.0	0.000000
2015.0	0.000000
2020.0	0.000000
2025.0	0.000000
2030.0	0.000000
2035.0	0.000000
2040.0	0.000000
2045.0	0.000000
2050.0	0.000000
2055.0	0.000000
2060.0	0.000000
2065.0	0.000000
2070.0	0.000000
2075.0	0.000000
2080.0	0.000000
2085.0	0.000000
2090.0	0.000000
2095.0	0.000000
2100.0	0.000000
2105.0	0.000000
2110.0	0.000000
2115.0	0.000000
2120.0	0.000000
2125.0	0.000000
2130.0	0.000000
2135.0	0.000000
2140.0	0.000000
2145.0	0.000000
2150.0	0.000000
2155.0	0.000000
2160.0	0.000000
2165.0	0.000000
2170.0	0.000000
2175.0	0.000000
2180.0	0.000000
2185.0	0.000000
2190.0	0.000000
2195.0	0.000000
2200.0	0.000000
2205.0	0.000000
2210.0	0.000000
2215.0	0.000000
2220.0	0.000000
2225.0	0.000000
2230.0	0.000000
2235.0	0.000000
2240.0	0.000000
2245.0	0.000000
2250.0	0.000000
2255.0	0.000000
2260.0	0.000000
2265.0	0.000000
2270.0	0.000000
2275.0	0.000000
2280.0	0.000000
2285.0	0.000000
2290.0	0.000000
2295.0	0.000000
2300.0	0.000000
2305.0	0.000000
2310.0	0.000000
2315.0	0.000000
2320.0	0.000000
2325.0	0.000001
2330.0	0.000001
2335.0	0.000001
2340.0	0.000000
2345.0	0.000000
2350.0	0.000000
2355.0	0.000000
2360.0	0.000000
2365.0	0.000000
2370.0	0.000000
2375.0	0.000000
2380.0	0.000000
2385.0	0.000000
2390.0	0.000000
2395.0	0.000000
2400.0	0.000000
2405.0	0.000001
2410.0	0.000003
2415.0	0.000005
2420.0	0.000006
2425.0	0.000007
2430.0	0.000008
2435.0	0.000008
2440.0	0.000006
2445.0	0.000004
2450.0	0.000000
2455.0	0.000000
2460.0	0.000000
2465.0	0.000000
2470.0	0.000000
2475.0	0.000000
2480.0	0.000000
2485.0	0.000000
2490.0	0.000000
2495.0	0.000000
2500.0	0.000000
2505.0	0.000020
2510.0	0.000043
2515.0	0.000067
2520.0	0.000088
2525.0	0.000104
2530.0	0.000111
2535.0	0.000107
2540.0	0.000089
2545.0	0.000055
2550.0	0.000000
2555.0	0.000000
2560.0	0.000000
2565.0	0.000000
2570.0	0.000000
2575.0	0.000000
2580.0	0.000000
2585.0	0.000000
2590.0	0.000000
2595.0	0.000000
2600.0	0.000000
2605.0	0.000283
2610.0	0.000634
2615.0	0.001035
2620.0	0.001469
2625.0	0.001920
2630.0	0.002370
2635.0	0.002802
2640.0	0.003200
2645.0	0.003545
2650.0	0.003822
2655.0	0.004017
2660.0	0.004138
2665.0	0.004196
2670.0	0.004203
2675.0	0.004171
2680.0	0.004110
2685.0	0.004034
2690.0	0.003952
2695.0	0.003878
2700.0	0.003822
2705.0	0.003794
2710.0	0.003795
2715.0	0.003825
2720.0	0.003883
2725.0	0.003969
2730.0	0.004080
2735.0	0.004218
2740.0	0.004380
2745.0	0.004567
2750.0	0.004777
2755.0	0.005009
2760.0	0.005255
2765.0	0.005506
2770.0	0.005754
2775.0	0.005990
2780.0	0.006206
2785.0	0.006392
2790.0	0.006540
2795.0	0.006642
2800.0	0.006688
2805.0	0.006674
2810.0	0.006608
2815.0	0.006503
2820.0	0.006372
2825.0	0.006227
2830.0	0.006081
2835.0	0.005946
2840.0	0.005834
2845.0	0.005759
2850.0	0.005732
2855.0	0.005764
2860.0	0.005850
2865.0	0.005983
2870.0	0.006156
2875.0	0.006363
2880.0	0.006595
2885.0	0.006846
2890.0	0.007110
2895.0	0.007378
2900.0	0.007643
2905.0	0.007901
2910.0	0.008147
2915.0	0.008382
2920.0	0.008602
2925.0	0.008808
2930.0	0.008996
2935.0	0.009167
2940.0	0.009318
2945.0	0.009447
2950.0	0.009554
2955.0	0.009638
2960.0	0.009706
2965.0	0.009763
2970.0	0.009819
2975.0	0.009879
2980.0	0.009952
2985.0	0.010044
2990.0	0.010163
2995.0	0.010315
3000.0	0.010510
3005.0	0.010750
3010.0	0.011035
3015.0	0.011359
3020.0	0.011717
3025.0	0.012105
3030.0	0.012519
3035.0	0.012953
3040.0	0.013402
3045.0	0.013864
3050.0	0.014331
3055.0	0.014801
3060.0	0.015274
3065.0	0.015747
3070.0	0.016223
3075.0	0.016700
3080.0	0.017179
3085.0	0.017659
3090.0	0.018141
3095.0	0.018624
3100.0	0.019108
3105.0	0.019593
3110.0	0.020072
3115.0	0.020540
3120.0	0.020989
3125.0	0.021413
3130.0	0.021805
3135.0	0.022160
3140.0	0.022470
3145.0	0.022729
3150.0	0.022930
3155.0	0.023069
3160.0	0.023154
3165.0	0.023192
3170.0	0.023193
3175.0	0.023166
3180.0	0.023120
3185.0	0.023065
3190.0	0.023009
3195.0	0.022961
3200.0	0.022930
3205.0	0.022924
3210.0	0.022944
3215.0	0.022987
3220.0	0.023054
3225.0	0.023144
3230.0	0.023254
3235.0	0.023384
3240.0	0.023534
3245.0	0.023701
3250.0	0.023885
3255.0	0.024084
3260.0	0.024287
3265.0	0.024486
3270.0	0.024668
3275.0	0.024824
3280.0	0.024944
3285.0	0.025015
3290.0	0.025029
3295.0	0.024975
3300.0	0.024841
3305.0	0.024623
3310.0	0.024343
3315.0	0.024024
3320.0	0.023694
3325.0	0.023379
3330.0	0.023104
3335.0	0.022896
3340.0	0.022780
3345.0	0.022783
3350.0	0.022930
3355.0	0.023240
3360.0	0.023703
3365.0	0.024297
3370.0	0.025006
3375.0	0.025808
3380.0	0.026686
3385.0	0.027621
3390.0	0.028593
3395.0	0.029584
3400.0	0.030573
3405.0	0.031546
3410.0	0.032498
3415.0	0.033427
3420.0	0.034332
3425.0	0.035211
3430.0	0.036064
3435.0	0.036887
3440.0	0.037681
3445.0	0.038443
3450.0	0.039172
3455.0	0.039866
3460.0	0.040522
3465.0	0.041136
3470.0	0.041705
3475.0	0.042224
3480.0	0.042690
3485.0	0.043099
3490.0	0.043448
3495.0	0.043732
3500.0	0.043949
3505.0	0.044096
3510.0	0.053723
3515.0	0.055152
3520.0	0.055917
3525.0	0.052334
3530.0	0.056629
3535.0	0.063485
3540.0	0.064219
3545.0	0.058622
3550.0	0.058761
3555.0	0.058750
3560.0	0.054685
3565.0	0.045247
3570.0	0.041421
3575.0	0.037021
3580.0	0.031304
3585.0	0.035406
3590.0	0.046001
3595.0	0.057086
3600.0	0.052901
3605.0	0.045663
3610.0	0.042920
3615.0	0.046380
3620.0	0.051899
3625.0	0.058079
3630.0	0.056227
3635.0	0.059841
3640.0	0.063191
3645.0	0.057881
3650.0	0.060105
3655.0	0.072171
3660.0	0.082063
3665.0	0.080792
3670.0	0.076965
3675.0	0.074731
3680.0	0.069785
3685.0	0.068971
3690.0	0.073444
3695.0	0.080536
3700.0	0.078493
3705.0	0.066318
3710.0	0.064974
3715.0	0.063009
3720.0	0.055919
3725.0	0.055222
3730.0	0.048284
3735.0	0.041971
3740.0	0.043947
3745.0	0.043476
3750.0	0.048388
3755.0	0.055564
3760.0	0.056854
3765.0	0.061969
3770.0	0.072134
3775.0	0.079196
3780.0	0.081150
3785.0	0.073744
3790.0	0.065321
3795.0	0.061534
3800.0	0.064102
3805.0	0.068427
3810.0	0.067050
3815.0	0.056412
3820.0	0.048084
3825.0	0.046131
3830.0	0.046696
3835.0	0.047607
3840.0	0.052474
3845.0	0.059945
3850.0	0.059237
3855.0	0.054304
3860.0	0.053055
3865.0	0.057047
3870.0	0.058411
3875.0	0.056196
3880.0	0.056477
3885.0	0.059961
3890.0	0.068087
3895.0	0.071665
3900.0	0.073591
3905.0	0.077863
3910.0	0.082431
3915.0	0.076502
3920.0	0.063669
3925.0	0.049444
3930.0	0.035212
3935.0	0.033599
3940.0	0.045978
3945.0	0.061375
3950.0	0.075610
3955.0	0.076568
3960.0	0.061485
3965.0	0.044080
3970.0	0.045247
3975.0	0.069473
3980.0	0.096308
3985.0	0.115782
3990.0	0.126849
3995.0	0.134140
4000.0	0.143928
4005.0	0.149664
4010.0	0.157827
4015.0	0.168757
4020.0	0.171582
4025.0	0.166029
4030.0	0.155854
4035.0	0.159871
4040.0	0.165281
4045.0	0.156466
4050.0	0.165662
4055.0	0.162902
4060.0	0.154909
4065.0	0.157150
4070.0	0.163335
4075.0	0.162362
4080.0	0.174331
4085.0	0.201032
4090.0	0.212541
4095.0	0.195447
4100.0	0.178061
4105.0	0.183163
4110.0	0.186127
4115.0	0.181469
4120.0	0.180179
4125.0	0.181942
4130.0	0.171284
4135.0	0.169258
4140.0	0.165237
4145.0	0.162566
4150.0	0.168230
4155.0	0.182879
4160.0	0.197666
4165.0	0.191548
4170.0	0.177145
4175.0	0.170545
4180.0	0.178609
4185.0	0.190084
4190.0	0.194645
4195.0	0.185400
4200.0	0.174186
4205.0	0.186855
4210.0	0.204112
4215.0	0.213868
4220.0	0.208575
4225.0	0.169663
4230.0	0.172635
4235.0	0.200280
4240.0	0.231552
4245.0	0.247494
4250.0	0.229987
4255.0	0.217995
4260.0	0.228355
4265.0	0.245714
4270.0	0.232238
4275.0	0.232412
4280.0	0.243162
4285.0	0.224843
4290.0	0.204965
4295.0	0.208770
4300.0	0.201997
4305.0	0.192487
4310.0	0.221918
4315.0	0.298163
4320.0	0.333705
4325.0	0.319183
4330.0	0.332570
4335.0	0.338807
4340.0	0.329828
4345.0	0.352973
4350.0	0.359312
4355.0	0.370449
4360.0	0.390267
4365.0	0.404095
4370.0	0.389109
4375.0	0.361605
4380.0	0.319543
4385.0	0.290304
4390.0	0.310723
4395.0	0.350939
4400.0	0.362716
4405.0	0.329596
4410.0	0.337180
4415.0	0.352089
4420.0	0.374083
4425.0	0.379635
4430.0	0.380459
4435.0	0.377796
4440.0	0.397049
4445.0	0.420187
4450.0	0.422585
4455.0	0.376595
4460.0	0.345998
4465.0	0.369256
4470.0	0.412203
4475.0	0.463005
4480.0	0.484180
4485.0	0.493583
4490.0	0.474543
4495.0	0.463581
4500.0	0.499664
4505.0	0.546173
4510.0	0.555188
4515.0	0.539935
4520.0	0.515327
4525.0	0.451861
4530.0	0.416393
4535.0	0.443269
4540.0	0.472798
4545.0	0.485726
4550.0	0.489717
4555.0	0.510068
4560.0	0.535962
4565.0	0.542502
4570.0	0.547987
4575.0	0.544319
4580.0	0.533071
4585.0	0.549587
4590.0	0.552141
4595.0	0.529075
4600.0	0.523175
4605.0	0.560440
4610.0	0.617230
4615.0	0.648316
4620.0	0.655019
4625.0	0.649475
4630.0	0.632908
4635.0	0.589686
4640.0	0.557216
4645.0	0.535162
4650.0	0.554012
4655.0	0.601745
4660.0	0.629633
4665.0	0.573171
4670.0	0.551298
4675.0	0.578397
4680.0	0.592613
4685.0	0.591894
4690.0	0.594982
4695.0	0.614062
4700.0	0.608474
4705.0	0.592973
4710.0	0.585128
4715.0	0.618860
4720.0	0.653113
4725.0	0.629872
4730.0	0.592385
4735.0	0.611692
4740.0	0.637390
4745.0	0.658921
4750.0	0.667531
4755.0	0.647882
4760.0	0.619744
4765.0	0.596813
4770.0	0.611176
4775.0	0.652538
4780.0	0.653635
4785.0	0.617857
4790.0	0.613339
4795.0	0.652511
4800.0	0.678076
4805.0	0.677913
4810.0	0.670763
4815.0	0.696625
4820.0	0.713430
4825.0	0.691224
4830.0	0.669726
4835.0	0.677087
4840.0	0.674683
4845.0	0.679146
4850.0	0.672098
4855.0	0.640940
4860.0	0.602348
4865.0	0.601639
4870.0	0.613259
4875.0	0.636568
4880.0	0.655081
4885.0	0.620040
4890.0	0.627013
4895.0	0.718397
4900.0	0.759628
4905.0	0.746917
4910.0	0.712512
4915.0	0.696016
4920.0	0.654669
4925.0	0.702398
4930.0	0.759619
4935.0	0.713387
4940.0	0.691049
4945.0	0.763159
4950.0	0.811158
4955.0	0.774118
4960.0	0.728286
4965.0	0.718476
4970.0	0.731326
4975.0	0.747981
4980.0	0.702142
4985.0	0.681903
4990.0	0.696656
4995.0	0.703234
5000.0	0.679044
5005.0	0.654927
5010.0	0.645433
5015.0	0.613977
5020.0	0.628554
5025.0	0.679931
5030.0	0.722758
5035.0	0.694028
5040.0	0.635315
5045.0	0.686325
5050.0	0.735933
5055.0	0.784181
5060.0	0.799746
5065.0	0.746598
5070.0	0.710612
5075.0	0.689734
5080.0	0.652786
5085.0	0.686424
5090.0	0.737099
5095.0	0.737332
5100.0	0.707404
5105.0	0.683699
5110.0	0.674725
5115.0	0.724434
5120.0	0.725184
5125.0	0.659344
5130.0	0.660331
5135.0	0.696781
5140.0	0.693884
5145.0	0.658430
5150.0	0.637286
5155.0	0.697503
5160.0	0.728095
5165.0	0.589905
5170.0	0.495618
5175.0	0.562919
5180.0	0.615397
5185.0	0.640406
5190.0	0.679684
5195.0	0.697386
5200.0	0.699739
5205.0	0.618828
5210.0	0.625127
5215.0	0.732702
5220.0	0.769111
5225.0	0.719718
5230.0	0.736963
5235.0	0.806066
5240.0	0.849695
5245.0	0.799357
5250.0	0.739653
5255.0	0.777651
5260.0	0.783682
5265.0	0.685895
5270.0	0.652989
5275.0	0.754869
5280.0	0.849870
5285.0	0.901252
5290.0	0.924868
5295.0	0.852649
5300.0	0.817866
5305.0	0.911428
5310.0	0.971207
5315.0	0.959419
5320.0	0.911792
5325.0	0.818911
5330.0	0.795576
5335.0	0.878863
5340.0	0.896367
5345.0	0.888169
5350.0	0.919032
5355.0	1.010843
5360.0	1.036861
5365.0	0.963790
5370.0	0.892819
5375.0	0.948813
5380.0	0.988701
5385.0	0.954560
5390.0	0.899945
5395.0	0.860586
5400.0	0.844208
5405.0	0.819752
5410.0	0.852773
5415.0	0.954747
5420.0	0.988292
5425.0	0.975242
5430.0	0.917687
5435.0	0.894885
5440.0	0.960380
5445.0	0.956823
5450.0	0.949545
5455.0	0.930033
5460.0	0.952321
5465.0	0.954789
5470.0	0.944617
5475.0	0.900684
5480.0	0.891886
5485.0	0.922013
5490.0	0.950050
5495.0	0.970845
5500.0	0.969261
5505.0	0.943656
5510.0	0.920605
5515.0	0.932521
5520.0	0.991633
5525.0	0.999339
5530.0	0.988848
5535.0	0.994576
5540.0	1.025380
5545.0	1.040033
5550.0	1.067369
5555.0	1.059269
5560.0	1.038826
5565.0	1.010189
5570.0	1.010497
5575.0	1.040643
5580.0	1.043634
5585.0	0.982013
5590.0	0.935610
5595.0	0.967234
5600.0	0.984692
5605.0	1.040876
5610.0	1.079211
5615.0	1.024599
5620.0	0.995701
5625.0	0.986456
5630.0	1.025255
5635.0	1.020590
5640.0	0.998838
5645.0	1.008031
5650.0	1.029131
5655.0	1.016092
5660.0	0.978771
5665.0	0.993603
5670.0	1.028610
5675.0	1.080099
5680.0	1.074734
5685.0	1.046924
5690.0	1.056447
5695.0	1.059076
5700.0	1.011788
5705.0	0.965919
5710.0	0.943538
5715.0	1.028646
5720.0	1.103597
5725.0	1.109071
5730.0	1.090327
5735.0	1.095878
5740.0	1.090011
5745.0	1.089727
5750.0	1.076831
5755.0	1.081137
5760.0	1.094836
5765.0	1.119446
5770.0	1.140820
5775.0	1.113446
5780.0	1.041093
5785.0	0.998793
5790.0	1.042197
5795.0	1.096587
5800.0	1.143091
5805.0	1.138478
5810.0	1.134762
5815.0	1.137349
5820.0	1.172623
5825.0	1.186696
5830.0	1.190552
5835.0	1.179039
5840.0	1.190884
5845.0	1.181214
5850.0	1.137356
5855.0	1.095244
5860.0	1.095630
5865.0	1.113108
5870.0	1.148917
5875.0	1.151884
5880.0	1.111993
5885.0	1.027238
5890.0	0.843580
5895.0	0.836949
5900.0	0.962126
5905.0	1.075476
5910.0	1.123168
5915.0	1.107781
5920.0	1.110675
5925.0	1.119359
5930.0	1.127094
5935.0	1.134892
5940.0	1.119673
5945.0	1.134644
5950.0	1.128975
5955.0	1.117664
5960.0	1.150074
5965.0	1.175225
5970.0	1.201222
5975.0	1.167824
5980.0	1.133233
5985.0	1.126826
5990.0	1.156381
5995.0	1.165609
6000.0	1.148649
6005.0	1.127072
6010.0	1.116238
6015.0	1.104432
6020.0	1.113644
6025.0	1.157105
6030.0	1.189397
6035.0	1.212662
6040.0	1.219401
6045.0	1.241401
6050.0	1.242330
6055.0	1.207399
6060.0	1.187775
6065.0	1.191900
6070.0	1.248937
6075.0	1.246978
6080.0	1.191927
6085.0	1.161966
6090.0	1.147983
6095.0	1.165395
6100.0	1.167727
6105.0	1.163342
6110.0	1.186123
6115.0	1.185093
6120.0	1.151217
6125.0	1.142321
6130.0	1.149284
6135.0	1.068852
6140.0	1.088025
6145.0	1.156532
6150.0	1.163960
6155.0	1.148362
6160.0	1.065581
6165.0	1.040514
6170.0	1.056623
6175.0	1.104627
6180.0	1.145249
6185.0	1.122843
6190.0	1.063917
6195.0	1.089860
6200.0	1.121561
6205.0	1.149550
6210.0	1.108859
6215.0	1.029286
6220.0	1.005264
6225.0	1.019175
6230.0	1.008972
6235.0	1.046527
6240.0	1.008966
6245.0	1.009145
6250.0	1.025387
6255.0	0.958256
6260.0	0.968567
6265.0	1.037439
6270.0	1.069543
6275.0	1.072213
6280.0	1.055599
6285.0	1.095777
6290.0	1.128776
6295.0	1.077186
6300.0	1.066362
6305.0	1.105500
6310.0	1.127201
6315.0	1.092903
6320.0	1.098527
6325.0	1.149164
6330.0	1.177381
6335.0	1.154644
6340.0	1.148287
6345.0	1.163313
6350.0	1.187583
6355.0	1.132505
6360.0	1.070768
6365.0	1.116114
6370.0	1.208055
6375.0	1.228210
6380.0	1.218017
6385.0	1.229238
6390.0	1.206387
6395.0	1.191121
6400.0	1.194219
6405.0	1.217367
6410.0	1.212491
6415.0	1.199341
6420.0	1.191661
6425.0	1.220814
6430.0	1.204986
6435.0	1.216320
6440.0	1.237585
6445.0	1.249549
6450.0	1.198557
6455.0	1.229419
6460.0	1.241830
6465.0	1.227728
6470.0	1.239786
6475.0	1.236114
6480.0	1.215455
6485.0	1.224308
6490.0	1.186354
6495.0	1.048719
6500.0	1.067048
6505.0	1.177602
6510.0	1.239034
6515.0	1.252617
6520.0	1.251654
6525.0	1.257597
6530.0	1.248345
6535.0	1.261052
6540.0	1.275534
6545.0	1.243183
6550.0	1.213645
6555.0	1.171887
6560.0	1.093373
6565.0	1.115684
6570.0	1.190094
6575.0	1.199676
6580.0	1.238826
6585.0	1.260950
6590.0	1.250942
6595.0	1.220050
6600.0	1.247694
6605.0	1.227104
6610.0	1.223309
6615.0	1.282805
6620.0	1.297716
6625.0	1.266561
6630.0	1.246363
6635.0	1.244931
6640.0	1.258430
6645.0	1.248861
6650.0	1.257537
6655.0	1.258560
6660.0	1.235261
6665.0	1.211526
6670.0	1.238476
6675.0	1.230152
6680.0	1.222325
6685.0	1.260157
6690.0	1.270550
6695.0	1.255529
6700.0	1.247724
6705.0	1.237031
6710.0	1.223193
6715.0	1.195700
6720.0	1.215296
6725.0	1.237434
6730.0	1.240036
6735.0	1.228109
6740.0	1.196023
6745.0	1.184026
6750.0	1.182558
6755.0	1.219004
6760.0	1.258566
6765.0	1.230816
6770.0	1.211176
6775.0	1.251493
6780.0	1.264994
6785.0	1.226095
6790.0	1.230444
6795.0	1.232450
6800.0	1.250891
6805.0	1.249310
6810.0	1.242470
6815.0	1.249002
6820.0	1.265589
6825.0	1.270216
6830.0	1.254022
6835.0	1.249686
6840.0	1.240403
6845.0	1.249680
6850.0	1.255045
6855.0	1.244152
6860.0	1.242971
6865.0	1.260895
6870.0	1.259638
6875.0	1.251306
6880.0	1.254784
6885.0	1.260143
6890.0	1.270304
6895.0	1.265583
6900.0	1.264707
6905.0	1.266549
6910.0	1.256893
6915.0	1.254782
6920.0	1.261848
6925.0	1.248734
6930.0	1.247323
6935.0	1.250221
6940.0	1.251642
6945.0	1.240275
6950.0	1.242592
6955.0	1.243192
6960.0	1.252460
6965.0	1.259407
6970.0	1.256724
6975.0	1.217108
6980.0	1.187338
6985.0	1.242201
6990.0	1.256014
6995.0	1.258388
7000.0	1.239122
7005.0	1.235231
7010.0	1.247126
7015.0	1.216747
7020.0	1.232602
7025.0	1.233066
7030.0	1.258173
7035.0	1.278766
7040.0	1.301035
7045.0	1.345110
7050.0	1.329428
7055.0	1.285898
7060.0	1.274693
7065.0	1.233175
7070.0	1.247911
7075.0	1.304828
7080.0	1.301169
7085.0	1.228733
7090.0	1.197544
7095.0	1.197673
7100.0	1.196598
7105.0	1.193942
7110.0	1.179904
7115.0	1.197693
7120.0	1.191404
7125.0	1.155003
7130.0	1.128071
7135.0	1.151852
7140.0	1.164645
7145.0	1.163284
7150.0	1.156307
7155.0	1.176789
7160.0	1.179724
7165.0	1.171614
7170.0	1.178237
7175.0	1.171883
7180.0	1.143285
7185.0	1.109247
7190.0	1.092164
7195.0	1.119190
7200.0	1.134457
7205.0	1.137285
7210.0	1.150812
7215.0	1.176797
7220.0	1.200454
7225.0	1.204843
7230.0	1.215452
7235.0	1.208588
7240.0	1.191187
7245.0	1.189271
7250.0	1.183623
7255.0	1.175640
7260.0	1.171405
7265.0	1.174113
7270.0	1.190243
7275.0	1.185083
7280.0	1.165143
7285.0	1.148511
7290.0	1.127281
7295.0	1.160013
7300.0	1.177284
7305.0	1.169091
7310.0	1.163706
7315.0	1.164530
7320.0	1.159169
7325.0	1.157381
7330.0	1.167110
7335.0	1.186126
7340.0	1.205239
7345.0	1.191125
7350.0	1.170214
7355.0	1.128242
7360.0	1.132495
7365.0	1.153456
7370.0	1.198213
7375.0	1.227903
7380.0	1.224350
7385.0	1.173322
7390.0	1.158690
7395.0	1.185045
7400.0	1.205491
7405.0	1.223723
7410.0	1.192563
7415.0	1.159652
7420.0	1.159165
7425.0	1.189348
7430.0	1.217302
7435.0	1.218084
7440.0	1.199952
7445.0	1.190620
7450.0	1.215069
7455.0	1.225448
7460.0	1.201944
7465.0	1.214632
7470.0	1.216494
7475.0	1.200051
7480.0	1.204101
7485.0	1.200990
7490.0	1.195475
7495.0	1.180781
7500.0	1.216734
7505.0	1.221717
7510.0	1.215883
7515.0	1.235443
7520.0	1.241542
7525.0	1.227737
7530.0	1.236065
7535.0	1.255910
7540.0	1.255955
7545.0	1.249043
7550.0	1.250636
7555.0	1.244528
7560.0	1.244722
7565.0	1.246028
7570.0	1.242190
7575.0	1.244135
7580.0	1.240729
7585.0	1.233699
7590.0	1.246621
7595.0	1.255108
7600.0	1.254670
7605.0	1.249808
7610.0	1.243467
7615.0	1.230217
7620.0	1.236260
7625.0	1.251450
7630.0	1.254167
7635.0	1.253195
7640.0	1.254663
7645.0	1.254754
7650.0	1.248790
7655.0	1.235521
7660.0	1.222095
7665.0	1.224710
7670.0	1.247329
7675.0	1.251987
7680.0	1.252764
7685.0	1.252638
7690.0	1.247320
7695.0	1.238814
7700.0	1.244765
7705.0	1.246954
7710.0	1.229356
7715.0	1.225617
7720.0	1.231823
7725.0	1.230043
7730.0	1.243095
7735.0	1.272420
7740.0	1.278402
7745.0	1.228302
7750.0	1.198416
7755.0	1.252645
7760.0	1.281715
7765.0	1.280926
7770.0	1.269719
7775.0	1.270787
7780.0	1.262422
7785.0	1.247960
7790.0	1.244034
7795.0	1.254033
7800.0	1.250473
7805.0	1.262500
7810.0	1.261329
7815.0	1.282739
7820.0	1.294715
7825.0	1.295911
7830.0	1.273764
7835.0	1.243156
7840.0	1.262399
7845.0	1.276721
7850.0	1.265887
7855.0	1.258410
7860.0	1.276380
7865.0	1.287330
7870.0	1.279011
7875.0	1.244035
7880.0	1.220069
7885.0	1.225194
7890.0	1.233934
7895.0	1.183292
7900.0	1.172016
7905.0	1.188184
7910.0	1.168811
7915.0	1.140609
7920.0	1.138932
7925.0	1.160243
7930.0	1.169786
7935.0	1.155309
7940.0	1.120675
7945.0	1.099972
7950.0	1.115919
7955.0	1.134542
7960.0	1.138382
7965.0	1.152854
7970.0	1.159907
7975.0	1.161103
7980.0	1.156008
7985.0	1.150197
7990.0	1.154908
7995.0	1.131787
8000.0	1.118167
8005.0	1.128943
8010.0	1.139737
8015.0	1.162678
8020.0	1.144595
8025.0	1.073624
8030.0	1.062741
8035.0	1.131319
8040.0	1.142456
8045.0	1.079598
8050.0	1.051225
8055.0	1.085149
8060.0	1.102009
8065.0	1.081554
8070.0	1.038847
8075.0	1.023680
8080.0	1.025868
8085.0	1.030899
8090.0	1.012902
8095.0	0.988191
8100.0	0.984053
8105.0	0.984778
8110.0	0.983578
8115.0	0.974696
8120.0	0.978300
8125.0	0.996583
8130.0	0.995326
8135.0	0.991292
8140.0	0.983886
8145.0	0.973686
8150.0	0.975968
8155.0	0.989625
8160.0	0.976731
8165.0	0.962213
8170.0	0.967720
8175.0	0.970770
8180.0	0.966886
8185.0	0.955551
8190.0	0.957975
8195.0	0.947382
8200.0	0.955903
8205.0	0.949678
8210.0	0.957524
8215.0	0.978108
8220.0	0.990334
8225.0	0.980152
8230.0	0.966460
8235.0	0.972984
8240.0	0.991394
8245.0	1.011853
8250.0	1.017085
8255.0	0.989925
8260.0	0.998802
8265.0	1.016808
8270.0	1.021796
8275.0	0.993922
8280.0	0.988924
8285.0	0.986602
8290.0	0.989081
8295.0	0.983319
8300.0	0.966231
8305.0	0.951577
8310.0	0.943414
8315.0	0.964981
8320.0	0.967784
8325.0	0.956997
8330.0	0.944318
8335.0	0.952235
8340.0	0.959992
8345.0	0.959554
8350.0	0.959647
8355.0	0.969051
8360.0	0.968765
8365.0	0.960020
8370.0	0.979361
8375.0	0.988720
8380.0	0.970071
8385.0	0.933633
8390.0	0.938747
8395.0	0.974564
8400.0	0.986370
8405.0	1.001956
8410.0	0.989045
8415.0	0.980663
8420.0	0.971677
8425.0	0.957251
8430.0	0.969533
8435.0	0.939555
8440.0	0.950824
8445.0	0.978066
8450.0	0.994552
8455.0	1.014207
8460.0	1.015520
8465.0	0.994894
8470.0	0.995036
8475.0	1.034879
8480.0	1.039192
8485.0	1.037829
8490.0	1.010964
8495.0	0.892397
8500.0	0.871276
8505.0	0.963879
8510.0	0.981394
8515.0	0.938945
8520.0	0.953121
8525.0	0.966467
8530.0	0.964255
8535.0	0.889893
8540.0	0.728051
8545.0	0.688632
8550.0	0.787345
8555.0	0.897440
8560.0	0.982603
8565.0	1.007366
8570.0	1.002169
8575.0	1.005275
8580.0	1.010394
8585.0	1.017509
8590.0	1.021330
8595.0	1.028464
8600.0	1.044956
8605.0	1.054455
8610.0	1.042489
8615.0	1.042921
8620.0	1.041821
8625.0	1.059041
8630.0	1.079567
8635.0	1.092507
8640.0	1.098029
8645.0	1.085601
8650.0	1.067728
8655.0	1.008549
8660.0	0.839737
8665.0	0.802028
8670.0	0.876133
8675.0	0.941591
8680.0	1.017012
8685.0	1.024790
8690.0	1.029885
8695.0	1.095400
8700.0	1.076897
8705.0	1.070459
8710.0	1.068787
8715.0	1.079102
8720.0	1.100477
8725.0	1.091391
8730.0	1.070721
8735.0	1.070520
8740.0	1.066127
8745.0	1.067142
8750.0	1.062540
8755.0	1.058671
8760.0	1.058433
8765.0	1.050436
8770.0	1.037819
8775.0	1.055529
8780.0	1.074442
8785.0	1.077037
8790.0	1.061389
8795.0	1.058990
8800.0	1.040161
8805.0	0.987100
8810.0	1.032586
8815.0	1.073478
8820.0	1.049257
8825.0	1.044230
8830.0	1.077976
8835.0	1.058199
8840.0	1.053478
8845.0	1.081149
8850.0	1.097373
8855.0	1.095169
8860.0	1.070249
8865.0	1.048046
8870.0	1.071105
8875.0	1.071027
8880.0	1.069860
8885.0	1.091380
8890.0	1.088527
8895.0	1.089777
8900.0	1.095126
8905.0	1.099041
8910.0	1.093081
8915.0	1.078838
8920.0	1.067466
8925.0	1.056782
8930.0	1.065992
8935.0	1.078813
8940.0	1.091248
8945.0	1.048095
8950.0	1.052955
8955.0	1.094044
8960.0	1.098698
8965.0	1.071658
8970.0	1.059524
8975.0	1.042970
8980.0	1.058223
8985.0	1.046941
8990.0	1.002840
8995.0	1.040383
9000.0	1.022857
9005.0	1.041224
9010.0	1.003735
9015.0	0.957960
9020.0	0.993485
9025.0	1.000015
9030.0	1.058576
9035.0	1.105790
9040.0	1.118180
9045.0	1.130949
9050.0	1.129168
9055.0	1.125837
9060.0	1.102891
9065.0	1.078465
9070.0	1.050946
9075.0	1.052573
9080.0	1.018791
9085.0	0.986051
9090.0	0.943199
9095.0	0.996160
9100.0	1.000995
9105.0	1.000366
9110.0	1.005623
9115.0	0.988712
9120.0	0.977369
9125.0	1.020526
9130.0	1.016691
9135.0	0.988039
9140.0	0.957378
9145.0	0.910978
9150.0	0.913966
9155.0	0.904808
9160.0	0.929361
9165.0	0.922103
9170.0	0.837792
9175.0	0.820015
9180.0	0.872897
9185.0	0.892439
9190.0	0.881253
9195.0	0.870289
9200.0	0.867684
9205.0	0.874046
9210.0	0.863754
9215.0	0.858625
9220.0	0.869103
9225.0	0.887500
9230.0	0.886932
9235.0	0.887558
9240.0	0.879065
9245.0	0.877695
9250.0	0.881992
9255.0	0.897785
9260.0	0.903513
9265.0	0.921329
9270.0	0.934264
9275.0	0.919351
9280.0	0.909527
9285.0	0.915136
9290.0	0.908487
9295.0	0.910985
9300.0	0.916476
9305.0	0.913344
9310.0	0.897315
9315.0	0.880100
9320.0	0.879276
9325.0	0.873451
9330.0	0.889445
9335.0	0.874858
9340.0	0.861365
9345.0	0.837075
9350.0	0.881474
9355.0	0.853104
9360.0	0.866363
9365.0	0.885340
9370.0	0.879199
9375.0	0.894777
9380.0	0.879429
9385.0	0.918577
9390.0	0.954497
9395.0	0.978239
9400.0	0.969287
9405.0	0.959772
9410.0	0.928042
9415.0	0.916741
9420.0	0.921259
9425.0	0.908710
9430.0	0.887513
9435.0	0.909580
9440.0	0.857641
9445.0	0.879267
9450.0	0.905971
9455.0	0.883686
9460.0	0.876410
9465.0	0.911639
9470.0	0.925441
9475.0	0.931135
9480.0	0.902189
9485.0	0.928074
9490.0	0.944780
9495.0	0.895584
9500.0	0.882434
9505.0	0.933614
9510.0	0.960442
9515.0	0.942417
9520.0	0.903395
9525.0	0.922024
9530.0	0.936529
9535.0	0.941182
9540.0	0.925112
9545.0	0.896882
9550.0	0.900827
9555.0	0.909128
9560.0	0.917714
9565.0	0.904797
9570.0	0.906812
9575.0	0.931294
9580.0	0.916660
9585.0	0.917856
9590.0	0.904926
9595.0	0.911041
9600.0	0.909470
9605.0	0.922054
9610.0	0.940010
9615.0	0.937104
9620.0	0.928433
9625.0	0.908660
9630.0	0.936996
9635.0	0.912985
9640.0	0.897739
9645.0	0.904922
9650.0	0.909807
9655.0	0.918659
9660.0	0.904399
9665.0	0.901878
9670.0	0.912125
9675.0	0.901852
9680.0	0.921912
9685.0	0.928381
9690.0	0.920831
9695.0	0.929310
9700.0	0.929603
9705.0	0.928831
9710.0	0.929901
9715.0	0.936370
9720.0	0.930877
9725.0	0.924657
9730.0	0.904998
9735.0	0.904133
9740.0	0.890115
9745.0	0.902877
9750.0	0.910427
9755.0	0.921725
9760.0	0.922741
9765.0	0.919613
9770.0	0.928555
9775.0	0.939593
9780.0	0.922196
9785.0	0.904798
9790.0	0.918461
9795.0	0.944584
9800.0	0.922409
9805.0	0.942389
9810.0	0.947872
9815.0	0.938323
9820.0	0.951841
9825.0	0.940724
9830.0	0.938917
9835.0	0.940516
9840.0	0.957678
9845.0	0.954073
9850.0	0.949335
9855.0	0.957173
9860.0	0.962788
9865.0	0.956643
9870.0	0.955368
9875.0	0.955148
9880.0	0.956547
9885.0	0.955103
9890.0	0.950688
9895.0	0.959486
9900.0	0.952083
9905.0	0.941567
9910.0	0.950044
9915.0	0.946057
9920.0	0.949317
9925.0	0.946488
9930.0	0.936518
9935.0	0.956030
9940.0	0.955818
9945.0	0.951084
9950.0	0.944962
9955.0	0.958674
9960.0	0.965328
9965.0	0.954890
9970.0	0.958025
9975.0	0.943565
9980.0	0.967347
9985.0	0.972330
9990.0	0.955871
9995.0	0.951316
10000.0	0.949995
10005.0	0.957359
10010.0	0.954038
10015.0	0.954343
10020.0	0.948384
10025.0	0.971115
10030.0	0.967582
10035.0	0.939739
10040.0	0.936598
10045.0	0.964022
10050.0	0.973494
10055.0	0.968728
10060.0	0.930762
10065.0	0.949175
10070.0	0.952766
10075.0	0.952765
10080.0	0.940180
10085.0	0.949038
10090.0	0.962275
10095.0	0.957440
10100.0	0.990950
10105.0	0.948858
10110.0	0.968598
10115.0	0.959973
10120.0	0.970585
10125.0	0.960634
10130.0	0.959418
10135.0	0.950973
10140.0	0.955848
10145.0	0.955679
10150.0	0.955414
10155.0	0.955044
10160.0	0.954586
10165.0	0.954064
10170.0	0.953503
10175.0	0.952926
10180.0	0.952357
10185.0	0.951820
10190.0	0.951338
10195.0	0.950936
10200.0	0.950637
10205.0	0.950457
10210.0	0.950381
10215.0	0.950385
10220.0	0.950444
10225.0	0.950535
10230.0	0.950634
10235.0	0.950718
10240.0	0.950762
10245.0	0.950743
10250.0	0.950637
10255.0	0.950426
10260.0	0.950119
10265.0	0.949728
10270.0	0.949269
10275.0	0.948756
10280.0	0.948202
10285.0	0.947621
10290.0	0.947028
10295.0	0.946436
10300.0	0.945860
10305.0	0.945311
10310.0	0.944787
10315.0	0.944286
10320.0	0.943804
10325.0	0.943335
10330.0	0.942878
10335.0	0.942428
10340.0	0.941981
10345.0	0.941534
10350.0	0.941083
10355.0	0.940624
10360.0	0.940159
10365.0	0.939687
10370.0	0.939211
10375.0	0.938731
10380.0	0.938247
10385.0	0.937762
10390.0	0.937276
10395.0	0.936790
10400.0	0.936306
10405.0	0.935823
10410.0	0.935342
10415.0	0.934863
10420.0	0.934385
10425.0	0.933908
10430.0	0.933432
10435.0	0.932956
10440.0	0.932480
10445.0	0.932005
10450.0	0.931529
10455.0	0.931052
10460.0	0.930575
10465.0	0.930097
10470.0	0.929620
10475.0	0.929141
10480.0	0.928663
10485.0	0.928185
10490.0	0.927707
10495.0	0.927229
10500.0	0.926752
10505.0	0.926275
10510.0	0.925798
10515.0	0.925322
10520.0	0.924846
10525.0	0.924371
10530.0	0.923896
10535.0	0.923421
10540.0	0.922947
10545.0	0.922474
10550.0	0.922001
10555.0	0.921528
10560.0	0.921056
10565.0	0.920584
10570.0	0.920112
10575.0	0.919641
10580.0	0.919171
10585.0	0.918701
10590.0	0.918231
10595.0	0.917762
10600.0	0.917293
10605.0	0.916824
10610.0	0.916357
10615.0	0.915889
10620.0	0.915422
