#-- rk3iii
#\*l[Angstrom]	F(\*l)/F(555.6Angstrom]
1150.0	0.000000
1155.0	0.000000
1160.0	0.000000
1165.0	0.000000
1170.0	0.000000
1175.0	0.000000
1180.0	0.000000
1185.0	0.000000
1190.0	0.000000
1195.0	0.000000
1200.0	0.000000
1205.0	0.000000
1210.0	0.000000
1215.0	0.000000
1220.0	0.000000
1225.0	0.000000
1230.0	0.000000
1235.0	0.000000
1240.0	0.000000
1245.0	0.000000
1250.0	0.000000
1255.0	0.000000
1260.0	0.000000
1265.0	0.000000
1270.0	0.000000
1275.0	0.000000
1280.0	0.000000
1285.0	0.000000
1290.0	0.000000
1295.0	0.000000
1300.0	0.000000
1305.0	0.000000
1310.0	0.000000
1315.0	0.000000
1320.0	0.000000
1325.0	0.000000
1330.0	0.000000
1335.0	0.000000
1340.0	0.000000
1345.0	0.000000
1350.0	0.000000
1355.0	0.000000
1360.0	0.000000
1365.0	0.000000
1370.0	0.000000
1375.0	0.000000
1380.0	0.000000
1385.0	0.000000
1390.0	0.000000
1395.0	0.000000
1400.0	0.000000
1405.0	0.000000
1410.0	0.000000
1415.0	0.000000
1420.0	0.000000
1425.0	0.000000
1430.0	0.000000
1435.0	0.000000
1440.0	0.000000
1445.0	0.000000
1450.0	0.000000
1455.0	0.000000
1460.0	0.000000
1465.0	0.000000
1470.0	0.000000
1475.0	0.000000
1480.0	0.000000
1485.0	0.000000
1490.0	0.000000
1495.0	0.000000
1500.0	0.000000
1505.0	0.000000
1510.0	0.000000
1515.0	0.000000
1520.0	0.000000
1525.0	0.000000
1530.0	0.000000
1535.0	0.000000
1540.0	0.000000
1545.0	0.000000
1550.0	0.000000
1555.0	0.000000
1560.0	0.000000
1565.0	0.000000
1570.0	0.000000
1575.0	0.000000
1580.0	0.000000
1585.0	0.000000
1590.0	0.000000
1595.0	0.000000
1600.0	0.000000
1605.0	0.000000
1610.0	0.000000
1615.0	0.000000
1620.0	0.000000
1625.0	0.000000
1630.0	0.000000
1635.0	0.000000
1640.0	0.000000
1645.0	0.000000
1650.0	0.000000
1655.0	0.000000
1660.0	0.000000
1665.0	0.000000
1670.0	0.000000
1675.0	0.000000
1680.0	0.000000
1685.0	0.000000
1690.0	0.000000
1695.0	0.000000
1700.0	0.000000
1705.0	0.000000
1710.0	0.000000
1715.0	0.000000
1720.0	0.000000
1725.0	0.000000
1730.0	0.000000
1735.0	0.000000
1740.0	0.000000
1745.0	0.000000
1750.0	0.000000
1755.0	0.000000
1760.0	0.000000
1765.0	0.000000
1770.0	0.000000
1775.0	0.000000
1780.0	0.000000
1785.0	0.000000
1790.0	0.000000
1795.0	0.000000
1800.0	0.000000
1805.0	0.000000
1810.0	0.000000
1815.0	0.000000
1820.0	0.000000
1825.0	0.000000
1830.0	0.000000
1835.0	0.000000
1840.0	0.000000
1845.0	0.000000
1850.0	0.000000
1855.0	0.000000
1860.0	0.000000
1865.0	0.000000
1870.0	0.000000
1875.0	0.000000
1880.0	0.000000
1885.0	0.000000
1890.0	0.000000
1895.0	0.000000
1900.0	0.000000
1905.0	0.000000
1910.0	0.000000
1915.0	0.000000
1920.0	0.000000
1925.0	0.000000
1930.0	0.000000
1935.0	0.000000
1940.0	0.000000
1945.0	0.000000
1950.0	0.000000
1955.0	0.000000
1960.0	0.000000
1965.0	0.000000
1970.0	0.000000
1975.0	0.000000
1980.0	0.000000
1985.0	0.000000
1990.0	0.000000
1995.0	0.000000
2000.0	0.000000
2005.0	0.000000
2010.0	0.000000
2015.0	0.000000
2020.0	0.000000
2025.0	0.000000
2030.0	0.000000
2035.0	0.000000
2040.0	0.000000
2045.0	0.000000
2050.0	0.000000
2055.0	0.000000
2060.0	0.000000
2065.0	0.000000
2070.0	0.000000
2075.0	0.000000
2080.0	0.000000
2085.0	0.000000
2090.0	0.000000
2095.0	0.000000
2100.0	0.000000
2105.0	0.000000
2110.0	0.000000
2115.0	0.000000
2120.0	0.000000
2125.0	0.000000
2130.0	0.000000
2135.0	0.000000
2140.0	0.000000
2145.0	0.000000
2150.0	0.000000
2155.0	0.000000
2160.0	0.000000
2165.0	0.000000
2170.0	0.000000
2175.0	0.000000
2180.0	0.000000
2185.0	0.000000
2190.0	0.000000
2195.0	0.000000
2200.0	0.000000
2205.0	0.000000
2210.0	0.000000
2215.0	0.000000
2220.0	0.000000
2225.0	0.000000
2230.0	0.000000
2235.0	0.000000
2240.0	0.000000
2245.0	0.000000
2250.0	0.000000
2255.0	0.000000
2260.0	0.000000
2265.0	0.000000
2270.0	0.000000
2275.0	0.000000
2280.0	0.000000
2285.0	0.000000
2290.0	0.000000
2295.0	0.000000
2300.0	0.000000
2305.0	0.000000
2310.0	0.000000
2315.0	0.000000
2320.0	0.000000
2325.0	0.000000
2330.0	0.000000
2335.0	0.000000
2340.0	0.000000
2345.0	0.000000
2350.0	0.000000
2355.0	0.000000
2360.0	0.000000
2365.0	0.000000
2370.0	0.000000
2375.0	0.000000
2380.0	0.000000
2385.0	0.000000
2390.0	0.000000
2395.0	0.000000
2400.0	0.000000
2405.0	0.000000
2410.0	0.000000
2415.0	0.000000
2420.0	0.000000
2425.0	0.000000
2430.0	0.000000
2435.0	0.000000
2440.0	0.000000
2445.0	0.000000
2450.0	0.000000
2455.0	0.000001
2460.0	0.000001
2465.0	0.000002
2470.0	0.000003
2475.0	0.000003
2480.0	0.000003
2485.0	0.000003
2490.0	0.000003
2495.0	0.000002
2500.0	0.000000
2505.0	0.000000
2510.0	0.000000
2515.0	0.000000
2520.0	0.000000
2525.0	0.000000
2530.0	0.000000
2535.0	0.000000
2540.0	0.000000
2545.0	0.000000
2550.0	0.000000
2555.0	0.000008
2560.0	0.000018
2565.0	0.000028
2570.0	0.000037
2575.0	0.000044
2580.0	0.000047
2585.0	0.000045
2590.0	0.000038
2595.0	0.000023
2600.0	0.000000
2605.0	0.000000
2610.0	0.000000
2615.0	0.000000
2620.0	0.000000
2625.0	0.000000
2630.0	0.000000
2635.0	0.000000
2640.0	0.000000
2645.0	0.000000
2650.0	0.000000
2655.0	0.000120
2660.0	0.000270
2665.0	0.000446
2670.0	0.000642
2675.0	0.000854
2680.0	0.001075
2685.0	0.001301
2690.0	0.001527
2695.0	0.001748
2700.0	0.001958
2705.0	0.002154
2710.0	0.002338
2715.0	0.002515
2720.0	0.002690
2725.0	0.002866
2730.0	0.003047
2735.0	0.003239
2740.0	0.003444
2745.0	0.003668
2750.0	0.003915
2755.0	0.004186
2760.0	0.004472
2765.0	0.004761
2770.0	0.005041
2775.0	0.005301
2780.0	0.005528
2785.0	0.005711
2790.0	0.005837
2795.0	0.005895
2800.0	0.005873
2805.0	0.005765
2810.0	0.005591
2815.0	0.005376
2820.0	0.005146
2825.0	0.004927
2830.0	0.004744
2835.0	0.004624
2840.0	0.004592
2845.0	0.004673
2850.0	0.004894
2855.0	0.005271
2860.0	0.005787
2865.0	0.006415
2870.0	0.007130
2875.0	0.007903
2880.0	0.008711
2885.0	0.009525
2890.0	0.010320
2895.0	0.011069
2900.0	0.011746
2905.0	0.012329
2910.0	0.012817
2915.0	0.013214
2920.0	0.013522
2925.0	0.013745
2930.0	0.013886
2935.0	0.013949
2940.0	0.013938
2945.0	0.013854
2950.0	0.013703
2955.0	0.013490
2960.0	0.013230
2965.0	0.012943
2970.0	0.012648
2975.0	0.012362
2980.0	0.012106
2985.0	0.011898
2990.0	0.011755
2995.0	0.011699
3000.0	0.011746
3005.0	0.011912
3010.0	0.012199
3015.0	0.012604
3020.0	0.013126
3025.0	0.013763
3030.0	0.014513
3035.0	0.015373
3040.0	0.016342
3045.0	0.017417
3050.0	0.018597
3055.0	0.019875
3060.0	0.021228
3065.0	0.022627
3070.0	0.024043
3075.0	0.025448
3080.0	0.026814
3085.0	0.028113
3090.0	0.029316
3095.0	0.030395
3100.0	0.031321
3105.0	0.032076
3110.0	0.032677
3115.0	0.033152
3120.0	0.033529
3125.0	0.033833
3130.0	0.034093
3135.0	0.034336
3140.0	0.034590
3145.0	0.034881
3150.0	0.035237
3155.0	0.035675
3160.0	0.036178
3165.0	0.036718
3170.0	0.037265
3175.0	0.068691
3180.0	0.059681
3185.0	0.047855
3190.0	0.039981
3195.0	0.043187
3200.0	0.066919
3205.0	0.085329
3210.0	0.087360
3215.0	0.065490
3220.0	0.042884
3225.0	0.041997
3230.0	0.051761
3235.0	0.056343
3240.0	0.054371
3245.0	0.049423
3250.0	0.050418
3255.0	0.062932
3260.0	0.073819
3265.0	0.070402
3270.0	0.060594
3275.0	0.055329
3280.0	0.057045
3285.0	0.065025
3290.0	0.074422
3295.0	0.080212
3300.0	0.080784
3305.0	0.076656
3310.0	0.073452
3315.0	0.075511
3320.0	0.076917
3325.0	0.072453
3330.0	0.069946
3335.0	0.076408
3340.0	0.082527
3345.0	0.078484
3350.0	0.068729
3355.0	0.060303
3360.0	0.056326
3365.0	0.057834
3370.0	0.061454
3375.0	0.063761
3380.0	0.065524
3385.0	0.068396
3390.0	0.073359
3395.0	0.079916
3400.0	0.082327
3405.0	0.076727
3410.0	0.072004
3415.0	0.076658
3420.0	0.084879
3425.0	0.088539
3430.0	0.084543
3435.0	0.073161
3440.0	0.063077
3445.0	0.062383
3450.0	0.068387
3455.0	0.075839
3460.0	0.080048
3465.0	0.078263
3470.0	0.074970
3475.0	0.074805
3480.0	0.075789
3485.0	0.075414
3490.0	0.075656
3495.0	0.078700
3500.0	0.083066
3505.0	0.086172
3510.0	0.073733
3515.0	0.073220
3520.0	0.065118
3525.0	0.065210
3530.0	0.080227
3535.0	0.091710
3540.0	0.093973
3545.0	0.087513
3550.0	0.079970
3555.0	0.072357
3560.0	0.067506
3565.0	0.060759
3570.0	0.054736
3575.0	0.051368
3580.0	0.043616
3585.0	0.047419
3590.0	0.058042
3595.0	0.070453
3600.0	0.085884
3605.0	0.081256
3610.0	0.068048
3615.0	0.073355
3620.0	0.086385
3625.0	0.100377
3630.0	0.093717
3635.0	0.097286
3640.0	0.109904
3645.0	0.098088
3650.0	0.095245
3655.0	0.124867
3660.0	0.146585
3665.0	0.141190
3670.0	0.135776
3675.0	0.135654
3680.0	0.124043
3685.0	0.113914
3690.0	0.114601
3695.0	0.132815
3700.0	0.142594
3705.0	0.120614
3710.0	0.111047
3715.0	0.105929
3720.0	0.086981
3725.0	0.086299
3730.0	0.081751
3735.0	0.067117
3740.0	0.063635
3745.0	0.061713
3750.0	0.070010
3755.0	0.083139
3760.0	0.081390
3765.0	0.087268
3770.0	0.106881
3775.0	0.125611
3780.0	0.133311
3785.0	0.115787
3790.0	0.091649
3795.0	0.081788
3800.0	0.088896
3805.0	0.102353
3810.0	0.099947
3815.0	0.081101
3820.0	0.059169
3825.0	0.050379
3830.0	0.054589
3835.0	0.059796
3840.0	0.065367
3845.0	0.075721
3850.0	0.078172
3855.0	0.071179
3860.0	0.065504
3865.0	0.070617
3870.0	0.074300
3875.0	0.074627
3880.0	0.078477
3885.0	0.091537
3890.0	0.107712
3895.0	0.119090
3900.0	0.121498
3905.0	0.127220
3910.0	0.135676
3915.0	0.127532
3920.0	0.103141
3925.0	0.093459
3930.0	0.069856
3935.0	0.069580
3940.0	0.094452
3945.0	0.117355
3950.0	0.128091
3955.0	0.132870
3960.0	0.126592
3965.0	0.091748
3970.0	0.080644
3975.0	0.117054
3980.0	0.176968
3985.0	0.220243
3990.0	0.228346
3995.0	0.252745
4000.0	0.261553
4005.0	0.257320
4010.0	0.266219
4015.0	0.281831
4020.0	0.285141
4025.0	0.284842
4030.0	0.265330
4035.0	0.267027
4040.0	0.277984
4045.0	0.256293
4050.0	0.254362
4055.0	0.259890
4060.0	0.256162
4065.0	0.249241
4070.0	0.251697
4075.0	0.259305
4080.0	0.278584
4085.0	0.315718
4090.0	0.331294
4095.0	0.302718
4100.0	0.277283
4105.0	0.285005
4110.0	0.284737
4115.0	0.270940
4120.0	0.267841
4125.0	0.271097
4130.0	0.257272
4135.0	0.251141
4140.0	0.241068
4145.0	0.237648
4150.0	0.233305
4155.0	0.246871
4160.0	0.264288
4165.0	0.252327
4170.0	0.243942
4175.0	0.240354
4180.0	0.256417
4185.0	0.279353
4190.0	0.288551
4195.0	0.269867
4200.0	0.252088
4205.0	0.276093
4210.0	0.298152
4215.0	0.316945
4220.0	0.323029
4225.0	0.268579
4230.0	0.264284
4235.0	0.303960
4240.0	0.350176
4245.0	0.373614
4250.0	0.349987
4255.0	0.333671
4260.0	0.340838
4265.0	0.356473
4270.0	0.340632
4275.0	0.334233
4280.0	0.348847
4285.0	0.342246
4290.0	0.318284
4295.0	0.308430
4300.0	0.285523
4305.0	0.263364
4310.0	0.292318
4315.0	0.396926
4320.0	0.460250
4325.0	0.445941
4330.0	0.457420
4335.0	0.474184
4340.0	0.462176
4345.0	0.479604
4350.0	0.499167
4355.0	0.507980
4360.0	0.520692
4365.0	0.531446
4370.0	0.508631
4375.0	0.476246
4380.0	0.428312
4385.0	0.387219
4390.0	0.413716
4395.0	0.461244
4400.0	0.484955
4405.0	0.451105
4410.0	0.450796
4415.0	0.476010
4420.0	0.504338
4425.0	0.510624
4430.0	0.509281
4435.0	0.508762
4440.0	0.538812
4445.0	0.571946
4450.0	0.585722
4455.0	0.534251
4460.0	0.496712
4465.0	0.534623
4470.0	0.585958
4475.0	0.629949
4480.0	0.636022
4485.0	0.645001
4490.0	0.631151
4495.0	0.619179
4500.0	0.657620
4505.0	0.704430
4510.0	0.717478
4515.0	0.703431
4520.0	0.668965
4525.0	0.596248
4530.0	0.565117
4535.0	0.603025
4540.0	0.634042
4545.0	0.639603
4550.0	0.642658
4555.0	0.666920
4560.0	0.702561
4565.0	0.713791
4570.0	0.714409
4575.0	0.695974
4580.0	0.676474
4585.0	0.695551
4590.0	0.702395
4595.0	0.687208
4600.0	0.696941
4605.0	0.730305
4610.0	0.779441
4615.0	0.807462
4620.0	0.809477
4625.0	0.807111
4630.0	0.785985
4635.0	0.741960
4640.0	0.707566
4645.0	0.680276
4650.0	0.693653
4655.0	0.730663
4660.0	0.757799
4665.0	0.713575
4670.0	0.693393
4675.0	0.714553
4680.0	0.723814
4685.0	0.729412
4690.0	0.726375
4695.0	0.728308
4700.0	0.714547
4705.0	0.709358
4710.0	0.721503
4715.0	0.758578
4720.0	0.795503
4725.0	0.774708
4730.0	0.731848
4735.0	0.756251
4740.0	0.783308
4745.0	0.807675
4750.0	0.812104
4755.0	0.792263
4760.0	0.772050
4765.0	0.755715
4770.0	0.776086
4775.0	0.815319
4780.0	0.823760
4785.0	0.796177
4790.0	0.795794
4795.0	0.828845
4800.0	0.845221
4805.0	0.833137
4810.0	0.835842
4815.0	0.859184
4820.0	0.862971
4825.0	0.839403
4830.0	0.819191
4835.0	0.818418
4840.0	0.809958
4845.0	0.821918
4850.0	0.816436
4855.0	0.777632
4860.0	0.738103
4865.0	0.736750
4870.0	0.743951
4875.0	0.765867
4880.0	0.788994
4885.0	0.756407
4890.0	0.753850
4895.0	0.832864
4900.0	0.868668
4905.0	0.863846
4910.0	0.828553
4915.0	0.814655
4920.0	0.772350
4925.0	0.809490
4930.0	0.866390
4935.0	0.838243
4940.0	0.821340
4945.0	0.876252
4950.0	0.916522
4955.0	0.888852
4960.0	0.855782
4965.0	0.858049
4970.0	0.858964
4975.0	0.866117
4980.0	0.822055
4985.0	0.804944
4990.0	0.820972
4995.0	0.821577
5000.0	0.796372
5005.0	0.761273
5010.0	0.754268
5015.0	0.726275
5020.0	0.745656
5025.0	0.786948
5030.0	0.820274
5035.0	0.808924
5040.0	0.757046
5045.0	0.788754
5050.0	0.824464
5055.0	0.853727
5060.0	0.881648
5065.0	0.841630
5070.0	0.806011
5075.0	0.789975
5080.0	0.752118
5085.0	0.773566
5090.0	0.816576
5095.0	0.814913
5100.0	0.782273
5105.0	0.769505
5110.0	0.762869
5115.0	0.800145
5120.0	0.799718
5125.0	0.739916
5130.0	0.742049
5135.0	0.770311
5140.0	0.759957
5145.0	0.735329
5150.0	0.722245
5155.0	0.753008
5160.0	0.770274
5165.0	0.653597
5170.0	0.576131
5175.0	0.630013
5180.0	0.676471
5185.0	0.702566
5190.0	0.763916
5195.0	0.783005
5200.0	0.801841
5205.0	0.730694
5210.0	0.726526
5215.0	0.817594
5220.0	0.851523
5225.0	0.810080
5230.0	0.817554
5235.0	0.879422
5240.0	0.919307
5245.0	0.878769
5250.0	0.829518
5255.0	0.854489
5260.0	0.850139
5265.0	0.756820
5270.0	0.722408
5275.0	0.811774
5280.0	0.904273
5285.0	0.948447
5290.0	0.973429
5295.0	0.923985
5300.0	0.901325
5305.0	0.975337
5310.0	1.012053
5315.0	0.999604
5320.0	0.955654
5325.0	0.882818
5330.0	0.867361
5335.0	0.935412
5340.0	0.941219
5345.0	0.943636
5350.0	0.971199
5355.0	1.038195
5360.0	1.045426
5365.0	0.991526
5370.0	0.940129
5375.0	0.983527
5380.0	1.011560
5385.0	0.988395
5390.0	0.943485
5395.0	0.905171
5400.0	0.892960
5405.0	0.868388
5410.0	0.895698
5415.0	0.980345
5420.0	1.006697
5425.0	0.995982
5430.0	0.950433
5435.0	0.948304
5440.0	1.008870
5445.0	0.986178
5450.0	0.981388
5455.0	0.969013
5460.0	0.995566
5465.0	0.991809
5470.0	0.974645
5475.0	0.940848
5480.0	0.933652
5485.0	0.955166
5490.0	0.972282
5495.0	0.990914
5500.0	0.990823
5505.0	0.968933
5510.0	0.953844
5515.0	0.959256
5520.0	0.998827
5525.0	1.001363
5530.0	0.993116
5535.0	0.997430
5540.0	1.018748
5545.0	1.027957
5550.0	1.053157
5555.0	1.043815
5560.0	1.023505
5565.0	1.006446
5570.0	1.008208
5575.0	1.032810
5580.0	1.026965
5585.0	0.980112
5590.0	0.943742
5595.0	0.969442
5600.0	0.990483
5605.0	1.036375
5610.0	1.069715
5615.0	1.016212
5620.0	0.987287
5625.0	0.985356
5630.0	1.020112
5635.0	1.020068
5640.0	1.003831
5645.0	1.005072
5650.0	1.014436
5655.0	0.999648
5660.0	0.974727
5665.0	0.995383
5670.0	1.025349
5675.0	1.055877
5680.0	1.059885
5685.0	1.038535
5690.0	1.043390
5695.0	1.043457
5700.0	0.995031
5705.0	0.960813
5710.0	0.951453
5715.0	1.013291
5720.0	1.075870
5725.0	1.093490
5730.0	1.063221
5735.0	1.066615
5740.0	1.067259
5745.0	1.062268
5750.0	1.045643
5755.0	1.042645
5760.0	1.054156
5765.0	1.077583
5770.0	1.093691
5775.0	1.063446
5780.0	0.999953
5785.0	0.968383
5790.0	1.014063
5795.0	1.064482
5800.0	1.090576
5805.0	1.087767
5810.0	1.091122
5815.0	1.103290
5820.0	1.134418
5825.0	1.140325
5830.0	1.141243
5835.0	1.131232
5840.0	1.137702
5845.0	1.128957
5850.0	1.097438
5855.0	1.065113
5860.0	1.069920
5865.0	1.089372
5870.0	1.109628
5875.0	1.104474
5880.0	1.043373
5885.0	0.950054
5890.0	0.805132
5895.0	0.822960
5900.0	0.951072
5905.0	1.047302
5910.0	1.085163
5915.0	1.078743
5920.0	1.081526
5925.0	1.087368
5930.0	1.088709
5935.0	1.087655
5940.0	1.083442
5945.0	1.085748
5950.0	1.085854
5955.0	1.081485
5960.0	1.109069
5965.0	1.115803
5970.0	1.122483
5975.0	1.097966
5980.0	1.073563
5985.0	1.061771
5990.0	1.084474
5995.0	1.091575
6000.0	1.077705
6005.0	1.063452
6010.0	1.056108
6015.0	1.048492
6020.0	1.053802
6025.0	1.082543
6030.0	1.110125
6035.0	1.126559
6040.0	1.130212
6045.0	1.147353
6050.0	1.149183
6055.0	1.121764
6060.0	1.112833
6065.0	1.122004
6070.0	1.155717
6075.0	1.143272
6080.0	1.101419
6085.0	1.085922
6090.0	1.082448
6095.0	1.086956
6100.0	1.079678
6105.0	1.086374
6110.0	1.108466
6115.0	1.096608
6120.0	1.059889
6125.0	1.063369
6130.0	1.075094
6135.0	1.022101
6140.0	1.038036
6145.0	1.074540
6150.0	1.074361
6155.0	1.059663
6160.0	1.012428
6165.0	1.007403
6170.0	1.030073
6175.0	1.067847
6180.0	1.086578
6185.0	1.066797
6190.0	1.032144
6195.0	1.062233
6200.0	1.089692
6205.0	1.097258
6210.0	1.062796
6215.0	1.012238
6220.0	0.997898
6225.0	1.008752
6230.0	0.997735
6235.0	1.021497
6240.0	0.999556
6245.0	0.989269
6250.0	0.997536
6255.0	0.954729
6260.0	0.950198
6265.0	0.992437
6270.0	1.012065
6275.0	1.015548
6280.0	1.014087
6285.0	1.046752
6290.0	1.065932
6295.0	1.034106
6300.0	1.014532
6305.0	1.029869
6310.0	1.042819
6315.0	1.017296
6320.0	1.017126
6325.0	1.055031
6330.0	1.073271
6335.0	1.052793
6340.0	1.041450
6345.0	1.045432
6350.0	1.058500
6355.0	1.020740
6360.0	0.978921
6365.0	1.011124
6370.0	1.073378
6375.0	1.088591
6380.0	1.079037
6385.0	1.084652
6390.0	1.069553
6395.0	1.062757
6400.0	1.054679
6405.0	1.062036
6410.0	1.061874
6415.0	1.062546
6420.0	1.062466
6425.0	1.079999
6430.0	1.065952
6435.0	1.075664
6440.0	1.082023
6445.0	1.074722
6450.0	1.044511
6455.0	1.070098
6460.0	1.077335
6465.0	1.074737
6470.0	1.084574
6475.0	1.081979
6480.0	1.069622
6485.0	1.070193
6490.0	1.035304
6495.0	0.967835
6500.0	0.996318
6505.0	1.056695
6510.0	1.087850
6515.0	1.094089
6520.0	1.091877
6525.0	1.091463
6530.0	1.084299
6535.0	1.095018
6540.0	1.098190
6545.0	1.083233
6550.0	1.058086
6555.0	1.022724
6560.0	0.966456
6565.0	1.012447
6570.0	1.062455
6575.0	1.074509
6580.0	1.088578
6585.0	1.090769
6590.0	1.080015
6595.0	1.072572
6600.0	1.088277
6605.0	1.075234
6610.0	1.075834
6615.0	1.106555
6620.0	1.112395
6625.0	1.093670
6630.0	1.079599
6635.0	1.081543
6640.0	1.089271
6645.0	1.090330
6650.0	1.098152
6655.0	1.096696
6660.0	1.077137
6665.0	1.067319
6670.0	1.080842
6675.0	1.073445
6680.0	1.079410
6685.0	1.105261
6690.0	1.108886
6695.0	1.090985
6700.0	1.080704
6705.0	1.074382
6710.0	1.069059
6715.0	1.061411
6720.0	1.081543
6725.0	1.094558
6730.0	1.090334
6735.0	1.076454
6740.0	1.059324
6745.0	1.052139
6750.0	1.058220
6755.0	1.087204
6760.0	1.104522
6765.0	1.080786
6770.0	1.070370
6775.0	1.095840
6780.0	1.097083
6785.0	1.075794
6790.0	1.081959
6795.0	1.084033
6800.0	1.096632
6805.0	1.095544
6810.0	1.089809
6815.0	1.094688
6820.0	1.102391
6825.0	1.096702
6830.0	1.089621
6835.0	1.086601
6840.0	1.071785
6845.0	1.088404
6850.0	1.096312
6855.0	1.077157
6860.0	1.074774
6865.0	1.100237
6870.0	1.096004
6875.0	1.085077
6880.0	1.092335
6885.0	1.099298
6890.0	1.113466
6895.0	1.106760
6900.0	1.107884
6905.0	1.108821
6910.0	1.092644
6915.0	1.090403
6920.0	1.099743
6925.0	1.077343
6930.0	1.073258
6935.0	1.078270
6940.0	1.078133
6945.0	1.055898
6950.0	1.060586
6955.0	1.060250
6960.0	1.071429
6965.0	1.077677
6970.0	1.074014
6975.0	1.032924
6980.0	1.010196
6985.0	1.046186
6990.0	1.058988
6995.0	1.058442
7000.0	1.040894
7005.0	1.032839
7010.0	1.037374
7015.0	1.018397
7020.0	1.025368
7025.0	1.020850
7030.0	1.039669
7035.0	1.054880
7040.0	1.062671
7045.0	1.083098
7050.0	1.078315
7055.0	1.061029
7060.0	1.066564
7065.0	1.041594
7070.0	1.040166
7075.0	1.072378
7080.0	1.069908
7085.0	1.034396
7090.0	1.013483
7095.0	1.026843
7100.0	1.030525
7105.0	1.018976
7110.0	0.996882
7115.0	1.012609
7120.0	1.013940
7125.0	1.005237
7130.0	0.995172
7135.0	1.023110
7140.0	1.032161
7145.0	1.016940
7150.0	1.006971
7155.0	1.023587
7160.0	1.026469
7165.0	1.014963
7170.0	1.010006
7175.0	0.990002
7180.0	0.956945
7185.0	0.920397
7190.0	0.905633
7195.0	0.929841
7200.0	0.956165
7205.0	0.964921
7210.0	0.986582
7215.0	1.010023
7220.0	1.039268
7225.0	1.041153
7230.0	1.039914
7235.0	1.020147
7240.0	0.993118
7245.0	0.995918
7250.0	0.996953
7255.0	0.990593
7260.0	0.994778
7265.0	0.999307
7270.0	1.003877
7275.0	0.988952
7280.0	0.965739
7285.0	0.960571
7290.0	0.938704
7295.0	0.967754
7300.0	0.989942
7305.0	0.987153
7310.0	0.977541
7315.0	0.984654
7320.0	0.985416
7325.0	0.986966
7330.0	0.995457
7335.0	1.019286
7340.0	1.036915
7345.0	1.025102
7350.0	1.000091
7355.0	0.973911
7360.0	0.974148
7365.0	0.989335
7370.0	1.013908
7375.0	1.032978
7380.0	1.030860
7385.0	0.994656
7390.0	0.976199
7395.0	0.992820
7400.0	1.004050
7405.0	1.015900
7410.0	0.997783
7415.0	0.978339
7420.0	0.973921
7425.0	1.019231
7430.0	1.034193
7435.0	1.026721
7440.0	1.006769
7445.0	1.002601
7450.0	1.018687
7455.0	1.017069
7460.0	0.998551
7465.0	1.021450
7470.0	1.019019
7475.0	1.006848
7480.0	1.001805
7485.0	1.003486
7490.0	0.999101
7495.0	0.993273
7500.0	1.013245
7505.0	1.010961
7510.0	1.007293
7515.0	1.021259
7520.0	1.025238
7525.0	1.019784
7530.0	1.021459
7535.0	1.036708
7540.0	1.037280
7545.0	1.027932
7550.0	1.030733
7555.0	1.022371
7560.0	1.021249
7565.0	1.024967
7570.0	1.018499
7575.0	1.021900
7580.0	1.017248
7585.0	1.005935
7590.0	1.026995
7595.0	1.034914
7600.0	1.020759
7605.0	1.009966
7610.0	1.004410
7615.0	0.991915
7620.0	1.005745
7625.0	1.023933
7630.0	1.024257
7635.0	1.025776
7640.0	1.033146
7645.0	1.031974
7650.0	1.022748
7655.0	0.999054
7660.0	0.981708
7665.0	0.986313
7670.0	1.020199
7675.0	1.029827
7680.0	1.032932
7685.0	1.034180
7690.0	1.022955
7695.0	1.010050
7700.0	1.022205
7705.0	1.027208
7710.0	1.001732
7715.0	0.995326
7720.0	1.006296
7725.0	1.009867
7730.0	1.022645
7735.0	1.036808
7740.0	1.034012
7745.0	0.994962
7750.0	0.974989
7755.0	1.013308
7760.0	1.038458
7765.0	1.047992
7770.0	1.042763
7775.0	1.036788
7780.0	1.029691
7785.0	1.021997
7790.0	1.027320
7795.0	1.023126
7800.0	1.016630
7805.0	1.014688
7810.0	1.017015
7815.0	1.038986
7820.0	1.050294
7825.0	1.050624
7830.0	1.029109
7835.0	1.012788
7840.0	1.029036
7845.0	1.027344
7850.0	1.017898
7855.0	1.020013
7860.0	1.031076
7865.0	1.035637
7870.0	1.018524
7875.0	0.995795
7880.0	0.977645
7885.0	0.987490
7890.0	0.987253
7895.0	0.942239
7900.0	0.937278
7905.0	0.946958
7910.0	0.941613
7915.0	0.928979
7920.0	0.927901
7925.0	0.936137
7930.0	0.944565
7935.0	0.937346
7940.0	0.912983
7945.0	0.909883
7950.0	0.929059
7955.0	0.937475
7960.0	0.945145
7965.0	0.956306
7970.0	0.955460
7975.0	0.955902
7980.0	0.961984
7985.0	0.955182
7990.0	0.971754
7995.0	0.944831
8000.0	0.933789
8005.0	0.948467
8010.0	0.966464
8015.0	0.990026
8020.0	0.978547
8025.0	0.931453
8030.0	0.925032
8035.0	0.975707
8040.0	0.988477
8045.0	0.949560
8050.0	0.931694
8055.0	0.967258
8060.0	0.980907
8065.0	0.958112
8070.0	0.923926
8075.0	0.922947
8080.0	0.927164
8085.0	0.930302
8090.0	0.903639
8095.0	0.896840
8100.0	0.898472
8105.0	0.894545
8110.0	0.893046
8115.0	0.879506
8120.0	0.886263
8125.0	0.901776
8130.0	0.903189
8135.0	0.903218
8140.0	0.889047
8145.0	0.876560
8150.0	0.879880
8155.0	0.895000
8160.0	0.874441
8165.0	0.871109
8170.0	0.865210
8175.0	0.859840
8180.0	0.859134
8185.0	0.860941
8190.0	0.862803
8195.0	0.835295
8200.0	0.850064
8205.0	0.873108
8210.0	0.897111
8215.0	0.913924
8220.0	0.904583
8225.0	0.870419
8230.0	0.860607
8235.0	0.877245
8240.0	0.906422
8245.0	0.935762
8250.0	0.928216
8255.0	0.907117
8260.0	0.918861
8265.0	0.923029
8270.0	0.923616
8275.0	0.894282
8280.0	0.892101
8285.0	0.878324
8290.0	0.877807
8295.0	0.875334
8300.0	0.863059
8305.0	0.851072
8310.0	0.855366
8315.0	0.878299
8320.0	0.879728
8325.0	0.873057
8330.0	0.861313
8335.0	0.864152
8340.0	0.862687
8345.0	0.862243
8350.0	0.874672
8355.0	0.881466
8360.0	0.881016
8365.0	0.878286
8370.0	0.902524
8375.0	0.910475
8380.0	0.883736
8385.0	0.839768
8390.0	0.858452
8395.0	0.897860
8400.0	0.920066
8405.0	0.931797
8410.0	0.915490
8415.0	0.911595
8420.0	0.899851
8425.0	0.890720
8430.0	0.912794
8435.0	0.880275
8440.0	0.886758
8445.0	0.903707
8450.0	0.926026
8455.0	0.935745
8460.0	0.930337
8465.0	0.908098
8470.0	0.916710
8475.0	0.941758
8480.0	0.948853
8485.0	0.954732
8490.0	0.925256
8495.0	0.794698
8500.0	0.793120
8505.0	0.877162
8510.0	0.900446
8515.0	0.868937
8520.0	0.863441
8525.0	0.865253
8530.0	0.880496
8535.0	0.822890
8540.0	0.697311
8545.0	0.672464
8550.0	0.714092
8555.0	0.804617
8560.0	0.889145
8565.0	0.905417
8570.0	0.886010
8575.0	0.886690
8580.0	0.886877
8585.0	0.888133
8590.0	0.888528
8595.0	0.890516
8600.0	0.904286
8605.0	0.905564
8610.0	0.900107
8615.0	0.905961
8620.0	0.899721
8625.0	0.916202
8630.0	0.927281
8635.0	0.939795
8640.0	0.944644
8645.0	0.932071
8650.0	0.929178
8655.0	0.905671
8660.0	0.783040
8665.0	0.746013
8670.0	0.750811
8675.0	0.809131
8680.0	0.878772
8685.0	0.876637
8690.0	0.885770
8695.0	0.940616
8700.0	0.893008
8705.0	0.918748
8710.0	0.909729
8715.0	0.934394
8720.0	0.949070
8725.0	0.930806
8730.0	0.915347
8735.0	0.922996
8740.0	0.921594
8745.0	0.917740
8750.0	0.913774
8755.0	0.913933
8760.0	0.914084
8765.0	0.903237
8770.0	0.890435
8775.0	0.912894
8780.0	0.928931
8785.0	0.928126
8790.0	0.901026
8795.0	0.908111
8800.0	0.883368
8805.0	0.828781
8810.0	0.903132
8815.0	0.921247
8820.0	0.886598
8825.0	0.899703
8830.0	0.925727
8835.0	0.895673
8840.0	0.904741
8845.0	0.926835
8850.0	0.933981
8855.0	0.927759
8860.0	0.899846
8865.0	0.891249
8870.0	0.932335
8875.0	0.915838
8880.0	0.916798
8885.0	0.939183
8890.0	0.938030
8895.0	0.939059
8900.0	0.942107
8905.0	0.928209
8910.0	0.915353
8915.0	0.918698
8920.0	0.920726
8925.0	0.920102
8930.0	0.917439
8935.0	0.913836
8940.0	0.910393
8945.0	0.908034
8950.0	0.906972
8955.0	0.907244
8960.0	0.908888
8965.0	0.911608
8970.0	0.913786
8975.0	0.913468
8980.0	0.908704
8985.0	0.898528
8990.0	0.885919
8995.0	0.874840
9000.0	0.869256
9005.0	0.876683
9010.0	0.882288
9015.0	0.890826
9020.0	0.901229
9025.0	0.912295
9030.0	0.922313
9035.0	0.929441
9040.0	0.931837
9045.0	0.928330
9050.0	0.920424
9055.0	0.910309
9060.0	0.900236
9065.0	0.891987
9070.0	0.885404
9075.0	0.879845
9080.0	0.874669
9085.0	0.869412
9090.0	0.864326
9095.0	0.859843
9100.0	0.856394
9105.0	0.854125
9110.0	0.852039
9115.0	0.848857
9120.0	0.843297
9125.0	0.834561
9130.0	0.823778
9135.0	0.812561
9140.0	0.802522
9145.0	0.794918
9150.0	0.789577
9155.0	0.785958
9160.0	0.783449
9165.0	0.781561
9170.0	0.780362
9175.0	0.780059
9180.0	0.780859
9185.0	0.782845
9190.0	0.785604
9195.0	0.788598
9200.0	0.791289
9205.0	0.793243
9210.0	0.794427
9215.0	0.794913
9220.0	0.794773
9225.0	0.794055
9230.0	0.792721
9235.0	0.790708
9240.0	0.787958
9245.0	0.784632
9250.0	0.781797
9255.0	0.780742
9260.0	0.782753
9265.0	0.788534
9270.0	0.796455
9275.0	0.804306
9280.0	0.809876
9285.0	0.811451
9290.0	0.809302
9295.0	0.804199
9300.0	0.796910
9305.0	0.788425
9310.0	0.780611
9315.0	0.775558
9320.0	0.775356
9325.0	0.781095
9330.0	0.789888
9335.0	0.797845
9340.0	0.801083
9345.0	0.796996
9350.0	0.788111
9355.0	0.778239
9360.0	0.771185
9365.0	0.769892
9370.0	0.773839
9375.0	0.781644
9380.0	0.791923
9385.0	0.803009
9390.0	0.812108
9395.0	0.816142
9400.0	0.812032
9405.0	0.798043
9410.0	0.777809
9415.0	0.756309
9420.0	0.738520
9425.0	0.728312
9430.0	0.725132
9435.0	0.727322
9440.0	0.733222
9445.0	0.741203
9450.0	0.749754
9455.0	0.757396
9460.0	0.762646
9465.0	0.764466
9470.0	0.763604
9475.0	0.761255
9480.0	0.758612
9485.0	0.756760
9490.0	0.756340
9495.0	0.757882
9500.0	0.761917
9505.0	0.768615
9510.0	0.776701
9515.0	0.784540
9520.0	0.790497
9525.0	0.793355
9530.0	0.793580
9535.0	0.792054
9540.0	0.789661
9545.0	0.787123
9550.0	0.784510
9555.0	0.781730
9560.0	0.778679
9565.0	0.775293
9570.0	0.771680
9575.0	0.767991
9580.0	0.764377
9585.0	0.761017
9590.0	0.758195
9595.0	0.756226
9600.0	0.755421
9605.0	0.755915
9610.0	0.757122
9615.0	0.758276
9620.0	0.758612
9625.0	0.757560
9630.0	0.755334
9635.0	0.752345
9640.0	0.749002
9645.0	0.745801
9650.0	0.743570
9655.0	0.743213
9660.0	0.745597
9665.0	0.751047
9670.0	0.757764
9675.0	0.763419
9680.0	0.765682
9685.0	0.763011
9690.0	0.757023
9695.0	0.750122
9700.0	0.744712
9705.0	0.742591
9710.0	0.743129
9715.0	0.745089
9720.0	0.747234
9725.0	0.748604
9730.0	0.749352
9735.0	0.749904
9740.0	0.750692
9745.0	0.752017
9750.0	0.753679
9755.0	0.755345
9760.0	0.756645
9765.0	0.757331
9770.0	0.757680
9775.0	0.758099
9780.0	0.758996
9785.0	0.760665
9790.0	0.762947
9795.0	0.765572
9800.0	0.768266
9805.0	0.770779
9810.0	0.772936
9815.0	0.774583
9820.0	0.775566
9825.0	0.775795
9830.0	0.775435
9835.0	0.774718
9840.0	0.773874
9845.0	0.773105
9850.0	0.772497
9855.0	0.772106
9860.0	0.771997
9865.0	0.772199
9870.0	0.772590
9875.0	0.773012
9880.0	0.773306
9885.0	0.773345
9890.0	0.773124
9895.0	0.772672
9900.0	0.772013
9905.0	0.771208
9910.0	0.770448
9915.0	0.769956
9920.0	0.769956
9925.0	0.770610
9930.0	0.771833
9935.0	0.773476
9940.0	0.775392
9945.0	0.777421
9950.0	0.779351
9955.0	0.780958
9960.0	0.782023
9965.0	0.782406
9970.0	0.782289
9975.0	0.781936
9980.0	0.781608
9985.0	0.781484
9990.0	0.781404
9995.0	0.781121
10000.0	0.780392
10005.0	0.779042
10010.0	0.777186
10015.0	0.775009
10020.0	0.772697
10025.0	0.770439
10030.0	0.768442
10035.0	0.766915
10040.0	0.766068
10045.0	0.766007
10050.0	0.766425
10055.0	0.766908
10060.0	0.767027
10065.0	0.766493
10070.0	0.765595
10075.0	0.764767
10080.0	0.764444
10085.0	0.764904
10090.0	0.765798
10095.0	0.766620
10100.0	0.766864
10105.0	0.766162
10110.0	0.764695
10115.0	0.762781
10120.0	0.760738
10125.0	0.758866
10130.0	0.757394
10135.0	0.756533
10140.0	0.756492
10145.0	0.757371
10150.0	0.758819
10155.0	0.760375
10160.0	0.761577
10165.0	0.762034
10170.0	0.761632
10175.0	0.760327
10180.0	0.758074
10185.0	0.754942
10190.0	0.751454
10195.0	0.748246
10200.0	0.745953
10205.0	0.745030
10210.0	0.745205
10215.0	0.746023
10220.0	0.747032
10225.0	0.747856
10230.0	0.748435
10235.0	0.748788
10240.0	0.748934
10245.0	0.748915
10250.0	0.748874
10255.0	0.748973
10260.0	0.749375
10265.0	0.750178
10270.0	0.751232
10275.0	0.752325
10280.0	0.753247
10285.0	0.753820
10290.0	0.753999
10295.0	0.753772
10300.0	0.753127
10305.0	0.752091
10310.0	0.750839
10315.0	0.749584
10320.0	0.748540
10325.0	0.747885
10330.0	0.747666
10335.0	0.747895
10340.0	0.748584
10345.0	0.749669
10350.0	0.750789
10355.0	0.751503
10360.0	0.751363
10365.0	0.750121
10370.0	0.748341
10375.0	0.746789
10380.0	0.746232
10385.0	0.747182
10390.0	0.749130
10395.0	0.751314
10400.0	0.752971
10405.0	0.753532
10410.0	0.753206
10415.0	0.752394
10420.0	0.751500
10425.0	0.750827
10430.0	0.750291
10435.0	0.749708
10440.0	0.748893
10445.0	0.747754
10450.0	0.746553
10455.0	0.745639
10460.0	0.745350
10465.0	0.745899
10470.0	0.746995
10475.0	0.748227
10480.0	0.749181
10485.0	0.749546
10490.0	0.749421
10495.0	0.749005
10500.0	0.748500
10505.0	0.748045
10510.0	0.747545
10515.0	0.746846
10520.0	0.745790
10525.0	0.744359
10530.0	0.743070
10535.0	0.742576
10540.0	0.743532
10545.0	0.746229
10550.0	0.749524
10555.0	0.751911
10560.0	0.751885
10565.0	0.748495
10570.0	0.743000
10575.0	0.737214
10580.0	0.732949
10585.0	0.731543
10590.0	0.732428
10595.0	0.734564
10600.0	0.736906
10605.0	0.738623
10610.0	0.739712
10615.0	0.740383
10620.0	0.740844
