#-- rk4iii
#\*l[Angstrom]	F(\*l)/F(555.6Angstrom]
1150.0	0.000000
1155.0	0.000000
1160.0	0.000000
1165.0	0.000000
1170.0	0.000000
1175.0	0.000000
1180.0	0.000000
1185.0	0.000000
1190.0	0.000000
1195.0	0.000000
1200.0	0.000000
1205.0	0.000000
1210.0	0.000000
1215.0	0.000000
1220.0	0.000000
1225.0	0.000000
1230.0	0.000000
1235.0	0.000000
1240.0	0.000000
1245.0	0.000000
1250.0	0.000000
1255.0	0.000000
1260.0	0.000000
1265.0	0.000000
1270.0	0.000000
1275.0	0.000000
1280.0	0.000000
1285.0	0.000000
1290.0	0.000000
1295.0	0.000000
1300.0	0.000000
1305.0	0.000000
1310.0	0.000000
1315.0	0.000000
1320.0	0.000000
1325.0	0.000000
1330.0	0.000000
1335.0	0.000000
1340.0	0.000000
1345.0	0.000000
1350.0	0.000000
1355.0	0.000000
1360.0	0.000000
1365.0	0.000000
1370.0	0.000000
1375.0	0.000000
1380.0	0.000000
1385.0	0.000000
1390.0	0.000000
1395.0	0.000000
1400.0	0.000000
1405.0	0.000000
1410.0	0.000000
1415.0	0.000000
1420.0	0.000000
1425.0	0.000000
1430.0	0.000000
1435.0	0.000000
1440.0	0.000000
1445.0	0.000000
1450.0	0.000000
1455.0	0.000000
1460.0	0.000000
1465.0	0.000000
1470.0	0.000000
1475.0	0.000000
1480.0	0.000000
1485.0	0.000000
1490.0	0.000000
1495.0	0.000000
1500.0	0.000000
1505.0	0.000000
1510.0	0.000000
1515.0	0.000000
1520.0	0.000000
1525.0	0.000000
1530.0	0.000000
1535.0	0.000000
1540.0	0.000000
1545.0	0.000000
1550.0	0.000000
1555.0	0.000000
1560.0	0.000000
1565.0	0.000000
1570.0	0.000000
1575.0	0.000000
1580.0	0.000000
1585.0	0.000000
1590.0	0.000000
1595.0	0.000000
1600.0	0.000000
1605.0	0.000000
1610.0	0.000000
1615.0	0.000000
1620.0	0.000000
1625.0	0.000000
1630.0	0.000000
1635.0	0.000000
1640.0	0.000000
1645.0	0.000000
1650.0	0.000000
1655.0	0.000000
1660.0	0.000000
1665.0	0.000000
1670.0	0.000000
1675.0	0.000000
1680.0	0.000000
1685.0	0.000000
1690.0	0.000000
1695.0	0.000000
1700.0	0.000000
1705.0	0.000000
1710.0	0.000000
1715.0	0.000000
1720.0	0.000000
1725.0	0.000000
1730.0	0.000000
1735.0	0.000000
1740.0	0.000000
1745.0	0.000000
1750.0	0.000000
1755.0	0.000000
1760.0	0.000000
1765.0	0.000000
1770.0	0.000000
1775.0	0.000000
1780.0	0.000000
1785.0	0.000000
1790.0	0.000000
1795.0	0.000000
1800.0	0.000000
1805.0	0.000000
1810.0	0.000000
1815.0	0.000000
1820.0	0.000000
1825.0	0.000000
1830.0	0.000000
1835.0	0.000000
1840.0	0.000000
1845.0	0.000000
1850.0	0.000000
1855.0	0.000000
1860.0	0.000000
1865.0	0.000000
1870.0	0.000000
1875.0	0.000000
1880.0	0.000000
1885.0	0.000000
1890.0	0.000000
1895.0	0.000000
1900.0	0.000000
1905.0	0.000000
1910.0	0.000000
1915.0	0.000000
1920.0	0.000000
1925.0	0.000000
1930.0	0.000000
1935.0	0.000000
1940.0	0.000000
1945.0	0.000000
1950.0	0.000000
1955.0	0.000000
1960.0	0.000000
1965.0	0.000000
1970.0	0.000000
1975.0	0.000000
1980.0	0.000000
1985.0	0.000000
1990.0	0.000000
1995.0	0.000000
2000.0	0.000000
2005.0	0.000000
2010.0	0.000000
2015.0	0.000000
2020.0	0.000000
2025.0	0.000000
2030.0	0.000000
2035.0	0.000000
2040.0	0.000000
2045.0	0.000000
2050.0	0.000000
2055.0	0.000000
2060.0	0.000000
2065.0	0.000000
2070.0	0.000000
2075.0	0.000000
2080.0	0.000000
2085.0	0.000000
2090.0	0.000000
2095.0	0.000000
2100.0	0.000000
2105.0	0.000000
2110.0	0.000000
2115.0	0.000000
2120.0	0.000000
2125.0	0.000000
2130.0	0.000000
2135.0	0.000000
2140.0	0.000000
2145.0	0.000000
2150.0	0.000000
2155.0	0.000000
2160.0	0.000000
2165.0	0.000000
2170.0	0.000000
2175.0	0.000000
2180.0	0.000000
2185.0	0.000000
2190.0	0.000000
2195.0	0.000000
2200.0	0.000000
2205.0	0.000000
2210.0	0.000000
2215.0	0.000000
2220.0	0.000000
2225.0	0.000000
2230.0	0.000000
2235.0	0.000000
2240.0	0.000000
2245.0	0.000000
2250.0	0.000000
2255.0	0.000000
2260.0	0.000000
2265.0	0.000000
2270.0	0.000000
2275.0	0.000000
2280.0	0.000000
2285.0	0.000000
2290.0	0.000000
2295.0	0.000000
2300.0	0.000000
2305.0	0.000000
2310.0	0.000000
2315.0	0.000000
2320.0	0.000000
2325.0	0.000000
2330.0	0.000000
2335.0	0.000000
2340.0	0.000000
2345.0	0.000000
2350.0	0.000000
2355.0	0.000000
2360.0	0.000000
2365.0	0.000000
2370.0	0.000000
2375.0	0.000000
2380.0	0.000000
2385.0	0.000000
2390.0	0.000000
2395.0	0.000000
2400.0	0.000000
2405.0	0.000000
2410.0	0.000000
2415.0	0.000000
2420.0	0.000000
2425.0	0.000000
2430.0	0.000000
2435.0	0.000000
2440.0	0.000000
2445.0	0.000000
2450.0	0.000000
2455.0	0.000000
2460.0	0.000000
2465.0	0.000000
2470.0	0.000000
2475.0	0.000000
2480.0	0.000000
2485.0	0.000000
2490.0	0.000000
2495.0	0.000000
2500.0	0.000000
2505.0	0.000000
2510.0	0.000001
2515.0	0.000001
2520.0	0.000002
2525.0	0.000002
2530.0	0.000002
2535.0	0.000002
2540.0	0.000002
2545.0	0.000001
2550.0	0.000000
2555.0	0.000000
2560.0	0.000000
2565.0	0.000000
2570.0	0.000000
2575.0	0.000000
2580.0	0.000000
2585.0	0.000000
2590.0	0.000000
2595.0	0.000000
2600.0	0.000000
2605.0	0.000005
2610.0	0.000012
2615.0	0.000018
2620.0	0.000024
2625.0	0.000028
2630.0	0.000030
2635.0	0.000029
2640.0	0.000024
2645.0	0.000015
2650.0	0.000000
2655.0	0.000000
2660.0	0.000000
2665.0	0.000000
2670.0	0.000000
2675.0	0.000000
2680.0	0.000000
2685.0	0.000000
2690.0	0.000000
2695.0	0.000000
2700.0	0.000000
2705.0	0.000078
2710.0	0.000180
2715.0	0.000307
2720.0	0.000458
2725.0	0.000637
2730.0	0.000842
2735.0	0.001075
2740.0	0.001336
2745.0	0.001627
2750.0	0.001948
2755.0	0.002298
2760.0	0.002667
2765.0	0.003043
2770.0	0.003414
2775.0	0.003768
2780.0	0.004094
2785.0	0.004379
2790.0	0.004611
2795.0	0.004779
2800.0	0.004870
2805.0	0.004878
2810.0	0.004815
2815.0	0.004699
2820.0	0.004547
2825.0	0.004379
2830.0	0.004211
2835.0	0.004060
2840.0	0.003946
2845.0	0.003885
2850.0	0.003896
2855.0	0.003991
2860.0	0.004163
2865.0	0.004399
2870.0	0.004687
2875.0	0.005015
2880.0	0.005370
2885.0	0.005741
2890.0	0.006114
2895.0	0.006477
2900.0	0.006818
2905.0	0.007127
2910.0	0.007405
2915.0	0.007653
2920.0	0.007873
2925.0	0.008069
2930.0	0.008243
2935.0	0.008397
2940.0	0.008534
2945.0	0.008656
2950.0	0.008766
2955.0	0.008866
2960.0	0.008959
2965.0	0.009046
2970.0	0.009132
2975.0	0.009217
2980.0	0.009306
2985.0	0.009400
2990.0	0.009502
2995.0	0.009615
3000.0	0.009740
3005.0	0.009882
3010.0	0.010044
3015.0	0.010231
3020.0	0.010449
3025.0	0.010702
3030.0	0.010995
3035.0	0.011332
3040.0	0.011719
3045.0	0.012161
3050.0	0.012662
3055.0	0.013225
3060.0	0.013842
3065.0	0.014503
3070.0	0.015196
3075.0	0.015913
3080.0	0.016643
3085.0	0.017374
3090.0	0.018098
3095.0	0.018804
3100.0	0.019481
3105.0	0.020121
3110.0	0.020731
3115.0	0.021315
3120.0	0.021882
3125.0	0.022440
3130.0	0.022994
3135.0	0.023552
3140.0	0.024122
3145.0	0.024710
3150.0	0.025325
3155.0	0.025968
3160.0	0.054272
3165.0	0.059344
3170.0	0.060993
3175.0	0.057352
3180.0	0.052772
3185.0	0.051567
3190.0	0.051701
3195.0	0.050552
3200.0	0.068835
3205.0	0.069847
3210.0	0.068987
3215.0	0.061820
3220.0	0.054371
3225.0	0.053046
3230.0	0.055345
3235.0	0.057463
3240.0	0.059283
3245.0	0.061493
3250.0	0.064294
3255.0	0.067529
3260.0	0.070075
3265.0	0.070937
3270.0	0.070598
3275.0	0.070064
3280.0	0.070936
3285.0	0.074560
3290.0	0.080666
3295.0	0.087752
3300.0	0.091016
3305.0	0.087019
3310.0	0.081076
3315.0	0.078942
3320.0	0.079388
3325.0	0.080028
3330.0	0.080840
3335.0	0.082368
3340.0	0.085054
3345.0	0.088646
3350.0	0.090223
3355.0	0.087293
3360.0	0.081741
3365.0	0.076481
3370.0	0.074155
3375.0	0.076177
3380.0	0.079322
3385.0	0.080673
3390.0	0.083197
3395.0	0.089420
3400.0	0.094235
3405.0	0.092927
3410.0	0.090000
3415.0	0.090728
3420.0	0.094257
3425.0	0.097680
3430.0	0.096012
3435.0	0.086475
3440.0	0.077208
3445.0	0.076383
3450.0	0.081378
3455.0	0.087129
3460.0	0.089576
3465.0	0.086735
3470.0	0.083925
3475.0	0.085937
3480.0	0.088149
3485.0	0.086033
3490.0	0.084869
3495.0	0.090096
3500.0	0.098002
3505.0	0.103188
3510.0	0.073161
3515.0	0.072139
3520.0	0.067986
3525.0	0.070285
3530.0	0.081363
3535.0	0.087948
3540.0	0.090749
3545.0	0.087478
3550.0	0.081223
3555.0	0.073793
3560.0	0.066113
3565.0	0.060900
3570.0	0.059526
3575.0	0.053494
3580.0	0.044806
3585.0	0.046937
3590.0	0.058898
3595.0	0.077498
3600.0	0.080232
3605.0	0.072552
3610.0	0.056758
3615.0	0.065433
3620.0	0.076957
3625.0	0.084615
3630.0	0.079879
3635.0	0.089394
3640.0	0.099672
3645.0	0.084640
3650.0	0.082901
3655.0	0.105404
3660.0	0.120501
3665.0	0.118867
3670.0	0.113642
3675.0	0.110122
3680.0	0.099840
3685.0	0.093558
3690.0	0.098486
3695.0	0.111093
3700.0	0.113698
3705.0	0.094763
3710.0	0.090224
3715.0	0.086267
3720.0	0.067477
3725.0	0.064073
3730.0	0.058058
3735.0	0.050283
3740.0	0.052714
3745.0	0.052558
3750.0	0.059382
3755.0	0.068906
3760.0	0.068589
3765.0	0.080009
3770.0	0.101241
3775.0	0.111662
3780.0	0.109191
3785.0	0.094564
3790.0	0.077203
3795.0	0.074105
3800.0	0.081534
3805.0	0.088557
3810.0	0.081315
3815.0	0.064041
3820.0	0.050047
3825.0	0.046419
3830.0	0.049153
3835.0	0.053079
3840.0	0.059470
3845.0	0.067351
3850.0	0.068103
3855.0	0.062518
3860.0	0.058497
3865.0	0.060986
3870.0	0.063227
3875.0	0.065323
3880.0	0.069474
3885.0	0.077939
3890.0	0.092233
3895.0	0.100418
3900.0	0.099768
3905.0	0.112295
3910.0	0.117374
3915.0	0.123792
3920.0	0.110114
3925.0	0.073570
3930.0	0.047741
3935.0	0.045612
3940.0	0.057632
3945.0	0.082001
3950.0	0.112455
3955.0	0.115361
3960.0	0.080391
3965.0	0.055623
3970.0	0.066549
3975.0	0.104747
3980.0	0.141963
3985.0	0.166788
3990.0	0.180243
3995.0	0.192505
4000.0	0.209505
4005.0	0.220310
4010.0	0.226276
4015.0	0.232444
4020.0	0.240062
4025.0	0.236832
4030.0	0.217444
4035.0	0.215261
4040.0	0.217052
4045.0	0.208395
4050.0	0.220377
4055.0	0.213293
4060.0	0.204330
4065.0	0.210045
4070.0	0.221683
4075.0	0.230482
4080.0	0.249158
4085.0	0.275120
4090.0	0.280037
4095.0	0.257068
4100.0	0.240777
4105.0	0.245398
4110.0	0.246564
4115.0	0.239594
4120.0	0.238699
4125.0	0.239232
4130.0	0.228969
4135.0	0.221200
4140.0	0.206055
4145.0	0.205688
4150.0	0.210195
4155.0	0.224287
4160.0	0.236448
4165.0	0.227183
4170.0	0.221163
4175.0	0.213716
4180.0	0.227480
4185.0	0.243215
4190.0	0.246434
4195.0	0.237271
4200.0	0.227392
4205.0	0.242091
4210.0	0.264028
4215.0	0.274497
4220.0	0.266253
4225.0	0.225939
4230.0	0.231636
4235.0	0.266305
4240.0	0.302658
4245.0	0.316218
4250.0	0.296744
4255.0	0.294778
4260.0	0.308850
4265.0	0.306894
4270.0	0.276812
4275.0	0.286195
4280.0	0.310328
4285.0	0.299796
4290.0	0.284834
4295.0	0.270932
4300.0	0.254546
4305.0	0.245599
4310.0	0.273286
4315.0	0.349673
4320.0	0.395079
4325.0	0.392700
4330.0	0.411869
4335.0	0.421128
4340.0	0.414378
4345.0	0.434308
4350.0	0.441014
4355.0	0.449877
4360.0	0.463770
4365.0	0.470579
4370.0	0.449564
4375.0	0.419162
4380.0	0.376562
4385.0	0.354116
4390.0	0.388877
4395.0	0.424068
4400.0	0.423160
4405.0	0.393095
4410.0	0.406933
4415.0	0.430808
4420.0	0.457546
4425.0	0.461893
4430.0	0.459907
4435.0	0.464413
4440.0	0.481881
4445.0	0.506985
4450.0	0.513108
4455.0	0.481289
4460.0	0.458962
4465.0	0.479269
4470.0	0.522925
4475.0	0.567308
4480.0	0.576015
4485.0	0.583846
4490.0	0.575144
4495.0	0.572654
4500.0	0.601120
4505.0	0.641269
4510.0	0.645688
4515.0	0.626134
4520.0	0.607358
4525.0	0.557624
4530.0	0.515543
4535.0	0.543074
4540.0	0.575518
4545.0	0.584448
4550.0	0.587992
4555.0	0.612802
4560.0	0.645397
4565.0	0.652260
4570.0	0.656376
4575.0	0.647820
4580.0	0.628702
4585.0	0.639371
4590.0	0.646113
4595.0	0.626781
4600.0	0.621238
4605.0	0.657506
4610.0	0.706925
4615.0	0.731924
4620.0	0.743718
4625.0	0.745026
4630.0	0.728911
4635.0	0.693536
4640.0	0.658134
4645.0	0.630886
4650.0	0.634251
4655.0	0.680857
4660.0	0.704558
4665.0	0.659826
4670.0	0.642467
4675.0	0.666143
4680.0	0.676492
4685.0	0.677520
4690.0	0.674095
4695.0	0.676499
4700.0	0.665266
4705.0	0.655936
4710.0	0.663172
4715.0	0.697429
4720.0	0.731189
4725.0	0.713951
4730.0	0.670807
4735.0	0.686500
4740.0	0.717434
4745.0	0.737502
4750.0	0.742800
4755.0	0.725556
4760.0	0.707569
4765.0	0.695348
4770.0	0.704970
4775.0	0.730389
4780.0	0.733483
4785.0	0.710218
4790.0	0.716346
4795.0	0.751503
4800.0	0.762923
4805.0	0.757537
4810.0	0.754596
4815.0	0.771325
4820.0	0.780399
4825.0	0.765342
4830.0	0.745887
4835.0	0.739794
4840.0	0.739077
4845.0	0.748673
4850.0	0.751206
4855.0	0.725456
4860.0	0.692165
4865.0	0.681180
4870.0	0.688962
4875.0	0.707007
4880.0	0.730749
4885.0	0.714557
4890.0	0.705127
4895.0	0.762165
4900.0	0.810912
4905.0	0.803483
4910.0	0.781757
4915.0	0.758132
4920.0	0.734236
4925.0	0.751363
4930.0	0.804121
4935.0	0.793487
4940.0	0.774729
4945.0	0.815754
4950.0	0.852115
4955.0	0.838821
4960.0	0.803640
4965.0	0.802774
4970.0	0.806190
4975.0	0.814011
4980.0	0.774512
4985.0	0.745152
4990.0	0.762463
4995.0	0.773050
5000.0	0.749312
5005.0	0.720581
5010.0	0.709759
5015.0	0.697829
5020.0	0.711255
5025.0	0.743461
5030.0	0.767904
5035.0	0.763694
5040.0	0.726367
5045.0	0.731309
5050.0	0.768595
5055.0	0.792590
5060.0	0.815145
5065.0	0.800735
5070.0	0.765922
5075.0	0.745184
5080.0	0.719921
5085.0	0.726663
5090.0	0.764153
5095.0	0.772714
5100.0	0.745086
5105.0	0.734209
5110.0	0.728737
5115.0	0.741756
5120.0	0.747398
5125.0	0.722961
5130.0	0.716417
5135.0	0.728681
5140.0	0.721583
5145.0	0.700472
5150.0	0.695676
5155.0	0.718999
5160.0	0.733202
5165.0	0.659376
5170.0	0.570501
5175.0	0.567527
5180.0	0.618248
5185.0	0.651398
5190.0	0.707549
5195.0	0.740699
5200.0	0.741919
5205.0	0.697863
5210.0	0.678391
5215.0	0.747676
5220.0	0.807264
5225.0	0.800787
5230.0	0.798625
5235.0	0.840243
5240.0	0.877578
5245.0	0.865480
5250.0	0.827518
5255.0	0.831665
5260.0	0.829868
5265.0	0.756489
5270.0	0.713518
5275.0	0.777452
5280.0	0.862297
5285.0	0.911984
5290.0	0.945474
5295.0	0.922690
5300.0	0.893531
5305.0	0.933135
5310.0	0.986731
5315.0	0.987483
5320.0	0.950146
5325.0	0.884393
5330.0	0.838774
5335.0	0.874482
5340.0	0.909189
5345.0	0.928139
5350.0	0.959187
5355.0	1.011103
5360.0	1.029605
5365.0	0.985449
5370.0	0.938421
5375.0	0.951661
5380.0	0.987518
5385.0	0.976391
5390.0	0.936365
5395.0	0.898159
5400.0	0.877862
5405.0	0.858493
5410.0	0.874132
5415.0	0.944898
5420.0	0.987107
5425.0	0.975558
5430.0	0.946253
5435.0	0.936721
5440.0	0.965407
5445.0	0.970238
5450.0	0.959258
5455.0	0.963099
5460.0	0.973773
5465.0	0.976587
5470.0	0.963842
5475.0	0.935496
5480.0	0.927955
5485.0	0.952126
5490.0	0.975333
5495.0	0.990262
5500.0	0.992818
5505.0	0.969536
5510.0	0.951842
5515.0	0.953288
5520.0	0.986613
5525.0	1.002553
5530.0	0.996861
5535.0	1.002852
5540.0	1.021477
5545.0	1.037037
5550.0	1.047309
5555.0	1.048567
5560.0	1.033169
5565.0	1.018557
5570.0	1.004116
5575.0	1.007044
5580.0	1.020633
5585.0	0.992520
5590.0	0.947107
5595.0	0.953029
5600.0	0.984475
5605.0	1.018900
5610.0	1.057935
5615.0	1.039594
5620.0	1.002678
5625.0	0.998606
5630.0	1.010553
5635.0	1.022014
5640.0	1.011174
5645.0	1.014089
5650.0	1.022015
5655.0	1.012204
5660.0	0.988071
5665.0	0.993227
5670.0	1.016414
5675.0	1.046557
5680.0	1.063023
5685.0	1.048490
5690.0	1.040848
5695.0	1.041361
5700.0	1.009202
5705.0	0.970501
5710.0	0.959182
5715.0	1.001622
5720.0	1.066907
5725.0	1.092153
5730.0	1.077256
5735.0	1.072406
5740.0	1.070192
5745.0	1.068745
5750.0	1.065215
5755.0	1.065528
5760.0	1.081514
5765.0	1.099199
5770.0	1.111721
5775.0	1.085049
5780.0	1.035778
5785.0	0.992573
5790.0	1.019874
5795.0	1.066025
5800.0	1.093599
5805.0	1.107397
5810.0	1.110642
5815.0	1.122488
5820.0	1.139226
5825.0	1.148265
5830.0	1.153898
5835.0	1.154050
5840.0	1.157209
5845.0	1.148060
5850.0	1.121762
5855.0	1.098108
5860.0	1.091994
5865.0	1.107270
5870.0	1.130123
5875.0	1.133703
5880.0	1.077392
5885.0	0.975303
5890.0	0.847502
5895.0	0.812542
5900.0	0.912092
5905.0	1.036503
5910.0	1.101913
5915.0	1.113919
5920.0	1.116337
5925.0	1.120332
5930.0	1.116294
5935.0	1.104949
5940.0	1.102751
5945.0	1.109370
5950.0	1.114724
5955.0	1.109193
5960.0	1.119652
5965.0	1.135120
5970.0	1.147575
5975.0	1.131476
5980.0	1.106456
5985.0	1.104460
5990.0	1.119879
5995.0	1.120985
6000.0	1.108217
6005.0	1.099423
6010.0	1.093041
6015.0	1.085695
6020.0	1.086393
6025.0	1.118369
6030.0	1.157653
6035.0	1.176446
6040.0	1.178906
6045.0	1.183222
6050.0	1.184803
6055.0	1.168111
6060.0	1.154882
6065.0	1.160425
6070.0	1.189650
6075.0	1.188255
6080.0	1.156352
6085.0	1.136522
6090.0	1.124387
6095.0	1.123437
6100.0	1.124288
6105.0	1.132509
6110.0	1.146803
6115.0	1.139667
6120.0	1.111872
6125.0	1.101370
6130.0	1.105608
6135.0	1.080325
6140.0	1.082599
6145.0	1.113217
6150.0	1.121478
6155.0	1.102237
6160.0	1.059146
6165.0	1.041214
6170.0	1.057371
6175.0	1.094712
6180.0	1.116014
6185.0	1.099818
6190.0	1.074887
6195.0	1.094779
6200.0	1.115994
6205.0	1.121752
6210.0	1.100437
6215.0	1.051349
6220.0	1.033240
6225.0	1.038444
6230.0	1.033950
6235.0	1.039290
6240.0	1.034032
6245.0	1.028245
6250.0	1.034063
6255.0	0.999844
6260.0	0.985298
6265.0	1.015380
6270.0	1.046258
6275.0	1.055479
6280.0	1.048077
6285.0	1.065234
6290.0	1.087281
6295.0	1.069169
6300.0	1.054261
6305.0	1.063766
6310.0	1.077467
6315.0	1.066025
6320.0	1.066752
6325.0	1.096736
6330.0	1.115998
6335.0	1.107525
6340.0	1.090405
6345.0	1.096656
6350.0	1.100871
6355.0	1.070565
6360.0	1.037938
6365.0	1.061849
6370.0	1.119516
6375.0	1.146932
6380.0	1.141914
6385.0	1.138807
6390.0	1.131225
6395.0	1.121557
6400.0	1.115812
6405.0	1.119860
6410.0	1.125442
6415.0	1.128163
6420.0	1.115752
6425.0	1.130996
6430.0	1.134381
6435.0	1.137779
6440.0	1.144548
6445.0	1.141791
6450.0	1.117746
6455.0	1.125084
6460.0	1.143970
6465.0	1.143270
6470.0	1.153103
6475.0	1.153738
6480.0	1.144962
6485.0	1.135944
6490.0	1.107002
6495.0	1.056908
6500.0	1.064514
6505.0	1.115135
6510.0	1.153901
6515.0	1.172722
6520.0	1.176394
6525.0	1.173647
6530.0	1.164976
6535.0	1.168417
6540.0	1.175523
6545.0	1.165545
6550.0	1.139053
6555.0	1.099606
6560.0	1.060438
6565.0	1.071396
6570.0	1.121526
6575.0	1.144777
6580.0	1.162034
6585.0	1.163410
6590.0	1.153795
6595.0	1.145094
6600.0	1.157293
6605.0	1.149451
6610.0	1.146018
6615.0	1.169065
6620.0	1.182475
6625.0	1.170492
6630.0	1.153936
6635.0	1.150010
6640.0	1.157426
6645.0	1.158910
6650.0	1.163902
6655.0	1.164832
6660.0	1.153882
6665.0	1.141291
6670.0	1.147744
6675.0	1.146653
6680.0	1.145918
6685.0	1.167670
6690.0	1.181410
6695.0	1.174473
6700.0	1.164378
6705.0	1.156624
6710.0	1.149011
6715.0	1.139566
6720.0	1.148370
6725.0	1.159317
6730.0	1.160075
6735.0	1.150900
6740.0	1.133741
6745.0	1.125999
6750.0	1.130148
6755.0	1.150832
6760.0	1.167958
6765.0	1.156588
6770.0	1.142830
6775.0	1.155258
6780.0	1.165233
6785.0	1.153178
6790.0	1.152743
6795.0	1.157296
6800.0	1.164240
6805.0	1.165523
6810.0	1.161781
6815.0	1.159177
6820.0	1.166392
6825.0	1.170231
6830.0	1.161641
6835.0	1.154086
6840.0	1.140662
6845.0	1.139003
6850.0	1.137497
6855.0	1.136128
6860.0	1.134828
6865.0	1.134217
6870.0	1.135236
6875.0	1.137982
6880.0	1.141162
6885.0	1.142781
6890.0	1.141837
6895.0	1.139792
6900.0	1.139807
6905.0	1.143773
6910.0	1.150290
6915.0	1.155044
6920.0	1.153311
6925.0	1.144081
6930.0	1.131892
6935.0	1.123065
6940.0	1.120780
6945.0	1.123609
6950.0	1.127018
6955.0	1.127275
6960.0	1.125700
6965.0	1.125078
6970.0	1.120524
6975.0	1.122604
6980.0	1.108935
6985.0	1.136158
6990.0	1.148026
6995.0	1.149777
7000.0	1.137321
7005.0	1.128221
7010.0	1.126210
7015.0	1.106551
7020.0	1.097353
7025.0	1.101627
7030.0	1.120972
7035.0	1.148373
7040.0	1.175826
7045.0	1.195150
7050.0	1.177697
7055.0	1.158794
7060.0	1.140440
7065.0	1.116905
7070.0	1.123036
7075.0	1.159571
7080.0	1.158946
7085.0	1.121612
7090.0	1.102197
7095.0	1.107889
7100.0	1.116672
7105.0	1.118055
7110.0	1.117796
7115.0	1.133960
7120.0	1.131589
7125.0	1.110669
7130.0	1.092540
7135.0	1.096862
7140.0	1.103913
7145.0	1.104726
7150.0	1.103172
7155.0	1.113958
7160.0	1.116011
7165.0	1.104685
7170.0	1.092195
7175.0	1.082721
7180.0	1.072490
7185.0	1.047763
7190.0	1.037254
7195.0	1.047786
7200.0	1.054982
7205.0	1.062774
7210.0	1.080361
7215.0	1.101178
7220.0	1.111135
7225.0	1.113944
7230.0	1.109369
7235.0	1.096802
7240.0	1.084618
7245.0	1.082533
7250.0	1.085941
7255.0	1.083874
7260.0	1.087684
7265.0	1.087395
7270.0	1.090687
7275.0	1.078128
7280.0	1.076955
7285.0	1.070788
7290.0	1.057887
7295.0	1.084081
7300.0	1.105277
7305.0	1.104572
7310.0	1.100696
7315.0	1.100531
7320.0	1.103735
7325.0	1.101620
7330.0	1.102569
7335.0	1.118093
7340.0	1.131814
7345.0	1.122997
7350.0	1.104559
7355.0	1.078327
7360.0	1.071628
7365.0	1.086635
7370.0	1.114506
7375.0	1.137060
7380.0	1.139458
7385.0	1.110725
7390.0	1.097723
7395.0	1.113829
7400.0	1.124106
7405.0	1.130197
7410.0	1.111425
7415.0	1.090527
7420.0	1.088692
7425.0	1.111384
7430.0	1.129903
7435.0	1.125697
7440.0	1.107619
7445.0	1.102237
7450.0	1.110561
7455.0	1.112879
7460.0	1.110579
7465.0	1.126442
7470.0	1.130837
7475.0	1.118930
7480.0	1.107154
7485.0	1.101927
7490.0	1.096228
7495.0	1.100754
7500.0	1.115155
7505.0	1.116109
7510.0	1.116346
7515.0	1.130757
7520.0	1.135814
7525.0	1.134473
7530.0	1.138552
7535.0	1.142922
7540.0	1.140474
7545.0	1.135701
7550.0	1.134836
7555.0	1.138745
7560.0	1.143891
7565.0	1.145704
7570.0	1.142682
7575.0	1.137383
7580.0	1.134339
7585.0	1.135961
7590.0	1.139803
7595.0	1.140355
7600.0	1.133654
7605.0	1.120963
7610.0	1.108679
7615.0	1.104030
7620.0	1.109819
7625.0	1.122471
7630.0	1.134676
7635.0	1.140080
7640.0	1.136872
7645.0	1.128189
7650.0	1.119396
7655.0	1.114459
7660.0	1.114196
7665.0	1.116872
7670.0	1.120145
7675.0	1.122639
7680.0	1.124403
7685.0	1.126282
7690.0	1.128577
7695.0	1.130303
7700.0	1.129652
7705.0	1.125479
7710.0	1.118876
7715.0	1.112802
7720.0	1.109535
7725.0	1.110044
7730.0	1.116030
7735.0	1.129598
7740.0	1.127668
7745.0	1.100728
7750.0	1.089288
7755.0	1.110365
7760.0	1.129737
7765.0	1.137509
7770.0	1.137684
7775.0	1.136043
7780.0	1.130965
7785.0	1.121382
7790.0	1.115984
7795.0	1.117476
7800.0	1.122793
7805.0	1.129340
7810.0	1.135372
7815.0	1.146350
7820.0	1.151354
7825.0	1.147538
7830.0	1.130104
7835.0	1.115653
7840.0	1.115740
7845.0	1.119948
7850.0	1.121032
7855.0	1.124040
7860.0	1.127548
7865.0	1.127018
7870.0	1.115503
7875.0	1.099539
7880.0	1.089076
7885.0	1.090265
7890.0	1.084572
7895.0	1.064690
7900.0	1.055429
7905.0	1.052502
7910.0	1.044639
7915.0	1.037990
7920.0	1.039935
7925.0	1.046451
7930.0	1.048719
7935.0	1.043501
7940.0	1.032066
7945.0	1.025396
7950.0	1.033133
7955.0	1.041963
7960.0	1.051928
7965.0	1.062819
7970.0	1.072118
7975.0	1.074964
7980.0	1.078519
7985.0	1.084656
7990.0	1.083037
7995.0	1.066500
8000.0	1.056532
8005.0	1.061514
8010.0	1.075095
8015.0	1.094052
8020.0	1.092770
8025.0	1.065493
8030.0	1.063571
8035.0	1.089443
8040.0	1.099171
8045.0	1.078160
8050.0	1.066342
8055.0	1.079796
8060.0	1.088451
8065.0	1.074657
8070.0	1.057138
8075.0	1.055978
8080.0	1.059257
8085.0	1.059664
8090.0	1.045589
8095.0	1.030255
8100.0	1.018993
8105.0	1.022909
8110.0	1.030233
8115.0	1.028561
8120.0	1.028566
8125.0	1.040627
8130.0	1.053026
8135.0	1.053285
8140.0	1.044883
8145.0	1.035773
8150.0	1.033182
8155.0	1.039834
8160.0	1.044912
8165.0	1.038575
8170.0	1.029990
8175.0	1.030057
8180.0	1.033478
8185.0	1.032685
8190.0	1.027808
8195.0	1.021443
8200.0	1.020710
8205.0	1.031742
8210.0	1.049193
8215.0	1.063877
8220.0	1.064237
8225.0	1.044568
8230.0	1.029201
8235.0	1.041251
8240.0	1.063538
8245.0	1.074469
8250.0	1.072099
8255.0	1.060892
8260.0	1.057757
8265.0	1.074091
8270.0	1.086790
8275.0	1.074932
8280.0	1.056917
8285.0	1.053501
8290.0	1.057434
8295.0	1.057092
8300.0	1.051278
8305.0	1.042987
8310.0	1.040036
8315.0	1.047193
8320.0	1.054870
8325.0	1.053288
8330.0	1.046755
8335.0	1.042178
8340.0	1.040062
8345.0	1.040115
8350.0	1.044950
8355.0	1.055079
8360.0	1.062903
8365.0	1.061853
8370.0	1.058527
8375.0	1.059639
8380.0	1.054241
8385.0	1.035227
8390.0	1.027600
8395.0	1.051726
8400.0	1.083317
8405.0	1.094559
8410.0	1.087239
8415.0	1.073850
8420.0	1.057515
8425.0	1.048328
8430.0	1.046245
8435.0	1.038080
8440.0	1.054255
8445.0	1.077220
8450.0	1.095484
8455.0	1.105027
8460.0	1.102079
8465.0	1.089003
8470.0	1.090210
8475.0	1.104776
8480.0	1.110342
8485.0	1.109536
8490.0	1.077342
8495.0	1.000411
8500.0	0.980098
8505.0	1.027549
8510.0	1.058025
8515.0	1.059400
8520.0	1.059883
8525.0	1.054028
8530.0	1.033170
8535.0	0.967353
8540.0	0.868516
8545.0	0.821860
8550.0	0.851799
8555.0	0.951721
8560.0	1.056440
8565.0	1.088700
8570.0	1.076015
8575.0	1.066761
8580.0	1.063889
8585.0	1.063640
8590.0	1.063346
8595.0	1.063344
8600.0	1.065363
8605.0	1.066181
8610.0	1.064201
8615.0	1.063513
8620.0	1.062813
8625.0	1.074140
8630.0	1.090028
8635.0	1.103456
8640.0	1.104005
8645.0	1.087665
8650.0	1.064419
8655.0	1.017228
8660.0	0.936692
8665.0	0.883428
8670.0	0.883857
8675.0	0.952960
8680.0	1.034558
8685.0	1.041080
8690.0	1.036968
8695.0	1.065923
8700.0	1.031632
8705.0	1.051999
8710.0	1.064290
8715.0	1.078087
8720.0	1.086034
8725.0	1.079894
8730.0	1.071853
8735.0	1.071856
8740.0	1.077698
8745.0	1.078026
8750.0	1.071906
8755.0	1.059292
8760.0	1.043351
8765.0	1.028786
8770.0	1.023644
8775.0	1.034400
8780.0	1.049923
8785.0	1.056020
8790.0	1.047667
8795.0	1.043976
8800.0	1.028347
8805.0	1.013183
8810.0	1.044586
8815.0	1.066415
8820.0	1.064026
8825.0	1.067811
8830.0	1.075286
8835.0	1.070064
8840.0	1.073621
8845.0	1.087087
8850.0	1.093520
8855.0	1.087380
8860.0	1.065482
8865.0	1.046762
8870.0	1.043575
8875.0	1.038789
8880.0	1.038410
8885.0	1.047350
8890.0	1.051744
8895.0	1.057666
8900.0	1.061412
8905.0	1.064273
8910.0	1.059960
8915.0	1.051939
8920.0	1.043189
8925.0	1.035019
8930.0	1.061849
8935.0	1.056525
8940.0	1.053624
8945.0	1.055890
8950.0	1.064469
8955.0	1.076652
8960.0	1.086322
8965.0	1.087552
8970.0	1.079455
8975.0	1.067970
8980.0	1.062123
8985.0	1.067750
8990.0	1.082848
8995.0	1.097808
9000.0	1.101341
9005.0	1.088527
9010.0	1.064549
9015.0	1.041529
9020.0	1.030791
9025.0	1.035417
9030.0	1.048375
9035.0	1.058586
9040.0	1.059793
9045.0	1.054768
9050.0	1.052170
9055.0	1.058412
9060.0	1.070775
9065.0	1.078736
9070.0	1.072854
9075.0	1.052736
9080.0	1.027887
9085.0	1.010625
9090.0	1.006143
9095.0	1.008974
9100.0	1.009238
9105.0	1.001849
9110.0	0.990727
9115.0	0.984703
9120.0	0.988349
9125.0	0.996935
9130.0	1.000999
9135.0	0.995053
9140.0	0.982553
9145.0	0.972960
9150.0	0.972920
9155.0	0.980202
9160.0	0.986584
9165.0	0.985802
9170.0	0.979097
9175.0	0.973617
9180.0	0.974634
9185.0	0.979418
9190.0	0.979810
9195.0	0.970359
9200.0	0.954464
9205.0	0.943117
9210.0	0.946071
9215.0	0.962564
9220.0	0.980906
9225.0	0.986105
9230.0	0.969846
9235.0	0.936270
9240.0	0.899217
9245.0	0.873549
9250.0	0.867205
9255.0	0.879028
9260.0	0.901550
9265.0	0.926060
9270.0	0.947021
9275.0	0.963173
9280.0	0.976283
9285.0	0.988911
9290.0	1.002251
9295.0	1.014861
9300.0	1.022911
9305.0	1.022451
9310.0	1.011942
9315.0	0.993888
9320.0	0.974311
9325.0	0.959959
9330.0	0.954690
9335.0	0.957486
9340.0	0.963556
9345.0	0.967566
9350.0	0.966957
9355.0	0.963475
9360.0	0.961979
9365.0	0.967398
9370.0	0.981708
9375.0	1.002642
9380.0	1.024497
9385.0	1.040554
9390.0	1.045967
9395.0	1.039710
9400.0	1.024308
9405.0	1.004176
9410.0	0.983410
9415.0	0.964127
9420.0	0.946375
9425.0	0.929446
9430.0	0.913403
9435.0	0.899769
9440.0	0.890951
9445.0	0.888812
9450.0	0.893429
9455.0	0.902804
9460.0	0.913952
9465.0	0.924300
9470.0	0.932683
9475.0	0.939323
9480.0	0.944584
9485.0	0.948014
9490.0	0.948609
9495.0	0.946649
9500.0	0.945479
9505.0	0.931471
9510.0	0.945616
9515.0	0.966177
9520.0	0.988685
9525.0	1.006105
9530.0	1.012849
9535.0	1.007632
9540.0	0.994447
9545.0	0.979907
9550.0	0.968466
9555.0	0.960698
9560.0	0.954032
9565.0	0.945700
9570.0	0.936072
9575.0	0.928117
9580.0	0.924624
9585.0	0.925794
9590.0	0.929220
9595.0	0.932228
9600.0	0.934874
9605.0	0.940072
9610.0	0.949964
9615.0	0.963416
9620.0	0.975479
9625.0	0.980266
9630.0	0.976226
9635.0	0.967064
9640.0	0.959084
9645.0	0.956690
9650.0	0.958784
9655.0	0.960537
9660.0	0.957499
9665.0	0.948987
9670.0	0.938160
9675.0	0.928960
9680.0	0.923246
9685.0	0.920313
9690.0	0.919285
9695.0	0.920481
9700.0	0.925381
9705.0	0.934808
9710.0	0.946520
9715.0	0.956035
9720.0	0.958724
9725.0	0.952448
9730.0	0.939405
9735.0	0.924721
9740.0	0.914211
9745.0	0.911855
9750.0	0.917524
9755.0	0.927536
9760.0	0.936426
9765.0	0.939788
9770.0	0.937438
9775.0	0.933445
9780.0	0.934019
9785.0	0.943325
9790.0	0.959829
9795.0	0.977242
9800.0	0.988111
9805.0	0.988204
9810.0	0.978922
9815.0	0.965669
9820.0	0.953793
9825.0	0.945740
9830.0	0.941274
9835.0	0.938723
9840.0	0.937249
9845.0	0.937307
9850.0	0.938843
9855.0	0.941160
9860.0	0.943298
9865.0	0.945114
9870.0	0.948201
9875.0	0.954070
9880.0	0.962232
9885.0	0.969776
9890.0	0.972578
9895.0	0.968630
9900.0	0.960004
9905.0	0.951967
9910.0	0.949694
9915.0	0.955068
9920.0	0.965485
9925.0	0.975075
9930.0	0.978522
9935.0	0.974341
9940.0	0.965405
9945.0	0.957173
9950.0	0.955086
9955.0	0.961908
9960.0	0.976425
9965.0	0.993903
9970.0	1.007909
9975.0	1.012867
9980.0	1.006363
9985.0	0.990092
9990.0	0.969097
9995.0	0.950473
10000.0	0.957690
10005.0	0.956906
10010.0	0.956048
10015.0	0.954716
10020.0	0.952508
10025.0	0.949222
10030.0	0.945456
10035.0	0.942007
10040.0	0.939672
10045.0	0.938997
10050.0	0.939512
10055.0	0.940499
10060.0	0.941237
10065.0	0.941247
10070.0	0.941019
10075.0	0.941285
10080.0	0.942776
10085.0	0.945878
10090.0	0.949593
10095.0	0.952576
10100.0	0.953483
10105.0	0.951425
10110.0	0.947336
10115.0	0.942603
10120.0	0.938617
10125.0	0.936446
10130.0	0.935887
10135.0	0.936413
10140.0	0.937503
10145.0	0.938660
10150.0	0.939510
10155.0	0.939709
10160.0	0.938912
10165.0	0.936966
10170.0	0.934498
10175.0	0.932324
10180.0	0.931263
10185.0	0.931840
10190.0	0.933415
10195.0	0.935051
10200.0	0.935816
10205.0	0.935030
10210.0	0.933037
10215.0	0.930434
10220.0	0.927820
10225.0	0.925725
10230.0	0.924404
10235.0	0.924046
10240.0	0.924838
10245.0	0.926800
10250.0	0.929282
10255.0	0.931467
10260.0	0.932536
10265.0	0.931990
10270.0	0.930596
10275.0	0.929439
10280.0	0.929602
10285.0	0.931722
10290.0	0.934640
10295.0	0.936750
10300.0	0.936445
10305.0	0.932677
10310.0	0.926635
10315.0	0.920067
10320.0	0.914720
10325.0	0.911973
10330.0	0.911728
10335.0	0.913517
10340.0	0.916874
10345.0	0.921240
10350.0	0.925697
10355.0	0.929238
10360.0	0.930853
10365.0	0.929881
10370.0	0.927045
10375.0	0.923416
10380.0	0.920064
10385.0	0.917871
10390.0	0.916973
10395.0	0.917319
10400.0	0.918857
10405.0	0.921361
10410.0	0.923901
10415.0	0.925370
10420.0	0.924663
10425.0	0.921126
10430.0	0.915918
10435.0	0.910650
10440.0	0.906931
10445.0	0.905946
10450.0	0.907166
10455.0	0.909638
10460.0	0.912407
10465.0	0.914652
10470.0	0.916080
10475.0	0.916533
10480.0	0.915853
10485.0	0.914051
10490.0	0.911831
10495.0	0.910066
10500.0	0.909629
10505.0	0.911119
10510.0	0.914029
10515.0	0.917577
10520.0	0.920979
10525.0	0.923585
10530.0	0.925274
10535.0	0.926055
10540.0	0.925940
10545.0	0.924935
10550.0	0.923040
10555.0	0.920250
10560.0	0.916561
10565.0	0.912090
10570.0	0.907430
10575.0	0.903295
10580.0	0.900397
10585.0	0.899209
10590.0	0.899234
10595.0	0.899734
10600.0	0.899972
10605.0	0.899375
10610.0	0.898027
10615.0	0.896179
10620.0	0.894081
