#-- k4v
#\*l[Angstrom]	F(\*l)/F(555.6Angstrom]
1150.0	0.000000
1155.0	0.000000
1160.0	0.000000
1165.0	0.000000
1170.0	0.000000
1175.0	0.000000
1180.0	0.000000
1185.0	0.000000
1190.0	0.000000
1195.0	0.000000
1200.0	0.000000
1205.0	0.000000
1210.0	0.000000
1215.0	0.000000
1220.0	0.000000
1225.0	0.000000
1230.0	0.000000
1235.0	0.000000
1240.0	0.000000
1245.0	0.000000
1250.0	0.000000
1255.0	0.000000
1260.0	0.000000
1265.0	0.000000
1270.0	0.000000
1275.0	0.000000
1280.0	0.000000
1285.0	0.000000
1290.0	0.000000
1295.0	0.000000
1300.0	0.000000
1305.0	0.000000
1310.0	0.000000
1315.0	0.000000
1320.0	0.000000
1325.0	0.000000
1330.0	0.000000
1335.0	0.000000
1340.0	0.000000
1345.0	0.000000
1350.0	0.000000
1355.0	0.000000
1360.0	0.000000
1365.0	0.000000
1370.0	0.000000
1375.0	0.000000
1380.0	0.000000
1385.0	0.000000
1390.0	0.000000
1395.0	0.000000
1400.0	0.000000
1405.0	0.000000
1410.0	0.000000
1415.0	0.000000
1420.0	0.000000
1425.0	0.000000
1430.0	0.000000
1435.0	0.000000
1440.0	0.000000
1445.0	0.000000
1450.0	0.000000
1455.0	0.000000
1460.0	0.000000
1465.0	0.000000
1470.0	0.000000
1475.0	0.000000
1480.0	0.000000
1485.0	0.000000
1490.0	0.000000
1495.0	0.000000
1500.0	0.000000
1505.0	0.000000
1510.0	0.000000
1515.0	0.000000
1520.0	0.000000
1525.0	0.000000
1530.0	0.000000
1535.0	0.000000
1540.0	0.000000
1545.0	0.000000
1550.0	0.000000
1555.0	0.000000
1560.0	0.000000
1565.0	0.000000
1570.0	0.000000
1575.0	0.000000
1580.0	0.000000
1585.0	0.000000
1590.0	0.000000
1595.0	0.000000
1600.0	0.000000
1605.0	0.000000
1610.0	0.000000
1615.0	0.000000
1620.0	0.000000
1625.0	0.000000
1630.0	0.000000
1635.0	0.000000
1640.0	0.000000
1645.0	0.000000
1650.0	0.000000
1655.0	0.000000
1660.0	0.000000
1665.0	0.000000
1670.0	0.000000
1675.0	0.000000
1680.0	0.000000
1685.0	0.000000
1690.0	0.000000
1695.0	0.000000
1700.0	0.000000
1705.0	0.000000
1710.0	0.000000
1715.0	0.000000
1720.0	0.000000
1725.0	0.000000
1730.0	0.000000
1735.0	0.000000
1740.0	0.000000
1745.0	0.000000
1750.0	0.000000
1755.0	0.000000
1760.0	0.000000
1765.0	0.000000
1770.0	0.000000
1775.0	0.000000
1780.0	0.000000
1785.0	0.000000
1790.0	0.000000
1795.0	0.000000
1800.0	0.000000
1805.0	0.000000
1810.0	0.000000
1815.0	0.000000
1820.0	0.000000
1825.0	0.000000
1830.0	0.000000
1835.0	0.000000
1840.0	0.000000
1845.0	0.000000
1850.0	0.000000
1855.0	0.000000
1860.0	0.000000
1865.0	0.000000
1870.0	0.000000
1875.0	0.000000
1880.0	0.000000
1885.0	0.000000
1890.0	0.000000
1895.0	0.000000
1900.0	0.000000
1905.0	0.000000
1910.0	0.000000
1915.0	0.000000
1920.0	0.000000
1925.0	0.000000
1930.0	0.000000
1935.0	0.000000
1940.0	0.000000
1945.0	0.000000
1950.0	0.000000
1955.0	0.000000
1960.0	0.000000
1965.0	0.000000
1970.0	0.000000
1975.0	0.000000
1980.0	0.000000
1985.0	0.000000
1990.0	0.000000
1995.0	0.000000
2000.0	0.000000
2005.0	0.000000
2010.0	0.000000
2015.0	0.000000
2020.0	0.000000
2025.0	0.000000
2030.0	0.000000
2035.0	0.000000
2040.0	0.000000
2045.0	0.000000
2050.0	0.000000
2055.0	0.000000
2060.0	0.000000
2065.0	0.000000
2070.0	0.000000
2075.0	0.000000
2080.0	0.000000
2085.0	0.000000
2090.0	0.000000
2095.0	0.000000
2100.0	0.000000
2105.0	0.000000
2110.0	0.000000
2115.0	0.000000
2120.0	0.000000
2125.0	0.000000
2130.0	0.000000
2135.0	0.000000
2140.0	0.000000
2145.0	0.000000
2150.0	0.000000
2155.0	0.000000
2160.0	0.000000
2165.0	0.000000
2170.0	0.000000
2175.0	0.000000
2180.0	0.000000
2185.0	0.000000
2190.0	0.000000
2195.0	0.000000
2200.0	0.000000
2205.0	0.000000
2210.0	0.000000
2215.0	0.000000
2220.0	0.000000
2225.0	0.000000
2230.0	0.000000
2235.0	0.000000
2240.0	0.000000
2245.0	0.000000
2250.0	0.000000
2255.0	0.000000
2260.0	0.000000
2265.0	0.000000
2270.0	0.000000
2275.0	0.000000
2280.0	0.000000
2285.0	0.000000
2290.0	0.000000
2295.0	0.000000
2300.0	0.000000
2305.0	0.000001
2310.0	0.000002
2315.0	0.000004
2320.0	0.000005
2325.0	0.000006
2330.0	0.000006
2335.0	0.000006
2340.0	0.000005
2345.0	0.000003
2350.0	0.000000
2355.0	0.000000
2360.0	0.000000
2365.0	0.000000
2370.0	0.000000
2375.0	0.000000
2380.0	0.000000
2385.0	0.000000
2390.0	0.000000
2395.0	0.000000
2400.0	0.000000
2405.0	0.000016
2410.0	0.000033
2415.0	0.000052
2420.0	0.000068
2425.0	0.000080
2430.0	0.000086
2435.0	0.000083
2440.0	0.000069
2445.0	0.000042
2450.0	0.000000
2455.0	0.000000
2460.0	0.000000
2465.0	0.000000
2470.0	0.000000
2475.0	0.000000
2480.0	0.000000
2485.0	0.000000
2490.0	0.000000
2495.0	0.000000
2500.0	0.000000
2505.0	0.000219
2510.0	0.000490
2515.0	0.000801
2520.0	0.001138
2525.0	0.001487
2530.0	0.001837
2535.0	0.002174
2540.0	0.002484
2545.0	0.002756
2550.0	0.002975
2555.0	0.003134
2560.0	0.003241
2565.0	0.003312
2570.0	0.003360
2575.0	0.003399
2580.0	0.003445
2585.0	0.003510
2590.0	0.003609
2595.0	0.003757
2600.0	0.003967
2605.0	0.004249
2610.0	0.004594
2615.0	0.004988
2620.0	0.005416
2625.0	0.005866
2630.0	0.006322
2635.0	0.006770
2640.0	0.007198
2645.0	0.007591
2650.0	0.007934
2655.0	0.008217
2660.0	0.008444
2665.0	0.008619
2670.0	0.008749
2675.0	0.008841
2680.0	0.008899
2685.0	0.008931
2690.0	0.008942
2695.0	0.008938
2700.0	0.008926
2705.0	0.008912
2710.0	0.008909
2715.0	0.008931
2720.0	0.008990
2725.0	0.009102
2730.0	0.009278
2735.0	0.009534
2740.0	0.009882
2745.0	0.010336
2750.0	0.010909
2755.0	0.011606
2760.0	0.012394
2765.0	0.013230
2770.0	0.014071
2775.0	0.014876
2780.0	0.015601
2785.0	0.016205
2790.0	0.016644
2795.0	0.016876
2800.0	0.016860
2805.0	0.016571
2810.0	0.016070
2815.0	0.015435
2820.0	0.014745
2825.0	0.014080
2830.0	0.013518
2835.0	0.013138
2840.0	0.013020
2845.0	0.013242
2850.0	0.013884
2855.0	0.014996
2860.0	0.016510
2865.0	0.018333
2870.0	0.020369
2875.0	0.022524
2880.0	0.024701
2885.0	0.026806
2890.0	0.028743
2895.0	0.030418
2900.0	0.031736
2905.0	0.032626
2910.0	0.033121
2915.0	0.033278
2920.0	0.033155
2925.0	0.032809
2930.0	0.032298
2935.0	0.031680
2940.0	0.031011
2945.0	0.030349
2950.0	0.029752
2955.0	0.029267
2960.0	0.028901
2965.0	0.028648
2970.0	0.028506
2975.0	0.028471
2980.0	0.028538
2985.0	0.028704
2990.0	0.028964
2995.0	0.029315
3000.0	0.029752
3005.0	0.030273
3010.0	0.030876
3015.0	0.031562
3020.0	0.032331
3025.0	0.033183
3030.0	0.034117
3035.0	0.035133
3040.0	0.036232
3045.0	0.037414
3050.0	0.038678
3055.0	0.040024
3060.0	0.041451
3065.0	0.042956
3070.0	0.044538
3075.0	0.046195
3080.0	0.047925
3085.0	0.049726
3090.0	0.051597
3095.0	0.053534
3100.0	0.055537
3105.0	0.057602
3110.0	0.059721
3115.0	0.061882
3120.0	0.064076
3125.0	0.066293
3130.0	0.068522
3135.0	0.070753
3140.0	0.072975
3145.0	0.075180
3150.0	0.077355
3155.0	0.079492
3160.0	0.102822
3165.0	0.096207
3170.0	0.093673
3175.0	0.097188
3180.0	0.100158
3185.0	0.096970
3190.0	0.094502
3195.0	0.099199
3200.0	0.111357
3205.0	0.100800
3210.0	0.081868
3215.0	0.068022
3220.0	0.064998
3225.0	0.073862
3230.0	0.084703
3235.0	0.088473
3240.0	0.090567
3245.0	0.098191
3250.0	0.111356
3255.0	0.127404
3260.0	0.140179
3265.0	0.144224
3270.0	0.140359
3275.0	0.132552
3280.0	0.131087
3285.0	0.143391
3290.0	0.159145
3295.0	0.166324
3300.0	0.163817
3305.0	0.154743
3310.0	0.148225
3315.0	0.151262
3320.0	0.156351
3325.0	0.155523
3330.0	0.153449
3335.0	0.156176
3340.0	0.162610
3345.0	0.168985
3350.0	0.167981
3355.0	0.155478
3360.0	0.143696
3365.0	0.144033
3370.0	0.148282
3375.0	0.147184
3380.0	0.146891
3385.0	0.154477
3390.0	0.165284
3395.0	0.172572
3400.0	0.173004
3405.0	0.166097
3410.0	0.159395
3415.0	0.160053
3420.0	0.165626
3425.0	0.170213
3430.0	0.163670
3435.0	0.140914
3440.0	0.121367
3445.0	0.123569
3450.0	0.138043
3455.0	0.150445
3460.0	0.154983
3465.0	0.150639
3470.0	0.146943
3475.0	0.152131
3480.0	0.158711
3485.0	0.159387
3490.0	0.163365
3495.0	0.179251
3500.0	0.196734
3505.0	0.202951
3510.0	0.176709
3515.0	0.184818
3520.0	0.165737
3525.0	0.164733
3530.0	0.206567
3535.0	0.236664
3540.0	0.247996
3545.0	0.242262
3550.0	0.224592
3555.0	0.201456
3560.0	0.183625
3565.0	0.139833
3570.0	0.125155
3575.0	0.121458
3580.0	0.099827
3585.0	0.118469
3590.0	0.142717
3595.0	0.170111
3600.0	0.175135
3605.0	0.145735
3610.0	0.151162
3615.0	0.163449
3620.0	0.180650
3625.0	0.212626
3630.0	0.167051
3635.0	0.193100
3640.0	0.228217
3645.0	0.184818
3650.0	0.221841
3655.0	0.298406
3660.0	0.327205
3665.0	0.317929
3670.0	0.300829
3675.0	0.258868
3680.0	0.199667
3685.0	0.216170
3690.0	0.264304
3695.0	0.303055
3700.0	0.282817
3705.0	0.225743
3710.0	0.205576
3715.0	0.187912
3720.0	0.161727
3725.0	0.164380
3730.0	0.143297
3735.0	0.117941
3740.0	0.121159
3745.0	0.113717
3750.0	0.135670
3755.0	0.163126
3760.0	0.162703
3765.0	0.182604
3770.0	0.226204
3775.0	0.258309
3780.0	0.270619
3785.0	0.235735
3790.0	0.205357
3795.0	0.195315
3800.0	0.211284
3805.0	0.236345
3810.0	0.224115
3815.0	0.167254
3820.0	0.122148
3825.0	0.103491
3830.0	0.107833
3835.0	0.119835
3840.0	0.141524
3845.0	0.185718
3850.0	0.188106
3855.0	0.152217
3860.0	0.142097
3865.0	0.168221
3870.0	0.184214
3875.0	0.176167
3880.0	0.166851
3885.0	0.167664
3890.0	0.194447
3895.0	0.194505
3900.0	0.190472
3905.0	0.192801
3910.0	0.211331
3915.0	0.204662
3920.0	0.177277
3925.0	0.144776
3930.0	0.111105
3935.0	0.105264
3940.0	0.127185
3945.0	0.165390
3950.0	0.201447
3955.0	0.194144
3960.0	0.159339
3965.0	0.131811
3970.0	0.137228
3975.0	0.187436
3980.0	0.244527
3985.0	0.290667
3990.0	0.320301
3995.0	0.327537
4000.0	0.332738
4005.0	0.337059
4010.0	0.358581
4015.0	0.382484
4020.0	0.404054
4025.0	0.402782
4030.0	0.369835
4035.0	0.369637
4040.0	0.356331
4045.0	0.332190
4050.0	0.367211
4055.0	0.379491
4060.0	0.373158
4065.0	0.363528
4070.0	0.350902
4075.0	0.361989
4080.0	0.411177
4085.0	0.474857
4090.0	0.500929
4095.0	0.465110
4100.0	0.428033
4105.0	0.428370
4110.0	0.435738
4115.0	0.451107
4120.0	0.458937
4125.0	0.453522
4130.0	0.428006
4135.0	0.428856
4140.0	0.409115
4145.0	0.403565
4150.0	0.426469
4155.0	0.457138
4160.0	0.484897
4165.0	0.471454
4170.0	0.443102
4175.0	0.442314
4180.0	0.453273
4185.0	0.451191
4190.0	0.456983
4195.0	0.432604
4200.0	0.416074
4205.0	0.456301
4210.0	0.489434
4215.0	0.477641
4220.0	0.409254
4225.0	0.303164
4230.0	0.293717
4235.0	0.346149
4240.0	0.423305
4245.0	0.455096
4250.0	0.427862
4255.0	0.411770
4260.0	0.410489
4265.0	0.427136
4270.0	0.412559
4275.0	0.431526
4280.0	0.445950
4285.0	0.430537
4290.0	0.409628
4295.0	0.404053
4300.0	0.384734
4305.0	0.373317
4310.0	0.415495
4315.0	0.517684
4320.0	0.568638
4325.0	0.556110
4330.0	0.578561
4335.0	0.588991
4340.0	0.603050
4345.0	0.637842
4350.0	0.631566
4355.0	0.640366
4360.0	0.663655
4365.0	0.672100
4370.0	0.649551
4375.0	0.605625
4380.0	0.537947
4385.0	0.510850
4390.0	0.548223
4395.0	0.604621
4400.0	0.614633
4405.0	0.586151
4410.0	0.604662
4415.0	0.623440
4420.0	0.662698
4425.0	0.656379
4430.0	0.651047
4435.0	0.658049
4440.0	0.695138
4445.0	0.731005
4450.0	0.713039
4455.0	0.640082
4460.0	0.618717
4465.0	0.678836
4470.0	0.750818
4475.0	0.791183
4480.0	0.800466
4485.0	0.818424
4490.0	0.810147
4495.0	0.802557
4500.0	0.838938
4505.0	0.881752
4510.0	0.903919
4515.0	0.898732
4520.0	0.860517
4525.0	0.774056
4530.0	0.710648
4535.0	0.733714
4540.0	0.784249
4545.0	0.806197
4550.0	0.831141
4555.0	0.870653
4560.0	0.896202
4565.0	0.901661
4570.0	0.898451
4575.0	0.896068
4580.0	0.881051
4585.0	0.891340
4590.0	0.890557
4595.0	0.879043
4600.0	0.874614
4605.0	0.895483
4610.0	0.918027
4615.0	0.926754
4620.0	0.937002
4625.0	0.948657
4630.0	0.941177
4635.0	0.915067
4640.0	0.894401
4645.0	0.867998
4650.0	0.864397
4655.0	0.897168
4660.0	0.924953
4665.0	0.893872
4670.0	0.883907
4675.0	0.894434
4680.0	0.904073
4685.0	0.917553
4690.0	0.906747
4695.0	0.886959
4700.0	0.845745
4705.0	0.832382
4710.0	0.848800
4715.0	0.878208
4720.0	0.904814
4725.0	0.902298
4730.0	0.884170
4735.0	0.874146
4740.0	0.881504
4745.0	0.899323
4750.0	0.900052
4755.0	0.878374
4760.0	0.852330
4765.0	0.817213
4770.0	0.792149
4775.0	0.769548
4780.0	0.758826
4785.0	0.771093
4790.0	0.807703
4795.0	0.843146
4800.0	0.874045
4805.0	0.889700
4810.0	0.901189
4815.0	0.906247
4820.0	0.886156
4825.0	0.860052
4830.0	0.846363
4835.0	0.848789
4840.0	0.869931
4845.0	0.898349
4850.0	0.903612
4855.0	0.875452
4860.0	0.841759
4865.0	0.830982
4870.0	0.820820
4875.0	0.842780
4880.0	0.842169
4885.0	0.814146
4890.0	0.810114
4895.0	0.866328
4900.0	0.900039
4905.0	0.910982
4910.0	0.882066
4915.0	0.828612
4920.0	0.787918
4925.0	0.847442
4930.0	0.896068
4935.0	0.873721
4940.0	0.856917
4945.0	0.893899
4950.0	0.914023
4955.0	0.858229
4960.0	0.837093
4965.0	0.851105
4970.0	0.860426
4975.0	0.856251
4980.0	0.810209
4985.0	0.800265
4990.0	0.803277
4995.0	0.795580
5000.0	0.781247
5005.0	0.754608
5010.0	0.739853
5015.0	0.727262
5020.0	0.742645
5025.0	0.758202
5030.0	0.774356
5035.0	0.750451
5040.0	0.717635
5045.0	0.741068
5050.0	0.757613
5055.0	0.782084
5060.0	0.785047
5065.0	0.739747
5070.0	0.706580
5075.0	0.695753
5080.0	0.692903
5085.0	0.714084
5090.0	0.732705
5095.0	0.716342
5100.0	0.688228
5105.0	0.677515
5110.0	0.684025
5115.0	0.705869
5120.0	0.707400
5125.0	0.676572
5130.0	0.670856
5135.0	0.682272
5140.0	0.676047
5145.0	0.665758
5150.0	0.662011
5155.0	0.689727
5160.0	0.695383
5165.0	0.586881
5170.0	0.492250
5175.0	0.489550
5180.0	0.496410
5185.0	0.547597
5190.0	0.633752
5195.0	0.710320
5200.0	0.724865
5205.0	0.633251
5210.0	0.648584
5215.0	0.771162
5220.0	0.856714
5225.0	0.839184
5230.0	0.841938
5235.0	0.890608
5240.0	0.940107
5245.0	0.931242
5250.0	0.913332
5255.0	0.918988
5260.0	0.875295
5265.0	0.753320
5270.0	0.718407
5275.0	0.798925
5280.0	0.880765
5285.0	0.946137
5290.0	0.969372
5295.0	0.928589
5300.0	0.917381
5305.0	0.962461
5310.0	1.001720
5315.0	1.011204
5320.0	0.964339
5325.0	0.868367
5330.0	0.845688
5335.0	0.875909
5340.0	0.895655
5345.0	0.916849
5350.0	0.950059
5355.0	1.006412
5360.0	1.011703
5365.0	0.945294
5370.0	0.902088
5375.0	0.954164
5380.0	0.999866
5385.0	0.997040
5390.0	0.962457
5395.0	0.920271
5400.0	0.890260
5405.0	0.856003
5410.0	0.872876
5415.0	0.940949
5420.0	0.987867
5425.0	0.969811
5430.0	0.931754
5435.0	0.940916
5440.0	0.966733
5445.0	0.946964
5450.0	0.949446
5455.0	0.961776
5460.0	0.986430
5465.0	1.000374
5470.0	0.995286
5475.0	0.973104
5480.0	0.969648
5485.0	0.993181
5490.0	1.009985
5495.0	1.010423
5500.0	0.997826
5505.0	0.976466
5510.0	0.964436
5515.0	0.984963
5520.0	1.022423
5525.0	1.011735
5530.0	1.005118
5535.0	1.021327
5540.0	1.038474
5545.0	1.053081
5550.0	1.064724
5555.0	1.057221
5560.0	1.034190
5565.0	0.999609
5570.0	0.979438
5575.0	0.997895
5580.0	1.010947
5585.0	0.962344
5590.0	0.926423
5595.0	0.935365
5600.0	0.959039
5605.0	1.013292
5610.0	1.047790
5615.0	1.009893
5620.0	0.995020
5625.0	1.013269
5630.0	1.046421
5635.0	1.062873
5640.0	1.065579
5645.0	1.065127
5650.0	1.065562
5655.0	1.045802
5660.0	1.027955
5665.0	1.043126
5670.0	1.060380
5675.0	1.073515
5680.0	1.066091
5685.0	1.046159
5690.0	1.042314
5695.0	1.045743
5700.0	1.028013
5705.0	1.008006
5710.0	1.001784
5715.0	1.031855
5720.0	1.071012
5725.0	1.082058
5730.0	1.074390
5735.0	1.075015
5740.0	1.074433
5745.0	1.079987
5750.0	1.083948
5755.0	1.081336
5760.0	1.085328
5765.0	1.092274
5770.0	1.101384
5775.0	1.089036
5780.0	1.056373
5785.0	1.037431
5790.0	1.050973
5795.0	1.076530
5800.0	1.098795
5805.0	1.109259
5810.0	1.116449
5815.0	1.120535
5820.0	1.122490
5825.0	1.118378
5830.0	1.120735
5835.0	1.130456
5840.0	1.142647
5845.0	1.133377
5850.0	1.103293
5855.0	1.067762
5860.0	1.066076
5865.0	1.085648
5870.0	1.111480
5875.0	1.108213
5880.0	1.041539
5885.0	0.858388
5890.0	0.684361
5895.0	0.704571
5900.0	0.838643
5905.0	0.979637
5910.0	1.070584
5915.0	1.103687
5920.0	1.104558
5925.0	1.093861
5930.0	1.091156
5935.0	1.093800
5940.0	1.097282
5945.0	1.101811
5950.0	1.095266
5955.0	1.100895
5960.0	1.110517
5965.0	1.111438
5970.0	1.113577
5975.0	1.095048
5980.0	1.086609
5985.0	1.079288
5990.0	1.088484
5995.0	1.092463
6000.0	1.090113
6005.0	1.077018
6010.0	1.069494
6015.0	1.057617
6020.0	1.051644
6025.0	1.072420
6030.0	1.091867
6035.0	1.103638
6040.0	1.111988
6045.0	1.125117
6050.0	1.121062
6055.0	1.114064
6060.0	1.106406
6065.0	1.099627
6070.0	1.108737
6075.0	1.103188
6080.0	1.092057
6085.0	1.088356
6090.0	1.077852
6095.0	1.064515
6100.0	1.047756
6105.0	1.062888
6110.0	1.071844
6115.0	1.048230
6120.0	1.014185
6125.0	1.031911
6130.0	1.049907
6135.0	1.029994
6140.0	1.032860
6145.0	1.059261
6150.0	1.063690
6155.0	1.019073
6160.0	0.946408
6165.0	0.944132
6170.0	0.981116
6175.0	1.036243
6180.0	1.063168
6185.0	1.066758
6190.0	1.058308
6195.0	1.069926
6200.0	1.081077
6205.0	1.092021
6210.0	1.077446
6215.0	1.050307
6220.0	1.038672
6225.0	1.033386
6230.0	1.024706
6235.0	1.042920
6240.0	1.049367
6245.0	1.046641
6250.0	1.028966
6255.0	1.001910
6260.0	0.997895
6265.0	1.023186
6270.0	1.046939
6275.0	1.046797
6280.0	1.042631
6285.0	1.063729
6290.0	1.069290
6295.0	1.044886
6300.0	1.028758
6305.0	1.037710
6310.0	1.050272
6315.0	1.045442
6320.0	1.053271
6325.0	1.071015
6330.0	1.075868
6335.0	1.062615
6340.0	1.060716
6345.0	1.075739
6350.0	1.081060
6355.0	1.068467
6360.0	1.055244
6365.0	1.064659
6370.0	1.080920
6375.0	1.083292
6380.0	1.073572
6385.0	1.070219
6390.0	1.058735
6395.0	1.044544
6400.0	1.038692
6405.0	1.047248
6410.0	1.055214
6415.0	1.061904
6420.0	1.062375
6425.0	1.071474
6430.0	1.072665
6435.0	1.067355
6440.0	1.060524
6445.0	1.068703
6450.0	1.067944
6455.0	1.068174
6460.0	1.049522
6465.0	1.054309
6470.0	1.067472
6475.0	1.076821
6480.0	1.083448
6485.0	1.087331
6490.0	1.060353
6495.0	1.021909
6500.0	1.028801
6505.0	1.062291
6510.0	1.094637
6515.0	1.105254
6520.0	1.106778
6525.0	1.110988
6530.0	1.113551
6535.0	1.119104
6540.0	1.116356
6545.0	1.103202
6550.0	1.086670
6555.0	1.062562
6560.0	1.024562
6565.0	1.043179
6570.0	1.070251
6575.0	1.087588
6580.0	1.100921
6585.0	1.098733
6590.0	1.088996
6595.0	1.094462
6600.0	1.104008
6605.0	1.098859
6610.0	1.101570
6615.0	1.109713
6620.0	1.109771
6625.0	1.100762
6630.0	1.089461
6635.0	1.088473
6640.0	1.094606
6645.0	1.102071
6650.0	1.109200
6655.0	1.104874
6660.0	1.093118
6665.0	1.091886
6670.0	1.089931
6675.0	1.072534
6680.0	1.073620
6685.0	1.090854
6690.0	1.098147
6695.0	1.093550
6700.0	1.088827
6705.0	1.086617
6710.0	1.079301
6715.0	1.061457
6720.0	1.066833
6725.0	1.074569
6730.0	1.081051
6735.0	1.086594
6740.0	1.081135
6745.0	1.073143
6750.0	1.068781
6755.0	1.078838
6760.0	1.083276
6765.0	1.075395
6770.0	1.070228
6775.0	1.077787
6780.0	1.078710
6785.0	1.070949
6790.0	1.063286
6795.0	1.063414
6800.0	1.066602
6805.0	1.068019
6810.0	1.068775
6815.0	1.071545
6820.0	1.074197
6825.0	1.076356
6830.0	1.077244
6835.0	1.078866
6840.0	1.073556
6845.0	1.071843
6850.0	1.069137
6855.0	1.067303
6860.0	1.066827
6865.0	1.066019
6870.0	1.062454
6875.0	1.055750
6880.0	1.048766
6885.0	1.045793
6890.0	1.049112
6895.0	1.056615
6900.0	1.062935
6905.0	1.063840
6910.0	1.059617
6915.0	1.054578
6920.0	1.053479
6925.0	1.057684
6930.0	1.064309
6935.0	1.069270
6940.0	1.070828
6945.0	1.070125
6950.0	1.069444
6955.0	1.069677
6960.0	1.068906
6965.0	1.065794
6970.0	1.061388
6975.0	1.054105
6980.0	1.050587
6985.0	1.064559
6990.0	1.071446
6995.0	1.075028
7000.0	1.071834
7005.0	1.065494
7010.0	1.067863
7015.0	1.065973
7020.0	1.065349
7025.0	1.068880
7030.0	1.071488
7035.0	1.067677
7040.0	1.074414
7045.0	1.084051
7050.0	1.086948
7055.0	1.082130
7060.0	1.069362
7065.0	1.068361
7070.0	1.076738
7075.0	1.086764
7080.0	1.083684
7085.0	1.073473
7090.0	1.064687
7095.0	1.066645
7100.0	1.067170
7105.0	1.068643
7110.0	1.070673
7115.0	1.077136
7120.0	1.074518
7125.0	1.070117
7130.0	1.061530
7135.0	1.063763
7140.0	1.050909
7145.0	1.028766
7150.0	1.026830
7155.0	1.045361
7160.0	1.056879
7165.0	1.053142
7170.0	1.047023
7175.0	1.033958
7180.0	1.017297
7185.0	0.984421
7190.0	0.977852
7195.0	0.990089
7200.0	0.995618
7205.0	0.994112
7210.0	1.009471
7215.0	1.041459
7220.0	1.065850
7225.0	1.076720
7230.0	1.073561
7235.0	1.054050
7240.0	1.029086
7245.0	1.020714
7250.0	1.020923
7255.0	1.026497
7260.0	1.042224
7265.0	1.047154
7270.0	1.049057
7275.0	1.038367
7280.0	1.037010
7285.0	1.037408
7290.0	1.030364
7295.0	1.039587
7300.0	1.041248
7305.0	1.036179
7310.0	1.038389
7315.0	1.038228
7320.0	1.039877
7325.0	1.039391
7330.0	1.048351
7335.0	1.055793
7340.0	1.058816
7345.0	1.058914
7350.0	1.056219
7355.0	1.044902
7360.0	1.038313
7365.0	1.041721
7370.0	1.054066
7375.0	1.058984
7380.0	1.053156
7385.0	1.035888
7390.0	1.028439
7395.0	1.038486
7400.0	1.036056
7405.0	1.032603
7410.0	1.030155
7415.0	1.032763
7420.0	1.035836
7425.0	1.052489
7430.0	1.056521
7435.0	1.063872
7440.0	1.068166
7445.0	1.062638
7450.0	1.053687
7455.0	1.050317
7460.0	1.050705
7465.0	1.052080
7470.0	1.056396
7475.0	1.062927
7480.0	1.066339
7485.0	1.062423
7490.0	1.052601
7495.0	1.040904
7500.0	1.029336
7505.0	1.019803
7510.0	1.019010
7515.0	1.030409
7520.0	1.042038
7525.0	1.042061
7530.0	1.037146
7535.0	1.036195
7540.0	1.034869
7545.0	1.029373
7550.0	1.025728
7555.0	1.029812
7560.0	1.035102
7565.0	1.038162
7570.0	1.038399
7575.0	1.038393
7580.0	1.041117
7585.0	1.046315
7590.0	1.049651
7595.0	1.046283
7600.0	1.035583
7605.0	1.022340
7610.0	1.013578
7615.0	1.013229
7620.0	1.018822
7625.0	1.023738
7630.0	1.022821
7635.0	1.016004
7640.0	1.007643
7645.0	1.002498
7650.0	1.001827
7655.0	1.003588
7660.0	1.005623
7665.0	1.008102
7670.0	1.012969
7675.0	1.020910
7680.0	1.028879
7685.0	1.031426
7690.0	1.025142
7695.0	1.012076
7700.0	0.999319
7705.0	0.994678
7710.0	1.001143
7715.0	1.014694
7720.0	1.027080
7725.0	1.031003
7730.0	1.024414
7735.0	1.018445
7740.0	1.008215
7745.0	0.991456
7750.0	0.984031
7755.0	0.996654
7760.0	1.012938
7765.0	1.016381
7770.0	1.011136
7775.0	1.006924
7780.0	1.007195
7785.0	1.010566
7790.0	1.013932
7795.0	1.013368
7800.0	1.004187
7805.0	0.988627
7810.0	0.979843
7815.0	0.986707
7820.0	1.002151
7825.0	1.011796
7830.0	1.003828
7835.0	0.978771
7840.0	0.957770
7845.0	0.960687
7850.0	0.979296
7855.0	0.994743
7860.0	1.001966
7865.0	1.001965
7870.0	0.993144
7875.0	0.979639
7880.0	0.972508
7885.0	0.976416
7890.0	0.984084
7895.0	0.986382
7900.0	0.980636
7905.0	0.971336
7910.0	0.967016
7915.0	0.971850
7920.0	0.980808
7925.0	0.984494
7930.0	0.975266
7935.0	0.953215
7940.0	0.928654
7945.0	0.913884
7950.0	0.917015
7955.0	0.936860
7960.0	0.957149
7965.0	0.963180
7970.0	0.958032
7975.0	0.951813
7980.0	0.951559
7985.0	0.958679
7990.0	0.964395
7995.0	0.959156
8000.0	0.948657
8005.0	0.943364
8010.0	0.943311
8015.0	0.946683
8020.0	0.951512
8025.0	0.954039
8030.0	0.960647
8035.0	0.975290
8040.0	0.980257
8045.0	0.964559
8050.0	0.951261
8055.0	0.960806
8060.0	0.976224
8065.0	0.976607
8070.0	0.968742
8075.0	0.964438
8080.0	0.961076
8085.0	0.954150
8090.0	0.946424
8095.0	0.941464
8100.0	0.940591
8105.0	0.943700
8110.0	0.945872
8115.0	0.943287
8120.0	0.942895
8125.0	0.950609
8130.0	0.957519
8135.0	0.954636
8140.0	0.947659
8145.0	0.944265
8150.0	0.944357
8155.0	0.945756
8160.0	0.943923
8165.0	0.935541
8170.0	0.929543
8175.0	0.932939
8180.0	0.931846
8185.0	0.914765
8190.0	0.892348
8195.0	0.878891
8200.0	0.887256
8205.0	0.920534
8210.0	0.951005
8215.0	0.953902
8220.0	0.939223
8225.0	0.924172
8230.0	0.917282
8235.0	0.921487
8240.0	0.932580
8245.0	0.944279
8250.0	0.949008
8255.0	0.943476
8260.0	0.937922
8265.0	0.941498
8270.0	0.946217
8275.0	0.942841
8280.0	0.938184
8285.0	0.939775
8290.0	0.941587
8295.0	0.937402
8300.0	0.929969
8305.0	0.923944
8310.0	0.923377
8315.0	0.928319
8320.0	0.926771
8325.0	0.910263
8330.0	0.894580
8335.0	0.895754
8340.0	0.904777
8345.0	0.909532
8350.0	0.912399
8355.0	0.917025
8360.0	0.918595
8365.0	0.913411
8370.0	0.910413
8375.0	0.916587
8380.0	0.917010
8385.0	0.899914
8390.0	0.887148
8395.0	0.899282
8400.0	0.920420
8405.0	0.930040
8410.0	0.926808
8415.0	0.915651
8420.0	0.904304
8425.0	0.899100
8430.0	0.895347
8435.0	0.888809
8440.0	0.891471
8445.0	0.912012
8450.0	0.933742
8455.0	0.940026
8460.0	0.937329
8465.0	0.936449
8470.0	0.937550
8475.0	0.937527
8480.0	0.935917
8485.0	0.931134
8490.0	0.916855
8495.0	0.893210
8500.0	0.879654
8505.0	0.891101
8510.0	0.908487
8515.0	0.907444
8520.0	0.894117
8525.0	0.881597
8530.0	0.867842
8535.0	0.849276
8540.0	0.810238
8545.0	0.745883
8550.0	0.724381
8555.0	0.796141
8560.0	0.886103
8565.0	0.916621
8570.0	0.907793
8575.0	0.897750
8580.0	0.892136
8585.0	0.886946
8590.0	0.882527
8595.0	0.880314
8600.0	0.877182
8605.0	0.870675
8610.0	0.865131
8615.0	0.864442
8620.0	0.867722
8625.0	0.874732
8630.0	0.887995
8635.0	0.906205
8640.0	0.917669
8645.0	0.912213
8650.0	0.896373
8655.0	0.879350
8660.0	0.845771
8665.0	0.788709
8670.0	0.767060
8675.0	0.824128
8680.0	0.895619
8685.0	0.914485
8690.0	0.896064
8695.0	0.874411
8700.0	0.887887
8705.0	0.897880
8710.0	0.909644
8715.0	0.915517
8720.0	0.912758
8725.0	0.904670
8730.0	0.896953
8735.0	0.893000
8740.0	0.891709
8745.0	0.888561
8750.0	0.878840
8755.0	0.861194
8760.0	0.839567
8765.0	0.821558
8770.0	0.814055
8775.0	0.818831
8780.0	0.830895
8785.0	0.841219
8790.0	0.843145
8795.0	0.837532
8800.0	0.831880
8805.0	0.834396
8810.0	0.847792
8815.0	0.867276
8820.0	0.884475
8825.0	0.894071
8830.0	0.896809
8835.0	0.896915
8840.0	0.897254
8845.0	0.896393
8850.0	0.890165
8855.0	0.876457
8860.0	0.857934
8865.0	0.840646
8870.0	0.830070
8875.0	0.827679
8880.0	0.830811
8885.0	0.835580
8890.0	0.839849
8895.0	0.843899
8900.0	0.849110
8905.0	0.856034
8910.0	0.863426
8915.0	0.868933
8920.0	0.870659
8925.0	0.868298
8930.0	0.863338
8935.0	0.858366
8940.0	0.855754
8945.0	0.856428
8950.0	0.859535
8955.0	0.863193
8960.0	0.865721
8965.0	0.866639
8970.0	0.866827
8975.0	0.867374
8980.0	0.868561
8985.0	0.869579
8990.0	0.869000
8995.0	0.865684
9000.0	0.859558
9005.0	0.851606
9010.0	0.843637
9015.0	0.837911
9020.0	0.836421
9025.0	0.839916
9030.0	0.847136
9035.0	0.855129
9040.0	0.860925
9045.0	0.863298
9050.0	0.863326
9055.0	0.863144
9060.0	0.863596
9065.0	0.863103
9070.0	0.858927
9075.0	0.849849
9080.0	0.837745
9085.0	0.826662
9090.0	0.819971
9095.0	0.817761
9100.0	0.817360
9105.0	0.826600
9110.0	0.825160
9115.0	0.822167
9120.0	0.818268
9125.0	0.813395
9130.0	0.807519
9135.0	0.800902
9140.0	0.794773
9145.0	0.791163
9150.0	0.791211
9155.0	0.794710
9160.0	0.800252
9165.0	0.806130
9170.0	0.811324
9175.0	0.815804
9180.0	0.819860
9185.0	0.823176
9190.0	0.824792
9195.0	0.824026
9200.0	0.821341
9205.0	0.818495
9210.0	0.817788
9215.0	0.819743
9220.0	0.822438
9225.0	0.822429
9230.0	0.816179
9235.0	0.802697
9240.0	0.784269
9245.0	0.765391
9250.0	0.751141
9255.0	0.744585
9260.0	0.745815
9265.0	0.752391
9270.0	0.760391
9275.0	0.766808
9280.0	0.770659
9285.0	0.772839
9290.0	0.775378
9295.0	0.779346
9300.0	0.783762
9305.0	0.786144
9310.0	0.784060
9315.0	0.776962
9320.0	0.766841
9325.0	0.757108
9330.0	0.749825
9335.0	0.744940
9340.0	0.740366
9345.0	0.733583
9350.0	0.725084
9355.0	0.716877
9360.0	0.711783
9365.0	0.712532
9370.0	0.719555
9375.0	0.732797
9380.0	0.751851
9385.0	0.774861
9390.0	0.797206
9395.0	0.812856
9400.0	0.816401
9405.0	0.805478
9410.0	0.784108
9415.0	0.758462
9420.0	0.734056
9425.0	0.714368
9430.0	0.699728
9435.0	0.690318
9440.0	0.687044
9445.0	0.690377
9450.0	0.698351
9455.0	0.707249
9460.0	0.713334
9465.0	0.714938
9470.0	0.714212
9475.0	0.714135
9480.0	0.716122
9485.0	0.719450
9490.0	0.722143
9495.0	0.723849
9500.0	0.726619
9505.0	0.733219
9510.0	0.744304
9515.0	0.757234
9520.0	0.767669
9525.0	0.772456
9530.0	0.771871
9535.0	0.768655
9540.0	0.765614
9545.0	0.763456
9550.0	0.760636
9555.0	0.755306
9560.0	0.747111
9565.0	0.737713
9570.0	0.729673
9575.0	0.724646
9580.0	0.722423
9585.0	0.721509
9590.0	0.720711
9595.0	0.720173
9600.0	0.721658
9605.0	0.727398
9610.0	0.737739
9615.0	0.750781
9620.0	0.762610
9625.0	0.769017
9630.0	0.769005
9635.0	0.764558
9640.0	0.759715
9645.0	0.758287
9650.0	0.759982
9655.0	0.762070
9660.0	0.761012
9665.0	0.754485
9670.0	0.744351
9675.0	0.733631
9680.0	0.724835
9685.0	0.719305
9690.0	0.716602
9695.0	0.716891
9700.0	0.721377
9705.0	0.730968
9710.0	0.744578
9715.0	0.758664
9720.0	0.768338
9725.0	0.769847
9730.0	0.763304
9735.0	0.751791
9740.0	0.739740
9745.0	0.730820
9750.0	0.725693
9755.0	0.723030
9760.0	0.720934
9765.0	0.718281
9770.0	0.715838
9775.0	0.715628
9780.0	0.719749
9785.0	0.728907
9790.0	0.741363
9795.0	0.753384
9800.0	0.760768
9805.0	0.760855
9810.0	0.753940
9815.0	0.743229
9820.0	0.733051
9825.0	0.726625
9830.0	0.725095
9835.0	0.727082
9840.0	0.730137
9845.0	0.732531
9850.0	0.733187
9855.0	0.732178
9860.0	0.729951
9865.0	0.726782
9870.0	0.723667
9875.0	0.721522
9880.0	0.721264
9885.0	0.723476
9890.0	0.727149
9895.0	0.730866
9900.0	0.733099
9905.0	0.734155
9910.0	0.733147
9915.0	0.731413
9920.0	0.730293
9925.0	0.730746
9930.0	0.732204
9935.0	0.733720
9940.0	0.734346
9945.0	0.733536
9950.0	0.732338
9955.0	0.732204
9960.0	0.734582
9965.0	0.740226
9970.0	0.747088
9975.0	0.752424
9980.0	0.753491
9985.0	0.748621
9990.0	0.740455
9995.0	0.732713
10000.0	0.729115
10005.0	0.732158
10010.0	0.739456
10015.0	0.747405
10020.0	0.752395
10025.0	0.751794
10030.0	0.746852
10035.0	0.739794
10040.0	0.732842
10045.0	0.727794
10050.0	0.724739
10055.0	0.723341
10060.0	0.723261
10065.0	0.724137
10070.0	0.725501
10075.0	0.726856
10080.0	0.727708
10085.0	0.727636
10090.0	0.726506
10095.0	0.724262
10100.0	0.720843
10105.0	0.716420
10110.0	0.712075
10115.0	0.709116
10120.0	0.708853
10125.0	0.711946
10130.0	0.716454
10135.0	0.719786
10140.0	0.719350
10145.0	0.713501
10150.0	0.704384
10155.0	0.695087
10160.0	0.688701
10165.0	0.687399
10170.0	0.689694
10175.0	0.693183
10180.0	0.695461
10185.0	0.694810
10190.0	0.692241
10195.0	0.689450
10200.0	0.688132
10205.0	0.689381
10210.0	0.691878
10215.0	0.693703
10220.0	0.692935
10225.0	0.688350
10230.0	0.681503
10235.0	0.674644
10240.0	0.670023
10245.0	0.669235
10250.0	0.671247
10255.0	0.674372
10260.0	0.676921
10265.0	0.677685
10270.0	0.677377
10275.0	0.677190
10280.0	0.678314
10285.0	0.681489
10290.0	0.685644
10295.0	0.689254
10300.0	0.690795
10305.0	0.689302
10310.0	0.686048
10315.0	0.682865
10320.0	0.681587
10325.0	0.683467
10330.0	0.687452
10335.0	0.691909
10340.0	0.695206
10345.0	0.696175
10350.0	0.695500
10355.0	0.694329
10360.0	0.693810
10365.0	0.694722
10370.0	0.696356
10375.0	0.697635
10380.0	0.697481
10385.0	0.695270
10390.0	0.692197
10395.0	0.689913
10400.0	0.690066
10405.0	0.693641
10410.0	0.698951
10415.0	0.703647
10420.0	0.705375
10425.0	0.702514
10430.0	0.696351
10435.0	0.688905
10440.0	0.682194
10445.0	0.677804
10450.0	0.675597
10455.0	0.675005
10460.0	0.675460
10465.0	0.676484
10470.0	0.677966
10475.0	0.679889
10480.0	0.682231
10485.0	0.684867
10490.0	0.687235
10495.0	0.688668
10500.0	0.688498
10505.0	0.686311
10510.0	0.682722
10515.0	0.678603
10520.0	0.674822
10525.0	0.672139
10530.0	0.670861
10535.0	0.671184
10540.0	0.673303
10545.0	0.677170
10550.0	0.681758
10555.0	0.685795
10560.0	0.688011
10565.0	0.687422
10570.0	0.684198
10575.0	0.678797
10580.0	0.671677
10585.0	0.663544
10590.0	0.656089
10595.0	0.651251
10600.0	0.650970
10605.0	0.656591
10610.0	0.667084
10615.0	0.680825
10620.0	0.696190
