#-- m0iii
#\*l[Angstrom]	F(\*l)/F(555.6Angstrom]
1150.0	0.000000
1155.0	0.000000
1160.0	0.000000
1165.0	0.000000
1170.0	0.000000
1175.0	0.000000
1180.0	0.000000
1185.0	0.000000
1190.0	0.000000
1195.0	0.000000
1200.0	0.000000
1205.0	0.000000
1210.0	0.000000
1215.0	0.000000
1220.0	0.000000
1225.0	0.000000
1230.0	0.000000
1235.0	0.000000
1240.0	0.000000
1245.0	0.000000
1250.0	0.000000
1255.0	0.000000
1260.0	0.000000
1265.0	0.000000
1270.0	0.000000
1275.0	0.000000
1280.0	0.000000
1285.0	0.000000
1290.0	0.000000
1295.0	0.000000
1300.0	0.000000
1305.0	0.000000
1310.0	0.000000
1315.0	0.000000
1320.0	0.000000
1325.0	0.000000
1330.0	0.000000
1335.0	0.000000
1340.0	0.000000
1345.0	0.000000
1350.0	0.000000
1355.0	0.000000
1360.0	0.000000
1365.0	0.000000
1370.0	0.000000
1375.0	0.000000
1380.0	0.000000
1385.0	0.000000
1390.0	0.000000
1395.0	0.000000
1400.0	0.000000
1405.0	0.000000
1410.0	0.000000
1415.0	0.000000
1420.0	0.000000
1425.0	0.000000
1430.0	0.000000
1435.0	0.000000
1440.0	0.000000
1445.0	0.000000
1450.0	0.000000
1455.0	0.000000
1460.0	0.000000
1465.0	0.000000
1470.0	0.000000
1475.0	0.000000
1480.0	0.000000
1485.0	0.000000
1490.0	0.000000
1495.0	0.000000
1500.0	0.000000
1505.0	0.000000
1510.0	0.000000
1515.0	0.000000
1520.0	0.000000
1525.0	0.000000
1530.0	0.000000
1535.0	0.000000
1540.0	0.000000
1545.0	0.000000
1550.0	0.000000
1555.0	0.000000
1560.0	0.000000
1565.0	0.000000
1570.0	0.000000
1575.0	0.000000
1580.0	0.000000
1585.0	0.000000
1590.0	0.000000
1595.0	0.000000
1600.0	0.000000
1605.0	0.000000
1610.0	0.000000
1615.0	0.000000
1620.0	0.000000
1625.0	0.000000
1630.0	0.000000
1635.0	0.000000
1640.0	0.000000
1645.0	0.000000
1650.0	0.000000
1655.0	0.000000
1660.0	0.000000
1665.0	0.000000
1670.0	0.000000
1675.0	0.000000
1680.0	0.000000
1685.0	0.000000
1690.0	0.000000
1695.0	0.000000
1700.0	0.000000
1705.0	0.000000
1710.0	0.000000
1715.0	0.000000
1720.0	0.000000
1725.0	0.000000
1730.0	0.000000
1735.0	0.000000
1740.0	0.000000
1745.0	0.000000
1750.0	0.000000
1755.0	0.000000
1760.0	0.000000
1765.0	0.000000
1770.0	0.000000
1775.0	0.000000
1780.0	0.000000
1785.0	0.000000
1790.0	0.000000
1795.0	0.000000
1800.0	0.000000
1805.0	0.000000
1810.0	0.000000
1815.0	0.000000
1820.0	0.000000
1825.0	0.000000
1830.0	0.000000
1835.0	0.000000
1840.0	0.000000
1845.0	0.000000
1850.0	0.000000
1855.0	0.000000
1860.0	0.000000
1865.0	0.000000
1870.0	0.000000
1875.0	0.000000
1880.0	0.000000
1885.0	0.000000
1890.0	0.000000
1895.0	0.000000
1900.0	0.000000
1905.0	0.000000
1910.0	0.000000
1915.0	0.000000
1920.0	0.000000
1925.0	0.000000
1930.0	0.000000
1935.0	0.000000
1940.0	0.000000
1945.0	0.000000
1950.0	0.000000
1955.0	0.000000
1960.0	0.000000
1965.0	0.000000
1970.0	0.000000
1975.0	0.000000
1980.0	0.000000
1985.0	0.000000
1990.0	0.000000
1995.0	0.000000
2000.0	0.000000
2005.0	0.000000
2010.0	0.000000
2015.0	0.000000
2020.0	0.000000
2025.0	0.000000
2030.0	0.000000
2035.0	0.000000
2040.0	0.000000
2045.0	0.000000
2050.0	0.000000
2055.0	0.000000
2060.0	0.000000
2065.0	0.000000
2070.0	0.000000
2075.0	0.000000
2080.0	0.000000
2085.0	0.000000
2090.0	0.000000
2095.0	0.000000
2100.0	0.000000
2105.0	0.000000
2110.0	0.000000
2115.0	0.000000
2120.0	0.000000
2125.0	0.000000
2130.0	0.000000
2135.0	0.000000
2140.0	0.000000
2145.0	0.000000
2150.0	0.000000
2155.0	0.000000
2160.0	0.000000
2165.0	0.000000
2170.0	0.000000
2175.0	0.000000
2180.0	0.000000
2185.0	0.000000
2190.0	0.000000
2195.0	0.000000
2200.0	0.000000
2205.0	0.000000
2210.0	0.000000
2215.0	0.000000
2220.0	0.000000
2225.0	0.000000
2230.0	0.000000
2235.0	0.000000
2240.0	0.000000
2245.0	0.000000
2250.0	0.000000
2255.0	0.000000
2260.0	0.000000
2265.0	0.000000
2270.0	0.000000
2275.0	0.000000
2280.0	0.000000
2285.0	0.000000
2290.0	0.000000
2295.0	0.000000
2300.0	0.000000
2305.0	0.000000
2310.0	0.000000
2315.0	0.000000
2320.0	0.000000
2325.0	0.000000
2330.0	0.000000
2335.0	0.000000
2340.0	0.000000
2345.0	0.000000
2350.0	0.000000
2355.0	0.000000
2360.0	0.000000
2365.0	0.000000
2370.0	0.000000
2375.0	0.000000
2380.0	0.000000
2385.0	0.000000
2390.0	0.000000
2395.0	0.000000
2400.0	0.000000
2405.0	0.000000
2410.0	0.000000
2415.0	0.000000
2420.0	0.000000
2425.0	0.000000
2430.0	0.000000
2435.0	0.000000
2440.0	0.000000
2445.0	0.000000
2450.0	0.000000
2455.0	0.000000
2460.0	0.000000
2465.0	0.000000
2470.0	0.000000
2475.0	0.000000
2480.0	0.000000
2485.0	0.000000
2490.0	0.000000
2495.0	0.000000
2500.0	0.000000
2505.0	0.000000
2510.0	0.000000
2515.0	0.000000
2520.0	0.000000
2525.0	0.000000
2530.0	0.000000
2535.0	0.000000
2540.0	0.000000
2545.0	0.000000
2550.0	0.000000
2555.0	0.000001
2560.0	0.000002
2565.0	0.000003
2570.0	0.000004
2575.0	0.000004
2580.0	0.000005
2585.0	0.000005
2590.0	0.000004
2595.0	0.000002
2600.0	0.000000
2605.0	0.000000
2610.0	0.000000
2615.0	0.000000
2620.0	0.000000
2625.0	0.000000
2630.0	0.000000
2635.0	0.000000
2640.0	0.000000
2645.0	0.000000
2650.0	0.000000
2655.0	0.000012
2660.0	0.000026
2665.0	0.000040
2670.0	0.000053
2675.0	0.000063
2680.0	0.000067
2685.0	0.000065
2690.0	0.000054
2695.0	0.000033
2700.0	0.000000
2705.0	0.000000
2710.0	0.000000
2715.0	0.000000
2720.0	0.000000
2725.0	0.000000
2730.0	0.000000
2735.0	0.000000
2740.0	0.000000
2745.0	0.000000
2750.0	0.000000
2755.0	0.000171
2760.0	0.000380
2765.0	0.000615
2770.0	0.000862
2775.0	0.001111
2780.0	0.001347
2785.0	0.001558
2790.0	0.001732
2795.0	0.001856
2800.0	0.001917
2805.0	0.001907
2810.0	0.001838
2815.0	0.001723
2820.0	0.001579
2825.0	0.001421
2830.0	0.001265
2835.0	0.001125
2840.0	0.001017
2845.0	0.000956
2850.0	0.000958
2855.0	0.001034
2860.0	0.001172
2865.0	0.001361
2870.0	0.001585
2875.0	0.001829
2880.0	0.002081
2885.0	0.002326
2890.0	0.002550
2895.0	0.002737
2900.0	0.002875
2905.0	0.002955
2910.0	0.002989
2915.0	0.002996
2920.0	0.002994
2925.0	0.003002
2930.0	0.003038
2935.0	0.003121
2940.0	0.003269
2945.0	0.003500
2950.0	0.003834
2955.0	0.004281
2960.0	0.004823
2965.0	0.005435
2970.0	0.006093
2975.0	0.006770
2980.0	0.007443
2985.0	0.008086
2990.0	0.008674
2995.0	0.009182
3000.0	0.009585
3005.0	0.009865
3010.0	0.010040
3015.0	0.010133
3020.0	0.010169
3025.0	0.010172
3030.0	0.010167
3035.0	0.010177
3040.0	0.010226
3045.0	0.010340
3050.0	0.010543
3055.0	0.010850
3060.0	0.011244
3065.0	0.011698
3070.0	0.012187
3075.0	0.012684
3080.0	0.013163
3085.0	0.013598
3090.0	0.013963
3095.0	0.014231
3100.0	0.014377
3105.0	0.014384
3110.0	0.014277
3115.0	0.014090
3120.0	0.013857
3125.0	0.013612
3130.0	0.013390
3135.0	0.013226
3140.0	0.013153
3145.0	0.013206
3150.0	0.013419
3155.0	0.013813
3160.0	0.042104
3165.0	0.035844
3170.0	0.032129
3175.0	0.032333
3180.0	0.033374
3185.0	0.032070
3190.0	0.029292
3195.0	0.026716
3200.0	0.031223
3205.0	0.030819
3210.0	0.030918
3215.0	0.029240
3220.0	0.026916
3225.0	0.025361
3230.0	0.023702
3235.0	0.021115
3240.0	0.019251
3245.0	0.019704
3250.0	0.021364
3255.0	0.022566
3260.0	0.022116
3265.0	0.019542
3270.0	0.016784
3275.0	0.015959
3280.0	0.017461
3285.0	0.020899
3290.0	0.024459
3295.0	0.026383
3300.0	0.026558
3305.0	0.025526
3310.0	0.024792
3315.0	0.025489
3320.0	0.026282
3325.0	0.025786
3330.0	0.024877
3335.0	0.024565
3340.0	0.024136
3345.0	0.023063
3350.0	0.023295
3355.0	0.025981
3360.0	0.026608
3365.0	0.021704
3370.0	0.017618
3375.0	0.020444
3380.0	0.025443
3385.0	0.027106
3390.0	0.027692
3395.0	0.030190
3400.0	0.032758
3405.0	0.033153
3410.0	0.032349
3415.0	0.031826
3420.0	0.031863
3425.0	0.032193
3430.0	0.031571
3435.0	0.029220
3440.0	0.027206
3445.0	0.027564
3450.0	0.029335
3455.0	0.030956
3460.0	0.031430
3465.0	0.030432
3470.0	0.029770
3475.0	0.031011
3480.0	0.032641
3485.0	0.033038
3490.0	0.033217
3495.0	0.034433
3500.0	0.036223
3505.0	0.037633
3510.0	0.028955
3515.0	0.030570
3520.0	0.029807
3525.0	0.032572
3530.0	0.041376
3535.0	0.047793
3540.0	0.050011
3545.0	0.045740
3550.0	0.042632
3555.0	0.044610
3560.0	0.043110
3565.0	0.037171
3570.0	0.032435
3575.0	0.025066
3580.0	0.023598
3585.0	0.022556
3590.0	0.027018
3595.0	0.035991
3600.0	0.038836
3605.0	0.035679
3610.0	0.035776
3615.0	0.041786
3620.0	0.044864
3625.0	0.051527
3630.0	0.051161
3635.0	0.052063
3640.0	0.055995
3645.0	0.050061
3650.0	0.052858
3655.0	0.061141
3660.0	0.066858
3665.0	0.067328
3670.0	0.066876
3675.0	0.065566
3680.0	0.060028
3685.0	0.056650
3690.0	0.061545
3695.0	0.068514
3700.0	0.069518
3705.0	0.059990
3710.0	0.056353
3715.0	0.056803
3720.0	0.045593
3725.0	0.045900
3730.0	0.041509
3735.0	0.036022
3740.0	0.037588
3745.0	0.035763
3750.0	0.039570
3755.0	0.047048
3760.0	0.049731
3765.0	0.054461
3770.0	0.062358
3775.0	0.069043
3780.0	0.072925
3785.0	0.068846
3790.0	0.060911
3795.0	0.058725
3800.0	0.060049
3805.0	0.061955
3810.0	0.061803
3815.0	0.052506
3820.0	0.044165
3825.0	0.043321
3830.0	0.044690
3835.0	0.046445
3840.0	0.049619
3845.0	0.054963
3850.0	0.056498
3855.0	0.054332
3860.0	0.052493
3865.0	0.057131
3870.0	0.057795
3875.0	0.056801
3880.0	0.057347
3885.0	0.057924
3890.0	0.065694
3895.0	0.068519
3900.0	0.070554
3905.0	0.073171
3910.0	0.074346
3915.0	0.072046
3920.0	0.065825
3925.0	0.054264
3930.0	0.040701
3935.0	0.038370
3940.0	0.046380
3945.0	0.059361
3950.0	0.072599
3955.0	0.072837
3960.0	0.062876
3965.0	0.049232
3970.0	0.048682
3975.0	0.069108
3980.0	0.092402
3985.0	0.110005
3990.0	0.121687
3995.0	0.130058
4000.0	0.138790
4005.0	0.145785
4010.0	0.156468
4015.0	0.167593
4020.0	0.167875
4025.0	0.163640
4030.0	0.154415
4035.0	0.155080
4040.0	0.157818
4045.0	0.152287
4050.0	0.164903
4055.0	0.170340
4060.0	0.165137
4065.0	0.163625
4070.0	0.162853
4075.0	0.165095
4080.0	0.182742
4085.0	0.208343
4090.0	0.218417
4095.0	0.199791
4100.0	0.183542
4105.0	0.191230
4110.0	0.195062
4115.0	0.191757
4120.0	0.189792
4125.0	0.193381
4130.0	0.188111
4135.0	0.186965
4140.0	0.179806
4145.0	0.172658
4150.0	0.177864
4155.0	0.192596
4160.0	0.206331
4165.0	0.202315
4170.0	0.189279
4175.0	0.186102
4180.0	0.197568
4185.0	0.209376
4190.0	0.212604
4195.0	0.202476
4200.0	0.191405
4205.0	0.205553
4210.0	0.219091
4215.0	0.213872
4220.0	0.190898
4225.0	0.145125
4230.0	0.140832
4235.0	0.179877
4240.0	0.230595
4245.0	0.257974
4250.0	0.241897
4255.0	0.223744
4260.0	0.227978
4265.0	0.248230
4270.0	0.242165
4275.0	0.236123
4280.0	0.238645
4285.0	0.227759
4290.0	0.223115
4295.0	0.234544
4300.0	0.228879
4305.0	0.221912
4310.0	0.248083
4315.0	0.309682
4320.0	0.338175
4325.0	0.331094
4330.0	0.343764
4335.0	0.353702
4340.0	0.354280
4345.0	0.374424
4350.0	0.376185
4355.0	0.384013
4360.0	0.396998
4365.0	0.409294
4370.0	0.398568
4375.0	0.378153
4380.0	0.338102
4385.0	0.312010
4390.0	0.326205
4395.0	0.367570
4400.0	0.381366
4405.0	0.347541
4410.0	0.352681
4415.0	0.374032
4420.0	0.406739
4425.0	0.408602
4430.0	0.405281
4435.0	0.411345
4440.0	0.439388
4445.0	0.461724
4450.0	0.462674
4455.0	0.419060
4460.0	0.393094
4465.0	0.416448
4470.0	0.453339
4475.0	0.492886
4480.0	0.511296
4485.0	0.524555
4490.0	0.508722
4495.0	0.496364
4500.0	0.525005
4505.0	0.559372
4510.0	0.575618
4515.0	0.567134
4520.0	0.543037
4525.0	0.489682
4530.0	0.454484
4535.0	0.473178
4540.0	0.503449
4545.0	0.525688
4550.0	0.542280
4555.0	0.570854
4560.0	0.596565
4565.0	0.610565
4570.0	0.612123
4575.0	0.607907
4580.0	0.597049
4585.0	0.599184
4590.0	0.592594
4595.0	0.578740
4600.0	0.580309
4605.0	0.612380
4610.0	0.664342
4615.0	0.701856
4620.0	0.706024
4625.0	0.682085
4630.0	0.648342
4635.0	0.604480
4640.0	0.571836
4645.0	0.553891
4650.0	0.575231
4655.0	0.622735
4660.0	0.654647
4665.0	0.617364
4670.0	0.591581
4675.0	0.595236
4680.0	0.607233
4685.0	0.619431
4690.0	0.629348
4695.0	0.642855
4700.0	0.643731
4705.0	0.639611
4710.0	0.639373
4715.0	0.660085
4720.0	0.679315
4725.0	0.656896
4730.0	0.637354
4735.0	0.661414
4740.0	0.680227
4745.0	0.695453
4750.0	0.698694
4755.0	0.677183
4760.0	0.631504
4765.0	0.588732
4770.0	0.583139
4775.0	0.597898
4780.0	0.598516
4785.0	0.594484
4790.0	0.612544
4795.0	0.649855
4800.0	0.675066
4805.0	0.650917
4810.0	0.636608
4815.0	0.656039
4820.0	0.670196
4825.0	0.663138
4830.0	0.649702
4835.0	0.655269
4840.0	0.664044
4845.0	0.664211
4850.0	0.656059
4855.0	0.639688
4860.0	0.621563
4865.0	0.623869
4870.0	0.637025
4875.0	0.659634
4880.0	0.669522
4885.0	0.652461
4890.0	0.660225
4895.0	0.716978
4900.0	0.757153
4905.0	0.762163
4910.0	0.751888
4915.0	0.740683
4920.0	0.728036
4925.0	0.772634
4930.0	0.798408
4935.0	0.770351
4940.0	0.760130
4945.0	0.814439
4950.0	0.830812
4955.0	0.733325
4960.0	0.652342
4965.0	0.640932
4970.0	0.667687
4975.0	0.681611
4980.0	0.663054
4985.0	0.665777
4990.0	0.676123
4995.0	0.672416
5000.0	0.649614
5005.0	0.625669
5010.0	0.608042
5015.0	0.600207
5020.0	0.619936
5025.0	0.653990
5030.0	0.688836
5035.0	0.671066
5040.0	0.651350
5045.0	0.688950
5050.0	0.709361
5055.0	0.749307
5060.0	0.756828
5065.0	0.717848
5070.0	0.693317
5075.0	0.678358
5080.0	0.664696
5085.0	0.689202
5090.0	0.715900
5095.0	0.704047
5100.0	0.686786
5105.0	0.669380
5110.0	0.670712
5115.0	0.705895
5120.0	0.702229
5125.0	0.670459
5130.0	0.671929
5135.0	0.698033
5140.0	0.711152
5145.0	0.680631
5150.0	0.663427
5155.0	0.710183
5160.0	0.717947
5165.0	0.591483
5170.0	0.486621
5175.0	0.489599
5180.0	0.523043
5185.0	0.575417
5190.0	0.620150
5195.0	0.664755
5200.0	0.659596
5205.0	0.584442
5210.0	0.595879
5215.0	0.705067
5220.0	0.777991
5225.0	0.764440
5230.0	0.785254
5235.0	0.820031
5240.0	0.840081
5245.0	0.797449
5250.0	0.763488
5255.0	0.799014
5260.0	0.802939
5265.0	0.724800
5270.0	0.705009
5275.0	0.788133
5280.0	0.877803
5285.0	0.927946
5290.0	0.942609
5295.0	0.895259
5300.0	0.882945
5305.0	0.950203
5310.0	0.993611
5315.0	0.986513
5320.0	0.944176
5325.0	0.868474
5330.0	0.839880
5335.0	0.895680
5340.0	0.916800
5345.0	0.921029
5350.0	0.954920
5355.0	1.030143
5360.0	1.051226
5365.0	0.997688
5370.0	0.950493
5375.0	0.990500
5380.0	1.033266
5385.0	1.012267
5390.0	0.969482
5395.0	0.936213
5400.0	0.922573
5405.0	0.888732
5410.0	0.911661
5415.0	1.009867
5420.0	1.068256
5425.0	1.056010
5430.0	1.004076
5435.0	0.994385
5440.0	1.034630
5445.0	0.996642
5450.0	0.912206
5455.0	0.871852
5460.0	0.876782
5465.0	0.903203
5470.0	0.922348
5475.0	0.905597
5480.0	0.905784
5485.0	0.938533
5490.0	0.961206
5495.0	0.966685
5500.0	0.951322
5505.0	0.931071
5510.0	0.925283
5515.0	0.937940
5520.0	0.983290
5525.0	0.992912
5530.0	0.998209
5535.0	1.012548
5540.0	1.030713
5545.0	1.049898
5550.0	1.065579
5555.0	1.051009
5560.0	1.031449
5565.0	1.013345
5570.0	1.015443
5575.0	1.035959
5580.0	1.041503
5585.0	1.003583
5590.0	0.965284
5595.0	0.956048
5600.0	0.951818
5605.0	0.986159
5610.0	1.012115
5615.0	0.988307
5620.0	0.966329
5625.0	0.958078
5630.0	0.962469
5635.0	0.967336
5640.0	0.971215
5645.0	0.990008
5650.0	1.012335
5655.0	1.015082
5660.0	0.999447
5665.0	0.996098
5670.0	1.004557
5675.0	1.045701
5680.0	1.070052
5685.0	1.081209
5690.0	1.087215
5695.0	1.082915
5700.0	1.054914
5705.0	1.024758
5710.0	1.022548
5715.0	1.069054
5720.0	1.114954
5725.0	1.113320
5730.0	1.103230
5735.0	1.114078
5740.0	1.128684
5745.0	1.145437
5750.0	1.154011
5755.0	1.150573
5760.0	1.135841
5765.0	1.143520
5770.0	1.160407
5775.0	1.140113
5780.0	1.097542
5785.0	1.086433
5790.0	1.122880
5795.0	1.172896
5800.0	1.225030
5805.0	1.226696
5810.0	1.206129
5815.0	1.188445
5820.0	1.187794
5825.0	1.198675
5830.0	1.214102
5835.0	1.207824
5840.0	1.203416
5845.0	1.181847
5850.0	1.129515
5855.0	1.097237
5860.0	1.079983
5865.0	1.067467
5870.0	1.068704
5875.0	1.051976
5880.0	1.015122
5885.0	0.926342
5890.0	0.818690
5895.0	0.812788
5900.0	0.879168
5905.0	0.949945
5910.0	0.990360
5915.0	0.997977
5920.0	0.999124
5925.0	1.015865
5930.0	1.039218
5935.0	1.045100
5940.0	1.049631
5945.0	1.050864
5950.0	1.043917
5955.0	1.040787
5960.0	1.062306
5965.0	1.086018
5970.0	1.107899
5975.0	1.093774
5980.0	1.079791
5985.0	1.093214
5990.0	1.124986
5995.0	1.133559
6000.0	1.120320
6005.0	1.115332
6010.0	1.119843
6015.0	1.119690
6020.0	1.137797
6025.0	1.174344
6030.0	1.204187
6035.0	1.214477
6040.0	1.223888
6045.0	1.250617
6050.0	1.262071
6055.0	1.245146
6060.0	1.233465
6065.0	1.242638
6070.0	1.281779
6075.0	1.275140
6080.0	1.246709
6085.0	1.237942
6090.0	1.237048
6095.0	1.249131
6100.0	1.253328
6105.0	1.256200
6110.0	1.265547
6115.0	1.259691
6120.0	1.237470
6125.0	1.253402
6130.0	1.264086
6135.0	1.225220
6140.0	1.222933
6145.0	1.252963
6150.0	1.229505
6155.0	1.169550
6160.0	1.059558
6165.0	1.014826
6170.0	1.019805
6175.0	1.041290
6180.0	1.048363
6185.0	0.993110
6190.0	0.935469
6195.0	0.957821
6200.0	0.993409
6205.0	1.015226
6210.0	0.989605
6215.0	0.930035
6220.0	0.889243
6225.0	0.872018
6230.0	0.869524
6235.0	0.881279
6240.0	0.885222
6245.0	0.915196
6250.0	0.937487
6255.0	0.927236
6260.0	0.935373
6265.0	0.973312
6270.0	0.993953
6275.0	0.992046
6280.0	0.997533
6285.0	1.052234
6290.0	1.091969
6295.0	1.075755
6300.0	1.078357
6305.0	1.106424
6310.0	1.141056
6315.0	1.145596
6320.0	1.153202
6325.0	1.185288
6330.0	1.215480
6335.0	1.214333
6340.0	1.207606
6345.0	1.218369
6350.0	1.229214
6355.0	1.178796
6360.0	1.137237
6365.0	1.195422
6370.0	1.267533
6375.0	1.288006
6380.0	1.272570
6385.0	1.278059
6390.0	1.285127
6395.0	1.295899
6400.0	1.311451
6405.0	1.318876
6410.0	1.315448
6415.0	1.308678
6420.0	1.303964
6425.0	1.314036
6430.0	1.314744
6435.0	1.341052
6440.0	1.363887
6445.0	1.346136
6450.0	1.310424
6455.0	1.350585
6460.0	1.385280
6465.0	1.392592
6470.0	1.390515
6475.0	1.357548
6480.0	1.325068
6485.0	1.316452
6490.0	1.292602
6495.0	1.234594
6500.0	1.240706
6505.0	1.294525
6510.0	1.347611
6515.0	1.374816
6520.0	1.376863
6525.0	1.384756
6530.0	1.400208
6535.0	1.425358
6540.0	1.428828
6545.0	1.392269
6550.0	1.350505
6555.0	1.306490
6560.0	1.275849
6565.0	1.298430
6570.0	1.344010
6575.0	1.351093
6580.0	1.359818
6585.0	1.376813
6590.0	1.380768
6595.0	1.375119
6600.0	1.381000
6605.0	1.360132
6610.0	1.351276
6615.0	1.375399
6620.0	1.380383
6625.0	1.350420
6630.0	1.327979
6635.0	1.328213
6640.0	1.341233
6645.0	1.334822
6650.0	1.298477
6655.0	1.267545
6660.0	1.265757
6665.0	1.275652
6670.0	1.294302
6675.0	1.266003
6680.0	1.227459
6685.0	1.226645
6690.0	1.234218
6695.0	1.232292
6700.0	1.244560
6705.0	1.259642
6710.0	1.246886
6715.0	1.190711
6720.0	1.165929
6725.0	1.179317
6730.0	1.202173
6735.0	1.210329
6740.0	1.203497
6745.0	1.181274
6750.0	1.170224
6755.0	1.201703
6760.0	1.239233
6765.0	1.238924
6770.0	1.241506
6775.0	1.261015
6780.0	1.257241
6785.0	1.220605
6790.0	1.215198
6795.0	1.232219
6800.0	1.259962
6805.0	1.277853
6810.0	1.283091
6815.0	1.280525
6820.0	1.286200
6825.0	1.295716
6830.0	1.302426
6835.0	1.315015
6840.0	1.339368
6845.0	1.341799
6850.0	1.340897
6855.0	1.339054
6860.0	1.338096
6865.0	1.339432
6870.0	1.343352
6875.0	1.349860
6880.0	1.358917
6885.0	1.370281
6890.0	1.382932
6895.0	1.395655
6900.0	1.407234
6905.0	1.416722
6910.0	1.424245
6915.0	1.430207
6920.0	1.435028
6925.0	1.439112
6930.0	1.442753
6935.0	1.446296
6940.0	1.450375
6945.0	1.455321
6950.0	1.459936
6955.0	1.463665
6960.0	1.470040
6965.0	1.479859
6970.0	1.478897
6975.0	1.466229
6980.0	1.451191
6985.0	1.474948
6990.0	1.481677
6995.0	1.485384
7000.0	1.477197
7005.0	1.483631
7010.0	1.502924
7015.0	1.493238
7020.0	1.508627
7025.0	1.516426
7030.0	1.532646
7035.0	1.541699
7040.0	1.561985
7045.0	1.579210
7050.0	1.523129
7055.0	1.406745
7060.0	1.335311
7065.0	1.306796
7070.0	1.334363
7075.0	1.383549
7080.0	1.376872
7085.0	1.285083
7090.0	1.207099
7095.0	1.189819
7100.0	1.201346
7105.0	1.214043
7110.0	1.222965
7115.0	1.248568
7120.0	1.241302
7125.0	1.141889
7130.0	1.071500
7135.0	1.079450
7140.0	1.118598
7145.0	1.140713
7150.0	1.160085
7155.0	1.193924
7160.0	1.206024
7165.0	1.206668
7170.0	1.216427
7175.0	1.213028
7180.0	1.211072
7185.0	1.191622
7190.0	1.187720
7195.0	1.195148
7200.0	1.201703
7205.0	1.211056
7210.0	1.235261
7215.0	1.284936
7220.0	1.333403
7225.0	1.352689
7230.0	1.359742
7235.0	1.347542
7240.0	1.339590
7245.0	1.357827
7250.0	1.374514
7255.0	1.384738
7260.0	1.390652
7265.0	1.400306
7270.0	1.409327
7275.0	1.409838
7280.0	1.404628
7285.0	1.410138
7290.0	1.413813
7295.0	1.444730
7300.0	1.471257
7305.0	1.473935
7310.0	1.474942
7315.0	1.472108
7320.0	1.477673
7325.0	1.481187
7330.0	1.498135
7335.0	1.518624
7340.0	1.544296
7345.0	1.539635
7350.0	1.519240
7355.0	1.484693
7360.0	1.476848
7365.0	1.511597
7370.0	1.559266
7375.0	1.591614
7380.0	1.591311
7385.0	1.552464
7390.0	1.536201
7395.0	1.553192
7400.0	1.587842
7405.0	1.604331
7410.0	1.574849
7415.0	1.554809
7420.0	1.561631
7425.0	1.578378
7430.0	1.603960
7435.0	1.604393
7440.0	1.598796
7445.0	1.608586
7450.0	1.616673
7455.0	1.605338
7460.0	1.592857
7465.0	1.598304
7470.0	1.607954
7475.0	1.605368
7480.0	1.596053
7485.0	1.589305
7490.0	1.587630
7495.0	1.590881
7500.0	1.595088
7505.0	1.597811
7510.0	1.606554
7515.0	1.626351
7520.0	1.642412
7525.0	1.641683
7530.0	1.637872
7535.0	1.645456
7540.0	1.655206
7545.0	1.656004
7550.0	1.652842
7555.0	1.653077
7560.0	1.657398
7565.0	1.664369
7570.0	1.670722
7575.0	1.672607
7580.0	1.665680
7585.0	1.647565
7590.0	1.624245
7595.0	1.603784
7600.0	1.594209
7605.0	1.600793
7610.0	1.617821
7615.0	1.636831
7620.0	1.649359
7625.0	1.649199
7630.0	1.639190
7635.0	1.624428
7640.0	1.610013
7645.0	1.599665
7650.0	1.591595
7655.0	1.582639
7660.0	1.569628
7665.0	1.550761
7670.0	1.529690
7675.0	1.511428
7680.0	1.500970
7685.0	1.501713
7690.0	1.510694
7695.0	1.523291
7700.0	1.534628
7705.0	1.541068
7710.0	1.544203
7715.0	1.546036
7720.0	1.544972
7725.0	1.541479
7730.0	1.547872
7735.0	1.569870
7740.0	1.574984
7745.0	1.538998
7750.0	1.509013
7755.0	1.529287
7760.0	1.561398
7765.0	1.561960
7770.0	1.550410
7775.0	1.552345
7780.0	1.555197
7785.0	1.544149
7790.0	1.533586
7795.0	1.539362
7800.0	1.554029
7805.0	1.567158
7810.0	1.579712
7815.0	1.592944
7820.0	1.597887
7825.0	1.586369
7830.0	1.563623
7835.0	1.539238
7840.0	1.526844
7845.0	1.535149
7850.0	1.549156
7855.0	1.553236
7860.0	1.552963
7865.0	1.555876
7870.0	1.556198
7875.0	1.548644
7880.0	1.543209
7885.0	1.547881
7890.0	1.547316
7895.0	1.527928
7900.0	1.506472
7905.0	1.500567
7910.0	1.500928
7915.0	1.496041
7920.0	1.492370
7925.0	1.497252
7930.0	1.503549
7935.0	1.502745
7940.0	1.495306
7945.0	1.485519
7950.0	1.483964
7955.0	1.498447
7960.0	1.519368
7965.0	1.535008
7970.0	1.542568
7975.0	1.543005
7980.0	1.543365
7985.0	1.548549
7990.0	1.548788
7995.0	1.536693
8000.0	1.529066
8005.0	1.542464
8010.0	1.568259
8015.0	1.589772
8020.0	1.583315
8025.0	1.539892
8030.0	1.516300
8035.0	1.558079
8040.0	1.599940
8045.0	1.578263
8050.0	1.546926
8055.0	1.564207
8060.0	1.588487
8065.0	1.572455
8070.0	1.545912
8075.0	1.545666
8080.0	1.559445
8085.0	1.566193
8090.0	1.558808
8095.0	1.538698
8100.0	1.527354
8105.0	1.540650
8110.0	1.551893
8115.0	1.537334
8120.0	1.527540
8125.0	1.551544
8130.0	1.577911
8135.0	1.572144
8140.0	1.547961
8145.0	1.527194
8150.0	1.515908
8155.0	1.513295
8160.0	1.506824
8165.0	1.487926
8170.0	1.475616
8175.0	1.487272
8180.0	1.506130
8185.0	1.511796
8190.0	1.503510
8195.0	1.488560
8200.0	1.486829
8205.0	1.512760
8210.0	1.546477
8215.0	1.562889
8220.0	1.550377
8225.0	1.510021
8230.0	1.480236
8235.0	1.495476
8240.0	1.537034
8245.0	1.574786
8250.0	1.586112
8255.0	1.563120
8260.0	1.549316
8265.0	1.580158
8270.0	1.607497
8275.0	1.583209
8280.0	1.542895
8285.0	1.529956
8290.0	1.535287
8295.0	1.538742
8300.0	1.528517
8305.0	1.502547
8310.0	1.489360
8315.0	1.511173
8320.0	1.534339
8325.0	1.525012
8330.0	1.504404
8335.0	1.498899
8340.0	1.500503
8345.0	1.497946
8350.0	1.501228
8355.0	1.518722
8360.0	1.530994
8365.0	1.521698
8370.0	1.514624
8375.0	1.530456
8380.0	1.537311
8385.0	1.507935
8390.0	1.486169
8395.0	1.514929
8400.0	1.562342
8405.0	1.587036
8410.0	1.584440
8415.0	1.562023
8420.0	1.538615
8425.0	1.528756
8430.0	1.518450
8435.0	1.495859
8440.0	1.486315
8445.0	1.512389
8450.0	1.548425
8455.0	1.563566
8460.0	1.554350
8465.0	1.529057
8470.0	1.515526
8475.0	1.536254
8480.0	1.572807
8485.0	1.593742
8490.0	1.556503
8495.0	1.447623
8500.0	1.381101
8505.0	1.449434
8510.0	1.531652
8515.0	1.504101
8520.0	1.445865
8525.0	1.451215
8530.0	1.472447
8535.0	1.443953
8540.0	1.370492
8545.0	1.285451
8550.0	1.266345
8555.0	1.364199
8560.0	1.479971
8565.0	1.511893
8570.0	1.497376
8575.0	1.493997
8580.0	1.500823
8585.0	1.504721
8590.0	1.502269
8595.0	1.496306
8600.0	1.505013
8605.0	1.540167
8610.0	1.572606
8615.0	1.574994
8620.0	1.568249
8625.0	1.576706
8630.0	1.590106
8635.0	1.593432
8640.0	1.587217
8645.0	1.577688
8650.0	1.578304
8655.0	1.587742
8660.0	1.538315
8665.0	1.392525
8670.0	1.299985
8675.0	1.389357
8680.0	1.518404
8685.0	1.537915
8690.0	1.541695
8695.0	1.611593
8700.0	1.538619
8705.0	1.544069
8710.0	1.556199
8715.0	1.565759
8720.0	1.571433
8725.0	1.572502
8730.0	1.570631
8735.0	1.568083
8740.0	1.567120
8745.0	1.569319
8750.0	1.573514
8755.0	1.577852
8760.0	1.580482
8765.0	1.580049
8770.0	1.577179
8775.0	1.572994
8780.0	1.568617
8785.0	1.564890
8790.0	1.561538
8795.0	1.558005
8800.0	1.553734
8805.0	1.548598
8810.0	1.544185
8815.0	1.542510
8820.0	1.545588
8825.0	1.554591
8830.0	1.567313
8835.0	1.580705
8840.0	1.591719
8845.0	1.597947
8850.0	1.599552
8855.0	1.597337
8860.0	1.592105
8865.0	1.584766
8870.0	1.576650
8875.0	1.569190
8880.0	1.563823
8885.0	1.561502
8890.0	1.561257
8895.0	1.561641
8900.0	1.561202
8905.0	1.558836
8910.0	1.554811
8915.0	1.549740
8920.0	1.544235
8925.0	1.538957
8930.0	1.534757
8935.0	1.532537
8940.0	1.533194
8945.0	1.537233
8950.0	1.543568
8955.0	1.550715
8960.0	1.557193
8965.0	1.561534
8970.0	1.562334
8975.0	1.558204
8980.0	1.547756
8985.0	1.530687
8990.0	1.511052
8995.0	1.493993
9000.0	1.484651
9005.0	1.486903
9010.0	1.499564
9015.0	1.520187
9020.0	1.546324
9025.0	1.575256
9030.0	1.603195
9035.0	1.626084
9040.0	1.639864
9045.0	1.641602
9050.0	1.632852
9055.0	1.616290
9060.0	1.594595
9065.0	1.570494
9070.0	1.546926
9075.0	1.526878
9080.0	1.513342
9085.0	1.508252
9090.0	1.509329
9095.0	1.513243
9100.0	1.516659
9105.0	1.516885
9110.0	1.513774
9115.0	1.507819
9120.0	1.499513
9125.0	1.489369
9130.0	1.477986
9135.0	1.465984
9140.0	1.453983
9145.0	1.442602
9150.0	1.432460
9155.0	1.424175
9160.0	1.418365
9165.0	1.415621
9170.0	1.416422
9175.0	1.421220
9180.0	1.430467
9185.0	1.444006
9190.0	1.459249
9195.0	1.472998
9200.0	1.482055
9205.0	1.484171
9210.0	1.480894
9215.0	1.474721
9220.0	1.468147
9225.0	1.462958
9230.0	1.458090
9235.0	1.451766
9240.0	1.442213
9245.0	1.428686
9250.0	1.414570
9255.0	1.404281
9260.0	1.402237
9265.0	1.411142
9270.0	1.426844
9275.0	1.443482
9280.0	1.455192
9285.0	1.457401
9290.0	1.450695
9295.0	1.436952
9300.0	1.418046
9305.0	1.396817
9310.0	1.379953
9315.0	1.375105
9320.0	1.389922
9325.0	1.427736
9330.0	1.474600
9335.0	1.512248
9340.0	1.522411
9345.0	1.493194
9350.0	1.438172
9355.0	1.377292
9360.0	1.330500
9365.0	1.313349
9370.0	1.323830
9375.0	1.355538
9380.0	1.402072
9385.0	1.456095
9390.0	1.506543
9395.0	1.541416
9400.0	1.548715
9405.0	1.520926
9410.0	1.468465
9415.0	1.406234
9420.0	1.349133
9425.0	1.309257
9430.0	1.287473
9435.0	1.281844
9440.0	1.290430
9445.0	1.310519
9450.0	1.336306
9455.0	1.361214
9460.0	1.378665
9465.0	1.384023
9470.0	1.380427
9475.0	1.372955
9480.0	1.366690
9485.0	1.365704
9490.0	1.370040
9495.0	1.378735
9500.0	1.390826
9505.0	1.405187
9510.0	1.420053
9515.0	1.433498
9520.0	1.443594
9525.0	1.449055
9530.0	1.451143
9535.0	1.451759
9540.0	1.452806
9545.0	1.455505
9550.0	1.458356
9555.0	1.459181
9560.0	1.455801
9565.0	1.446866
9570.0	1.434345
9575.0	1.421037
9580.0	1.409742
9585.0	1.402730
9590.0	1.400160
9595.0	1.401664
9600.0	1.406874
9605.0	1.415049
9610.0	1.423959
9615.0	1.431002
9620.0	1.433577
9625.0	1.429897
9630.0	1.421440
9635.0	1.410500
9640.0	1.399370
9645.0	1.390149
9650.0	1.384154
9655.0	1.382508
9660.0	1.386334
9665.0	1.395839
9670.0	1.407572
9675.0	1.417166
9680.0	1.420253
9685.0	1.414047
9690.0	1.402084
9695.0	1.389481
9700.0	1.381352
9705.0	1.381309
9710.0	1.386930
9715.0	1.394289
9720.0	1.399459
9725.0	1.399578
9730.0	1.396036
9735.0	1.391288
9740.0	1.387791
9745.0	1.387348
9750.0	1.389153
9755.0	1.391751
9760.0	1.393685
9765.0	1.393983
9770.0	1.393617
9775.0	1.394040
9780.0	1.396709
9785.0	1.402596
9790.0	1.410742
9795.0	1.419708
9800.0	1.428053
9805.0	1.434635
9810.0	1.439506
9815.0	1.443018
9820.0	1.445523
9825.0	1.447284
9830.0	1.448209
9835.0	1.448119
9840.0	1.446835
9845.0	1.444354
9850.0	1.441384
9855.0	1.438808
9860.0	1.437512
9865.0	1.438069
9870.0	1.439805
9875.0	1.441738
9880.0	1.442883
9885.0	1.442551
9890.0	1.441229
9895.0	1.439697
9900.0	1.438738
9905.0	1.438850
9910.0	1.439400
9915.0	1.439469
9920.0	1.438143
9925.0	1.434916
9930.0	1.430923
9935.0	1.427714
9940.0	1.426835
9945.0	1.429308
9950.0	1.434044
9955.0	1.439429
9960.0	1.443849
9965.0	1.446062
9970.0	1.446324
9975.0	1.445265
9980.0	1.443514
9985.0	1.441645
9990.0	1.440013
9995.0	1.438914
10000.0	1.438649
10005.0	1.439372
10010.0	1.440668
10015.0	1.441979
10020.0	1.442746
10025.0	1.442476
10030.0	1.440934
10035.0	1.437948
10040.0	1.433349
10045.0	1.427262
10050.0	1.421009
10055.0	1.416207
10060.0	1.414474
10065.0	1.416884
10070.0	1.422343
10075.0	1.429213
10080.0	1.435855
10085.0	1.440920
10090.0	1.444210
10095.0	1.445816
10100.0	1.445831
10105.0	1.444407
10110.0	1.441942
10115.0	1.438899
10120.0	1.435737
10125.0	1.432851
10130.0	1.430370
10135.0	1.428355
10140.0	1.426868
10145.0	1.425873
10150.0	1.424942
10155.0	1.423548
10160.0	1.421165
10165.0	1.417548
10170.0	1.413585
10175.0	1.410444
10180.0	1.409294
10185.0	1.410887
10190.0	1.414309
10195.0	1.418230
10200.0	1.421319
10205.0	1.422585
10210.0	1.422397
10215.0	1.421465
10220.0	1.420496
10225.0	1.420063
10230.0	1.420191
10235.0	1.420771
10240.0	1.421690
10245.0	1.422826
10250.0	1.424013
10255.0	1.425069
10260.0	1.425817
10265.0	1.426101
10270.0	1.425870
10275.0	1.425096
10280.0	1.423753
10285.0	1.421845
10290.0	1.419510
10295.0	1.416915
10300.0	1.414229
10305.0	1.411576
10310.0	1.408894
10315.0	1.406079
10320.0	1.403024
10325.0	1.399732
10330.0	1.396629
10335.0	1.394254
10340.0	1.393142
10345.0	1.393618
10350.0	1.395171
10355.0	1.397078
10360.0	1.398616
10365.0	1.399222
10370.0	1.398961
10375.0	1.398057
10380.0	1.396732
10385.0	1.395253
10390.0	1.394045
10395.0	1.393578
10400.0	1.394319
10405.0	1.396557
10410.0	1.399858
10415.0	1.403609
10420.0	1.407196
10425.0	1.410030
10430.0	1.411626
10435.0	1.411524
10440.0	1.409264
10445.0	1.404754
10450.0	1.399382
10455.0	1.394904
10460.0	1.393078
10465.0	1.395095
10470.0	1.399893
10475.0	1.405846
10480.0	1.411326
10485.0	1.415005
10490.0	1.416745
10495.0	1.416709
10500.0	1.415055
10505.0	1.412087
10510.0	1.408669
10515.0	1.405807
10520.0	1.404508
10525.0	1.405464
10530.0	1.408124
10535.0	1.411621
10540.0	1.415090
10545.0	1.417750
10550.0	1.419157
10555.0	1.418950
10560.0	1.416769
10565.0	1.412428
10570.0	1.406431
10575.0	1.399459
10580.0	1.392191
10585.0	1.385299
10590.0	1.379432
10595.0	1.375232
10600.0	1.373338
10605.0	1.374165
10610.0	1.377203
10615.0	1.381716
10620.0	1.386967
