#-- m0v
#\*l[Angstrom]	F(\*l)/F(555.6Angstrom]
1150.0	0.000000
1155.0	0.000000
1160.0	0.000000
1165.0	0.000000
1170.0	0.000000
1175.0	0.000000
1180.0	0.000000
1185.0	0.000000
1190.0	0.000000
1195.0	0.000000
1200.0	0.000000
1205.0	0.000000
1210.0	0.000000
1215.0	0.000000
1220.0	0.000000
1225.0	0.000000
1230.0	0.000000
1235.0	0.000000
1240.0	0.000000
1245.0	0.000000
1250.0	0.000000
1255.0	0.000000
1260.0	0.000000
1265.0	0.000000
1270.0	0.000000
1275.0	0.000000
1280.0	0.000000
1285.0	0.000000
1290.0	0.000000
1295.0	0.000000
1300.0	0.000000
1305.0	0.000000
1310.0	0.000000
1315.0	0.000000
1320.0	0.000000
1325.0	0.000000
1330.0	0.000000
1335.0	0.000000
1340.0	0.000000
1345.0	0.000000
1350.0	0.000000
1355.0	0.000000
1360.0	0.000000
1365.0	0.000000
1370.0	0.000000
1375.0	0.000000
1380.0	0.000000
1385.0	0.000000
1390.0	0.000000
1395.0	0.000000
1400.0	0.000000
1405.0	0.000000
1410.0	0.000000
1415.0	0.000000
1420.0	0.000000
1425.0	0.000000
1430.0	0.000000
1435.0	0.000000
1440.0	0.000000
1445.0	0.000000
1450.0	0.000000
1455.0	0.000000
1460.0	0.000000
1465.0	0.000000
1470.0	0.000000
1475.0	0.000000
1480.0	0.000000
1485.0	0.000000
1490.0	0.000000
1495.0	0.000000
1500.0	0.000000
1505.0	0.000000
1510.0	0.000000
1515.0	0.000000
1520.0	0.000000
1525.0	0.000000
1530.0	0.000000
1535.0	0.000000
1540.0	0.000000
1545.0	0.000000
1550.0	0.000000
1555.0	0.000000
1560.0	0.000000
1565.0	0.000000
1570.0	0.000000
1575.0	0.000000
1580.0	0.000000
1585.0	0.000000
1590.0	0.000000
1595.0	0.000000
1600.0	0.000000
1605.0	0.000000
1610.0	0.000000
1615.0	0.000000
1620.0	0.000000
1625.0	0.000000
1630.0	0.000000
1635.0	0.000000
1640.0	0.000000
1645.0	0.000000
1650.0	0.000000
1655.0	0.000000
1660.0	0.000000
1665.0	0.000000
1670.0	0.000000
1675.0	0.000000
1680.0	0.000000
1685.0	0.000000
1690.0	0.000000
1695.0	0.000000
1700.0	0.000000
1705.0	0.000000
1710.0	0.000000
1715.0	0.000000
1720.0	0.000000
1725.0	0.000000
1730.0	0.000000
1735.0	0.000000
1740.0	0.000000
1745.0	0.000000
1750.0	0.000000
1755.0	0.000000
1760.0	0.000000
1765.0	0.000000
1770.0	0.000000
1775.0	0.000000
1780.0	0.000000
1785.0	0.000000
1790.0	0.000000
1795.0	0.000000
1800.0	0.000000
1805.0	0.000000
1810.0	0.000000
1815.0	0.000000
1820.0	0.000000
1825.0	0.000000
1830.0	0.000000
1835.0	0.000000
1840.0	0.000000
1845.0	0.000000
1850.0	0.000000
1855.0	0.000000
1860.0	0.000000
1865.0	0.000000
1870.0	0.000000
1875.0	0.000000
1880.0	0.000000
1885.0	0.000000
1890.0	0.000000
1895.0	0.000000
1900.0	0.000000
1905.0	0.000000
1910.0	0.000000
1915.0	0.000000
1920.0	0.000000
1925.0	0.000000
1930.0	0.000000
1935.0	0.000000
1940.0	0.000000
1945.0	0.000000
1950.0	0.000000
1955.0	0.000000
1960.0	0.000000
1965.0	0.000000
1970.0	0.000000
1975.0	0.000000
1980.0	0.000000
1985.0	0.000000
1990.0	0.000000
1995.0	0.000000
2000.0	0.000000
2005.0	0.000000
2010.0	0.000000
2015.0	0.000000
2020.0	0.000000
2025.0	0.000000
2030.0	0.000000
2035.0	0.000000
2040.0	0.000000
2045.0	0.000000
2050.0	0.000000
2055.0	0.000000
2060.0	0.000000
2065.0	0.000000
2070.0	0.000000
2075.0	0.000000
2080.0	0.000000
2085.0	0.000000
2090.0	0.000000
2095.0	0.000000
2100.0	0.000000
2105.0	0.000000
2110.0	0.000000
2115.0	0.000000
2120.0	0.000000
2125.0	0.000000
2130.0	0.000000
2135.0	0.000000
2140.0	0.000000
2145.0	0.000000
2150.0	0.000000
2155.0	0.000000
2160.0	0.000000
2165.0	0.000000
2170.0	0.000000
2175.0	0.000000
2180.0	0.000000
2185.0	0.000000
2190.0	0.000000
2195.0	0.000000
2200.0	0.000000
2205.0	0.000000
2210.0	0.000000
2215.0	0.000000
2220.0	0.000000
2225.0	0.000000
2230.0	0.000000
2235.0	0.000000
2240.0	0.000000
2245.0	0.000000
2250.0	0.000000
2255.0	0.000000
2260.0	0.000000
2265.0	0.000000
2270.0	0.000000
2275.0	0.000000
2280.0	0.000000
2285.0	0.000000
2290.0	0.000000
2295.0	0.000000
2300.0	0.000000
2305.0	0.000000
2310.0	0.000000
2315.0	0.000000
2320.0	0.000000
2325.0	0.000000
2330.0	0.000000
2335.0	0.000000
2340.0	0.000000
2345.0	0.000000
2350.0	0.000000
2355.0	0.000000
2360.0	0.000000
2365.0	0.000000
2370.0	0.000000
2375.0	0.000000
2380.0	0.000000
2385.0	0.000000
2390.0	0.000000
2395.0	0.000000
2400.0	0.000000
2405.0	0.000000
2410.0	0.000000
2415.0	0.000000
2420.0	0.000000
2425.0	0.000000
2430.0	0.000000
2435.0	0.000000
2440.0	0.000000
2445.0	0.000000
2450.0	0.000000
2455.0	0.000000
2460.0	0.000000
2465.0	0.000000
2470.0	0.000000
2475.0	0.000000
2480.0	0.000000
2485.0	0.000000
2490.0	0.000000
2495.0	0.000000
2500.0	0.000000
2505.0	0.000000
2510.0	0.000000
2515.0	0.000000
2520.0	0.000000
2525.0	0.000000
2530.0	0.000000
2535.0	0.000000
2540.0	0.000000
2545.0	0.000000
2550.0	0.000000
2555.0	0.000000
2560.0	0.000000
2565.0	0.000001
2570.0	0.000001
2575.0	0.000001
2580.0	0.000001
2585.0	0.000001
2590.0	0.000001
2595.0	0.000000
2600.0	0.000000
2605.0	0.000000
2610.0	0.000000
2615.0	0.000000
2620.0	0.000000
2625.0	0.000000
2630.0	0.000000
2635.0	0.000000
2640.0	0.000000
2645.0	0.000000
2650.0	0.000000
2655.0	0.000002
2660.0	0.000005
2665.0	0.000007
2670.0	0.000009
2675.0	0.000011
2680.0	0.000012
2685.0	0.000011
2690.0	0.000009
2695.0	0.000006
2700.0	0.000000
2705.0	0.000000
2710.0	0.000000
2715.0	0.000000
2720.0	0.000000
2725.0	0.000000
2730.0	0.000000
2735.0	0.000000
2740.0	0.000000
2745.0	0.000000
2750.0	0.000000
2755.0	0.000029
2760.0	0.000063
2765.0	0.000098
2770.0	0.000129
2775.0	0.000151
2780.0	0.000162
2785.0	0.000156
2790.0	0.000130
2795.0	0.000080
2800.0	0.000000
2805.0	0.000000
2810.0	0.000000
2815.0	0.000000
2820.0	0.000000
2825.0	0.000000
2830.0	0.000000
2835.0	0.000000
2840.0	0.000000
2845.0	0.000000
2850.0	0.000000
2855.0	0.000414
2860.0	0.000928
2865.0	0.001519
2870.0	0.002164
2875.0	0.002838
2880.0	0.003519
2885.0	0.004184
2890.0	0.004809
2895.0	0.005370
2900.0	0.005844
2905.0	0.006215
2910.0	0.006489
2915.0	0.006680
2920.0	0.006801
2925.0	0.006866
2930.0	0.006888
2935.0	0.006881
2940.0	0.006858
2945.0	0.006832
2950.0	0.006818
2955.0	0.006826
2960.0	0.006857
2965.0	0.006910
2970.0	0.006984
2975.0	0.007077
2980.0	0.007189
2985.0	0.007317
2990.0	0.007462
2995.0	0.007620
3000.0	0.007792
3005.0	0.007977
3010.0	0.008177
3015.0	0.008395
3020.0	0.008635
3025.0	0.008900
3030.0	0.009194
3035.0	0.009518
3040.0	0.009878
3045.0	0.010275
3050.0	0.010714
3055.0	0.011197
3060.0	0.011724
3065.0	0.012296
3070.0	0.012912
3075.0	0.013572
3080.0	0.014276
3085.0	0.015024
3090.0	0.015816
3095.0	0.016653
3100.0	0.017532
3105.0	0.018457
3110.0	0.019428
3115.0	0.020448
3120.0	0.021521
3125.0	0.022649
3130.0	0.023835
3135.0	0.025083
3140.0	0.026394
3145.0	0.027773
3150.0	0.029221
3155.0	0.030734
3160.0	0.050722
3165.0	0.051555
3170.0	0.052030
3175.0	0.051736
3180.0	0.050023
3185.0	0.046740
3190.0	0.043946
3195.0	0.043424
3200.0	0.046352
3205.0	0.045139
3210.0	0.046260
3215.0	0.052218
3220.0	0.054345
3225.0	0.044617
3230.0	0.028773
3235.0	0.016031
3240.0	0.015768
3245.0	0.032801
3250.0	0.053537
3255.0	0.063707
3260.0	0.064741
3265.0	0.061938
3270.0	0.060381
3275.0	0.063606
3280.0	0.069180
3285.0	0.073697
3290.0	0.075820
3295.0	0.074739
3300.0	0.069668
3305.0	0.061823
3310.0	0.060378
3315.0	0.071663
3320.0	0.082671
3325.0	0.081112
3330.0	0.076896
3335.0	0.081259
3340.0	0.088534
3345.0	0.090494
3350.0	0.085565
3355.0	0.075504
3360.0	0.068735
3365.0	0.071884
3370.0	0.077697
3375.0	0.078661
3380.0	0.080090
3385.0	0.087817
3390.0	0.096907
3395.0	0.101159
3400.0	0.100055
3405.0	0.095386
3410.0	0.092500
3415.0	0.095225
3420.0	0.097754
3425.0	0.094428
3430.0	0.089807
3435.0	0.088681
3440.0	0.086532
3445.0	0.079484
3450.0	0.075541
3455.0	0.081735
3460.0	0.089340
3465.0	0.089402
3470.0	0.087796
3475.0	0.091031
3480.0	0.093293
3485.0	0.089132
3490.0	0.086864
3495.0	0.094450
3500.0	0.104659
3505.0	0.108555
3510.0	0.105561
3515.0	0.098549
3520.0	0.095816
3525.0	0.103803
3530.0	0.116101
3535.0	0.124795
3540.0	0.128793
3545.0	0.128229
3550.0	0.121318
3555.0	0.107537
3560.0	0.093334
3565.0	0.084860
3570.0	0.080118
3575.0	0.076254
3580.0	0.075127
3585.0	0.078442
3590.0	0.082584
3595.0	0.083734
3600.0	0.082571
3605.0	0.081295
3610.0	0.083663
3615.0	0.091744
3620.0	0.099288
3625.0	0.100292
3630.0	0.098063
3635.0	0.097394
3640.0	0.099723
3645.0	0.105797
3650.0	0.116948
3655.0	0.132261
3660.0	0.141259
3665.0	0.135113
3670.0	0.121158
3675.0	0.109586
3680.0	0.105871
3685.0	0.111740
3690.0	0.118641
3695.0	0.118243
3700.0	0.113366
3705.0	0.108545
3710.0	0.104040
3715.0	0.099339
3720.0	0.095105
3725.0	0.091596
3730.0	0.086284
3735.0	0.078162
3740.0	0.075103
3745.0	0.083033
3750.0	0.091211
3755.0	0.090047
3760.0	0.091216
3765.0	0.106254
3770.0	0.124899
3775.0	0.134484
3780.0	0.134532
3785.0	0.128374
3790.0	0.122380
3795.0	0.121662
3800.0	0.123274
3805.0	0.122708
3810.0	0.117284
3815.0	0.106229
3820.0	0.094578
3825.0	0.088124
3830.0	0.089878
3835.0	0.100324
3840.0	0.112643
3845.0	0.119424
3850.0	0.118225
3855.0	0.110309
3860.0	0.106795
3865.0	0.115070
3870.0	0.117719
3875.0	0.100400
3880.0	0.085852
3885.0	0.096498
3890.0	0.116397
3895.0	0.125878
3900.0	0.128693
3905.0	0.131843
3910.0	0.131884
3915.0	0.125086
3920.0	0.117025
3925.0	0.114014
3930.0	0.116038
3935.0	0.121029
3940.0	0.125072
3945.0	0.125170
3950.0	0.123866
3955.0	0.124943
3960.0	0.131590
3965.0	0.145343
3970.0	0.161702
3975.0	0.176117
3980.0	0.189872
3985.0	0.204696
3990.0	0.218265
3995.0	0.228015
4000.0	0.234477
4005.0	0.239300
4010.0	0.245503
4015.0	0.254623
4020.0	0.260878
4025.0	0.258482
4030.0	0.248932
4035.0	0.237436
4040.0	0.236747
4045.0	0.254974
4050.0	0.274081
4055.0	0.276246
4060.0	0.270633
4065.0	0.270072
4070.0	0.275050
4075.0	0.283788
4080.0	0.297782
4085.0	0.315919
4090.0	0.323392
4095.0	0.309245
4100.0	0.291625
4105.0	0.289692
4110.0	0.297548
4115.0	0.305378
4120.0	0.312754
4125.0	0.319954
4130.0	0.320708
4135.0	0.311100
4140.0	0.303178
4145.0	0.308199
4150.0	0.318294
4155.0	0.323249
4160.0	0.322598
4165.0	0.318529
4170.0	0.314088
4175.0	0.311862
4180.0	0.311761
4185.0	0.312736
4190.0	0.312575
4195.0	0.310225
4200.0	0.310434
4205.0	0.314270
4210.0	0.302290
4215.0	0.259543
4220.0	0.209533
4225.0	0.181265
4230.0	0.187270
4235.0	0.227236
4240.0	0.265947
4245.0	0.272550
4250.0	0.268529
4255.0	0.279617
4260.0	0.296189
4265.0	0.303077
4270.0	0.298283
4275.0	0.285518
4280.0	0.278158
4285.0	0.285944
4290.0	0.294412
4295.0	0.290548
4300.0	0.291328
4305.0	0.314221
4310.0	0.348657
4315.0	0.378811
4320.0	0.395872
4325.0	0.397532
4330.0	0.400505
4335.0	0.418517
4340.0	0.434333
4345.0	0.431093
4350.0	0.424414
4355.0	0.431399
4360.0	0.442645
4365.0	0.444225
4370.0	0.430655
4375.0	0.404452
4380.0	0.391714
4385.0	0.412260
4390.0	0.437214
4395.0	0.437240
4400.0	0.429867
4405.0	0.437204
4410.0	0.452830
4415.0	0.464579
4420.0	0.465839
4425.0	0.456745
4430.0	0.458889
4435.0	0.487374
4440.0	0.509923
4445.0	0.496697
4450.0	0.475014
4455.0	0.478770
4460.0	0.511013
4465.0	0.562653
4470.0	0.606867
4475.0	0.621810
4480.0	0.623270
4485.0	0.630497
4490.0	0.638949
4495.0	0.642163
4500.0	0.649783
4505.0	0.668926
4510.0	0.680505
4515.0	0.665283
4520.0	0.629649
4525.0	0.588344
4530.0	0.563918
4535.0	0.574085
4540.0	0.609423
4545.0	0.654625
4550.0	0.697983
4555.0	0.730149
4560.0	0.747623
4565.0	0.750460
4570.0	0.747116
4575.0	0.745924
4580.0	0.746332
4585.0	0.746341
4590.0	0.747052
4595.0	0.751061
4600.0	0.763841
4605.0	0.786917
4610.0	0.803137
4615.0	0.798522
4620.0	0.790477
4625.0	0.796009
4630.0	0.799172
4635.0	0.783388
4640.0	0.762515
4645.0	0.753369
4650.0	0.754171
4655.0	0.758614
4660.0	0.760897
4665.0	0.757417
4670.0	0.752882
4675.0	0.753094
4680.0	0.759937
4685.0	0.771487
4690.0	0.774529
4695.0	0.759668
4700.0	0.744084
4705.0	0.745428
4710.0	0.756656
4715.0	0.765978
4720.0	0.767303
4725.0	0.758291
4730.0	0.745889
4735.0	0.737685
4740.0	0.734531
4745.0	0.733112
4750.0	0.720194
4755.0	0.686014
4760.0	0.644627
4765.0	0.612890
4770.0	0.595034
4775.0	0.591319
4780.0	0.598731
4785.0	0.614090
4790.0	0.636829
4795.0	0.665858
4800.0	0.695381
4805.0	0.718485
4810.0	0.728513
4815.0	0.721673
4820.0	0.705386
4825.0	0.689263
4830.0	0.680465
4835.0	0.684046
4840.0	0.699075
4845.0	0.720818
4850.0	0.735302
4855.0	0.731432
4860.0	0.718850
4865.0	0.709038
4870.0	0.700095
4875.0	0.688950
4880.0	0.681245
4885.0	0.683724
4890.0	0.698841
4895.0	0.724057
4900.0	0.741150
4905.0	0.735936
4910.0	0.726053
4915.0	0.730833
4920.0	0.744548
4925.0	0.757177
4930.0	0.766565
4935.0	0.772323
4940.0	0.773272
4945.0	0.767340
4950.0	0.749673
4955.0	0.720076
4960.0	0.699768
4965.0	0.705613
4970.0	0.715633
4975.0	0.706065
4980.0	0.684856
4985.0	0.666042
4990.0	0.656289
4995.0	0.656593
5000.0	0.652628
5005.0	0.633719
5010.0	0.619121
5015.0	0.627277
5020.0	0.643433
5025.0	0.649317
5030.0	0.645778
5035.0	0.638567
5040.0	0.633909
5045.0	0.635593
5050.0	0.637168
5055.0	0.631733
5060.0	0.620799
5065.0	0.607845
5070.0	0.595804
5075.0	0.587235
5080.0	0.583739
5085.0	0.585377
5090.0	0.587013
5095.0	0.583665
5100.0	0.576176
5105.0	0.567252
5110.0	0.561223
5115.0	0.560634
5120.0	0.559253
5125.0	0.553171
5130.0	0.556527
5135.0	0.579443
5140.0	0.597914
5145.0	0.589929
5150.0	0.575589
5155.0	0.575330
5160.0	0.568811
5165.0	0.535650
5170.0	0.496056
5175.0	0.476449
5180.0	0.487480
5185.0	0.528086
5190.0	0.566108
5195.0	0.572665
5200.0	0.563080
5205.0	0.562744
5210.0	0.593110
5215.0	0.662088
5220.0	0.727358
5225.0	0.750291
5230.0	0.757261
5235.0	0.779934
5240.0	0.806149
5245.0	0.815623
5250.0	0.799419
5255.0	0.756754
5260.0	0.708104
5265.0	0.678152
5270.0	0.687145
5275.0	0.742162
5280.0	0.802049
5285.0	0.826463
5290.0	0.826533
5295.0	0.824571
5300.0	0.836146
5305.0	0.866586
5310.0	0.886999
5315.0	0.871069
5320.0	0.837003
5325.0	0.809702
5330.0	0.796309
5335.0	0.798302
5340.0	0.812239
5345.0	0.834043
5350.0	0.861998
5355.0	0.892557
5360.0	0.912483
5365.0	0.912316
5370.0	0.907388
5375.0	0.913752
5380.0	0.925538
5385.0	0.931536
5390.0	0.921114
5395.0	0.890305
5400.0	0.861239
5405.0	0.857674
5410.0	0.883773
5415.0	0.932377
5420.0	0.970628
5425.0	0.970337
5430.0	0.947692
5435.0	0.926810
5440.0	0.919168
5445.0	0.928700
5450.0	0.941817
5455.0	0.945398
5460.0	0.945722
5465.0	0.950676
5470.0	0.955181
5475.0	0.954693
5480.0	0.959764
5485.0	0.979093
5490.0	0.998846
5495.0	1.002907
5500.0	0.988545
5505.0	0.960492
5510.0	0.939938
5515.0	0.945861
5520.0	0.971930
5525.0	1.004734
5530.0	1.027825
5535.0	1.031064
5540.0	1.032574
5545.0	1.049436
5550.0	1.066303
5555.0	1.065235
5560.0	1.050344
5565.0	1.031044
5570.0	1.015904
5575.0	1.009947
5580.0	1.004857
5585.0	0.990807
5590.0	0.965275
5595.0	0.933573
5600.0	0.925049
5605.0	0.960947
5610.0	1.006050
5615.0	1.022573
5620.0	1.018907
5625.0	1.013348
5630.0	1.017642
5635.0	1.037483
5640.0	1.060902
5645.0	1.075044
5650.0	1.081186
5655.0	1.082586
5660.0	1.076303
5665.0	1.062279
5670.0	1.058200
5675.0	1.077547
5680.0	1.099220
5685.0	1.101118
5690.0	1.091701
5695.0	1.082974
5700.0	1.070545
5705.0	1.051252
5710.0	1.043253
5715.0	1.061290
5720.0	1.085126
5725.0	1.094176
5730.0	1.101461
5735.0	1.121973
5740.0	1.144997
5745.0	1.157066
5750.0	1.159396
5755.0	1.156875
5760.0	1.154391
5765.0	1.155681
5770.0	1.159888
5775.0	1.165001
5780.0	1.169012
5785.0	1.170651
5790.0	1.171605
5795.0	1.174299
5800.0	1.181160
5805.0	1.169206
5810.0	1.169814
5815.0	1.170044
5820.0	1.171402
5825.0	1.177955
5830.0	1.176301
5835.0	1.166156
5840.0	1.162596
5845.0	1.154597
5850.0	1.142753
5855.0	1.110822
5860.0	1.078338
5865.0	1.059795
5870.0	1.026792
5875.0	0.984982
5880.0	0.914936
5885.0	0.797623
5890.0	0.681722
5895.0	0.672328
5900.0	0.794067
5905.0	0.896830
5910.0	0.953621
5915.0	0.991752
5920.0	1.025991
5925.0	1.049392
5930.0	1.069681
5935.0	1.092921
5940.0	1.108557
5945.0	1.110901
5950.0	1.109621
5955.0	1.104340
5960.0	1.114741
5965.0	1.125003
5970.0	1.128016
5975.0	1.133099
5980.0	1.134339
5985.0	1.139427
5990.0	1.152913
5995.0	1.157175
6000.0	1.145626
6005.0	1.142742
6010.0	1.138721
6015.0	1.132834
6020.0	1.140323
6025.0	1.169678
6030.0	1.191548
6035.0	1.210160
6040.0	1.192258
6045.0	1.222665
6050.0	1.220301
6055.0	1.215229
6060.0	1.212118
6065.0	1.202180
6070.0	1.215541
6075.0	1.215971
6080.0	1.197975
6085.0	1.191782
6090.0	1.190023
6095.0	1.186892
6100.0	1.158536
6105.0	1.127460
6110.0	1.159987
6115.0	1.173707
6120.0	1.094108
6125.0	1.099304
6130.0	1.173303
6135.0	1.159829
6140.0	1.167942
6145.0	1.180223
6150.0	1.156382
6155.0	1.118093
6160.0	1.018068
6165.0	0.974637
6170.0	1.020031
6175.0	1.059517
6180.0	1.086972
6185.0	1.085240
6190.0	1.051765
6195.0	1.065973
6200.0	1.076733
6205.0	1.091089
6210.0	1.069991
6215.0	1.024397
6220.0	1.008608
6225.0	0.997047
6230.0	0.983830
6235.0	0.993527
6240.0	0.988817
6245.0	0.988167
6250.0	1.005205
6255.0	1.002120
6260.0	1.007535
6265.0	1.038217
6270.0	1.051361
6275.0	1.052770
6280.0	1.060392
6285.0	1.084386
6290.0	1.098931
6295.0	1.090760
6300.0	1.096297
6305.0	1.116550
6310.0	1.136273
6315.0	1.143610
6320.0	1.148332
6325.0	1.170454
6330.0	1.172793
6335.0	1.174108
6340.0	1.185007
6345.0	1.190697
6350.0	1.205474
6355.0	1.191440
6360.0	1.164416
6365.0	1.161938
6370.0	1.168036
6375.0	1.158288
6380.0	1.126661
6385.0	1.120376
6390.0	1.128793
6395.0	1.150631
6400.0	1.166540
6405.0	1.198003
6410.0	1.211190
6415.0	1.226618
6420.0	1.222579
6425.0	1.242990
6430.0	1.245812
6435.0	1.234631
6440.0	1.229946
6445.0	1.264832
6450.0	1.254410
6455.0	1.273597
6460.0	1.272027
6465.0	1.249808
6470.0	1.286186
6475.0	1.296581
6480.0	1.303956
6485.0	1.297050
6490.0	1.286005
6495.0	1.241146
6500.0	1.277308
6505.0	1.327224
6510.0	1.355039
6515.0	1.363254
6520.0	1.380092
6525.0	1.389901
6530.0	1.394140
6535.0	1.401585
6540.0	1.410257
6545.0	1.393860
6550.0	1.380081
6555.0	1.367259
6560.0	1.353697
6565.0	1.331865
6570.0	1.348175
6575.0	1.349647
6580.0	1.374630
6585.0	1.381846
6590.0	1.381227
6595.0	1.367719
6600.0	1.390258
6605.0	1.390025
6610.0	1.378398
6615.0	1.381949
6620.0	1.369669
6625.0	1.363435
6630.0	1.358800
6635.0	1.354835
6640.0	1.354794
6645.0	1.348303
6650.0	1.337987
6655.0	1.318681
6660.0	1.313483
6665.0	1.302453
6670.0	1.312106
6675.0	1.297273
6680.0	1.271783
6685.0	1.269789
6690.0	1.269669
6695.0	1.265979
6700.0	1.267612
6705.0	1.266066
6710.0	1.259108
6715.0	1.228048
6720.0	1.207147
6725.0	1.227416
6730.0	1.229399
6735.0	1.231193
6740.0	1.227972
6745.0	1.215365
6750.0	1.202145
6755.0	1.207198
6760.0	1.217517
6765.0	1.211484
6770.0	1.211663
6775.0	1.220582
6780.0	1.206095
6785.0	1.184685
6790.0	1.183848
6795.0	1.181442
6800.0	1.185754
6805.0	1.184884
6810.0	1.184813
6815.0	1.183888
6820.0	1.183914
6825.0	1.194042
6830.0	1.198859
6835.0	1.182522
6840.0	1.188028
6845.0	1.193686
6850.0	1.199445
6855.0	1.205257
6860.0	1.211096
6865.0	1.216939
6870.0	1.222763
6875.0	1.228547
6880.0	1.234267
6885.0	1.239902
6890.0	1.245429
6895.0	1.250826
6900.0	1.256069
6905.0	1.261150
6910.0	1.266109
6915.0	1.271000
6920.0	1.275876
6925.0	1.280791
6930.0	1.285798
6935.0	1.290952
6940.0	1.296305
6945.0	1.301911
6950.0	1.307823
6955.0	1.314065
6960.0	1.320534
6965.0	1.327096
6970.0	1.333618
6975.0	1.339967
6980.0	1.308499
6985.0	1.326144
6990.0	1.322674
6995.0	1.324558
7000.0	1.330818
7005.0	1.341768
7010.0	1.339047
7015.0	1.342281
7020.0	1.348049
7025.0	1.358091
7030.0	1.379662
7035.0	1.393231
7040.0	1.402684
7045.0	1.423097
7050.0	1.409756
7055.0	1.360929
7060.0	1.337237
7065.0	1.333374
7070.0	1.339233
7075.0	1.348495
7080.0	1.330436
7085.0	1.313322
7090.0	1.282628
7095.0	1.284203
7100.0	1.290334
7105.0	1.294238
7110.0	1.297650
7115.0	1.294561
7120.0	1.295187
7125.0	1.257532
7130.0	1.225103
7135.0	1.220644
7140.0	1.225922
7145.0	1.229640
7150.0	1.232965
7155.0	1.278688
7160.0	1.281423
7165.0	1.284692
7170.0	1.293239
7175.0	1.291499
7180.0	1.291925
7185.0	1.271796
7190.0	1.264006
7195.0	1.270983
7200.0	1.246503
7205.0	1.239746
7210.0	1.270335
7215.0	1.305020
7220.0	1.333985
7225.0	1.340935
7230.0	1.340169
7235.0	1.342465
7240.0	1.341949
7245.0	1.344101
7250.0	1.355867
7255.0	1.359092
7260.0	1.372127
7265.0	1.373360
7270.0	1.384647
7275.0	1.376415
7280.0	1.401133
7285.0	1.415659
7290.0	1.408250
7295.0	1.428329
7300.0	1.435434
7305.0	1.433232
7310.0	1.436185
7315.0	1.438631
7320.0	1.436758
7325.0	1.429131
7330.0	1.433702
7335.0	1.458331
7340.0	1.467772
7345.0	1.453125
7350.0	1.458305
7355.0	1.444027
7360.0	1.441828
7365.0	1.457689
7370.0	1.477779
7375.0	1.489238
7380.0	1.490194
7385.0	1.486054
7390.0	1.475852
7395.0	1.480727
7400.0	1.469889
7405.0	1.486613
7410.0	1.484215
7415.0	1.482924
7420.0	1.483837
7425.0	1.489520
7430.0	1.497546
7435.0	1.499142
7440.0	1.497851
7445.0	1.490423
7450.0	1.494781
7455.0	1.509509
7460.0	1.495309
7465.0	1.485444
7470.0	1.502118
7475.0	1.501740
7480.0	1.499192
7485.0	1.494975
7490.0	1.481651
7495.0	1.473722
7500.0	1.492585
7505.0	1.490936
7510.0	1.484162
7515.0	1.496882
7520.0	1.505369
7525.0	1.502817
7530.0	1.506101
7535.0	1.514894
7540.0	1.517196
7545.0	1.513953
7550.0	1.511901
7555.0	1.510481
7560.0	1.508757
7565.0	1.506758
7570.0	1.504514
7575.0	1.502052
7580.0	1.499401
7585.0	1.496591
7590.0	1.493650
7595.0	1.490607
7600.0	1.487490
7605.0	1.484328
7610.0	1.481148
7615.0	1.477976
7620.0	1.474838
7625.0	1.471761
7630.0	1.468771
7635.0	1.465895
7640.0	1.463158
7645.0	1.460588
7650.0	1.458209
7655.0	1.456042
7660.0	1.454077
7665.0	1.452296
7670.0	1.450682
7675.0	1.449218
7680.0	1.447886
7685.0	1.446669
7690.0	1.445551
7695.0	1.444513
7700.0	1.443539
7705.0	1.442616
7710.0	1.441752
7715.0	1.440962
7720.0	1.440259
7725.0	1.439655
7730.0	1.439165
7735.0	1.456520
7740.0	1.456784
7745.0	1.451025
7750.0	1.438855
7755.0	1.448557
7760.0	1.455200
7765.0	1.459559
7770.0	1.469971
7775.0	1.476382
7780.0	1.462807
7785.0	1.463313
7790.0	1.462840
7795.0	1.467186
7800.0	1.464445
7805.0	1.465785
7810.0	1.467051
7815.0	1.470495
7820.0	1.466111
7825.0	1.466389
7830.0	1.458304
7835.0	1.454580
7840.0	1.470965
7845.0	1.481132
7850.0	1.482045
7855.0	1.484416
7860.0	1.488639
7865.0	1.490450
7870.0	1.489733
7875.0	1.489395
7880.0	1.492473
7885.0	1.495266
7890.0	1.492410
7895.0	1.487577
7900.0	1.482534
7905.0	1.476766
7910.0	1.469877
7915.0	1.464782
7920.0	1.464377
7925.0	1.461912
7930.0	1.463884
7935.0	1.451871
7940.0	1.445265
7945.0	1.438313
7950.0	1.441199
7955.0	1.457607
7960.0	1.459965
7965.0	1.464938
7970.0	1.475549
7975.0	1.479705
7980.0	1.476714
7985.0	1.482990
7990.0	1.484471
7995.0	1.480144
8000.0	1.473160
8005.0	1.492931
8010.0	1.494675
8015.0	1.493409
8020.0	1.494368
8025.0	1.482811
8030.0	1.484206
8035.0	1.488074
8040.0	1.489196
8045.0	1.481340
8050.0	1.486822
8055.0	1.500122
8060.0	1.503858
8065.0	1.499470
8070.0	1.487323
8075.0	1.487823
8080.0	1.490298
8085.0	1.467324
8090.0	1.488084
8095.0	1.490364
8100.0	1.493520
8105.0	1.501240
8110.0	1.503990
8115.0	1.502874
8120.0	1.510777
8125.0	1.527286
8130.0	1.521359
8135.0	1.523252
8140.0	1.522835
8145.0	1.511988
8150.0	1.500892
8155.0	1.493333
8160.0	1.465010
8165.0	1.458900
8170.0	1.475669
8175.0	1.453028
8180.0	1.412999
8185.0	1.366565
8190.0	1.375810
8195.0	1.324299
8200.0	1.360131
8205.0	1.417698
8210.0	1.440470
8215.0	1.455099
8220.0	1.450289
8225.0	1.426309
8230.0	1.411213
8235.0	1.447785
8240.0	1.473549
8245.0	1.472296
8250.0	1.485449
8255.0	1.485628
8260.0	1.495080
8265.0	1.510145
8270.0	1.502633
8275.0	1.491732
8280.0	1.488107
8285.0	1.488716
8290.0	1.480968
8295.0	1.488205
8300.0	1.482713
8305.0	1.472880
8310.0	1.469894
8315.0	1.461393
8320.0	1.449007
8325.0	1.446681
8330.0	1.435314
8335.0	1.452987
8340.0	1.466750
8345.0	1.487040
8350.0	1.492069
8355.0	1.499787
8360.0	1.504347
8365.0	1.496876
8370.0	1.502962
8375.0	1.498286
8380.0	1.478910
8385.0	1.454752
8390.0	1.465214
8395.0	1.488016
8400.0	1.493759
8405.0	1.501260
8410.0	1.498716
8415.0	1.491893
8420.0	1.499275
8425.0	1.491881
8430.0	1.492233
8435.0	1.465687
8440.0	1.491400
8445.0	1.509341
8450.0	1.502659
8455.0	1.496588
8460.0	1.494316
8465.0	1.483464
8470.0	1.476020
8475.0	1.484387
8480.0	1.491910
8485.0	1.494662
8490.0	1.487803
8495.0	1.446362
8500.0	1.421425
8505.0	1.452653
8510.0	1.463970
8515.0	1.440274
8520.0	1.439132
8525.0	1.445780
8530.0	1.431117
8535.0	1.399233
8540.0	1.300652
8545.0	1.293149
8550.0	1.356649
8555.0	1.403472
8560.0	1.417890
8565.0	1.434887
8570.0	1.456458
8575.0	1.476889
8580.0	1.493095
8585.0	1.495238
8590.0	1.505468
8595.0	1.503121
8600.0	1.500681
8605.0	1.495227
8610.0	1.479761
8615.0	1.472344
8620.0	1.474142
8625.0	1.480941
8630.0	1.491489
8635.0	1.490829
8640.0	1.493114
8645.0	1.489638
8650.0	1.476420
8655.0	1.444707
8660.0	1.367352
8665.0	1.330732
8670.0	1.384980
8675.0	1.378996
8680.0	1.382912
8685.0	1.375175
8690.0	1.371835
8695.0	1.411683
8700.0	1.440911
8705.0	1.463556
8710.0	1.466423
8715.0	1.470342
8720.0	1.477176
8725.0	1.483168
8730.0	1.481658
8735.0	1.468676
8740.0	1.477368
8745.0	1.481400
8750.0	1.472685
8755.0	1.461550
8760.0	1.452806
8765.0	1.446357
8770.0	1.435954
8775.0	1.431546
8780.0	1.434430
8785.0	1.438983
8790.0	1.451360
8795.0	1.447883
8800.0	1.436032
8805.0	1.401886
8810.0	1.400137
8815.0	1.428878
8820.0	1.421742
8825.0	1.392091
8830.0	1.419066
8835.0	1.433018
8840.0	1.432124
8845.0	1.444976
8850.0	1.447257
8855.0	1.447261
8860.0	1.451831
8865.0	1.427516
8870.0	1.411823
8875.0	1.415195
8880.0	1.413172
8885.0	1.407120
8890.0	1.411327
8895.0	1.406631
8900.0	1.411391
8905.0	1.413816
8910.0	1.416398
8915.0	1.417027
8920.0	1.414904
8925.0	1.409911
8930.0	1.411556
8935.0	1.406687
8940.0	1.404904
8945.0	1.395229
8950.0	1.397897
8955.0	1.397761
8960.0	1.410513
8965.0	1.403574
8970.0	1.404631
8975.0	1.408176
8980.0	1.402839
8985.0	1.374041
8990.0	1.350048
8995.0	1.377753
9000.0	1.379228
9005.0	1.373414
9010.0	1.379415
9015.0	1.377344
9020.0	1.396564
9025.0	1.404687
9030.0	1.436295
9035.0	1.457839
9040.0	1.466453
9045.0	1.471765
9050.0	1.468613
9055.0	1.461197
9060.0	1.446428
9065.0	1.430439
9070.0	1.408523
9075.0	1.401198
9080.0	1.394100
9085.0	1.391635
9090.0	1.400424
9095.0	1.423787
9100.0	1.422760
9105.0	1.427068
9110.0	1.435254
9115.0	1.424991
9120.0	1.413095
9125.0	1.410396
9130.0	1.389664
9135.0	1.383810
9140.0	1.389517
9145.0	1.390114
9150.0	1.377349
9155.0	1.373600
9160.0	1.393198
9165.0	1.402028
9170.0	1.376343
9175.0	1.377058
9180.0	1.397718
9185.0	1.408316
9190.0	1.415049
9195.0	1.416962
9200.0	1.418960
9205.0	1.424736
9210.0	1.429668
9215.0	1.432789
9220.0	1.433133
9225.0	1.429985
9230.0	1.423635
9235.0	1.414626
9240.0	1.403500
9245.0	1.391274
9250.0	1.380866
9255.0	1.375662
9260.0	1.379040
9265.0	1.392807
9270.0	1.412514
9275.0	1.432149
9280.0	1.445699
9285.0	1.448727
9290.0	1.443105
9295.0	1.432280
9300.0	1.419703
9305.0	1.408653
9310.0	1.401741
9315.0	1.401408
9320.0	1.410096
9325.0	1.428448
9330.0	1.449914
9335.0	1.466143
9340.0	1.468786
9345.0	1.452418
9350.0	1.423308
9355.0	1.390653
9360.0	1.363656
9365.0	1.349801
9370.0	1.349684
9375.0	1.362179
9380.0	1.386159
9385.0	1.419339
9390.0	1.454784
9395.0	1.484403
9400.0	1.500101
9405.0	1.496179
9410.0	1.476517
9415.0	1.447388
9420.0	1.415067
9425.0	1.385202
9430.0	1.360938
9435.0	1.344796
9440.0	1.339297
9445.0	1.345684
9450.0	1.360104
9455.0	1.377428
9460.0	1.392534
9465.0	1.401386
9470.0	1.404265
9475.0	1.402538
9480.0	1.397568
9485.0	1.390694
9490.0	1.383157
9495.0	1.376171
9500.0	1.370952
9505.0	1.368573
9510.0	1.369544
9515.0	1.374234
9520.0	1.383012
9525.0	1.395659
9530.0	1.409605
9535.0	1.421691
9540.0	1.428760
9545.0	1.428573
9550.0	1.422569
9555.0	1.413102
9560.0	1.402519
9565.0	1.392783
9570.0	1.384339
9575.0	1.377248
9580.0	1.371576
9585.0	1.367452
9590.0	1.365268
9595.0	1.365482
9600.0	1.368551
9605.0	1.374394
9610.0	1.380770
9615.0	1.384900
9620.0	1.384002
9625.0	1.376332
9630.0	1.364289
9635.0	1.351306
9640.0	1.340818
9645.0	1.335426
9650.0	1.334401
9655.0	1.336176
9660.0	1.339171
9665.0	1.342058
9670.0	1.344526
9675.0	1.346519
9680.0	1.347981
9685.0	1.348839
9690.0	1.348950
9695.0	1.348152
9700.0	1.346285
9705.0	1.343419
9710.0	1.340555
9715.0	1.338927
9720.0	1.339768
9725.0	1.343717
9730.0	1.349047
9735.0	1.353434
9740.0	1.354556
9745.0	1.350926
9750.0	1.344388
9755.0	1.339945
9760.0	1.332679
9765.0	1.341566
9770.0	1.343377
9775.0	1.343602
9780.0	1.342343
9785.0	1.322584
9790.0	1.333849
9795.0	1.338192
9800.0	1.336028
9805.0	1.339458
9810.0	1.347931
9815.0	1.349818
9820.0	1.348015
9825.0	1.337320
9830.0	1.344397
9835.0	1.349400
9840.0	1.339124
9845.0	1.345427
9850.0	1.348614
9855.0	1.345349
9860.0	1.350642
9865.0	1.347931
9870.0	1.323362
9875.0	1.328245
9880.0	1.351750
9885.0	1.340076
9890.0	1.332285
9895.0	1.323962
9900.0	1.320142
9905.0	1.325499
9910.0	1.301353
9915.0	1.302535
9920.0	1.300891
9925.0	1.308690
9930.0	1.309035
9935.0	1.311324
9940.0	1.311753
9945.0	1.319390
9950.0	1.345679
9955.0	1.322677
9960.0	1.311346
9965.0	1.320136
9970.0	1.314039
9975.0	1.323316
9980.0	1.310835
9985.0	1.301825
9990.0	1.320931
9995.0	1.315536
10000.0	1.315840
10005.0	1.314754
10010.0	1.324046
10015.0	1.325828
10020.0	1.362400
10025.0	1.343131
10030.0	1.323155
10035.0	1.308603
10040.0	1.298402
10045.0	1.306911
10050.0	1.302270
10055.0	1.287292
10060.0	1.336599
10065.0	1.329166
10070.0	1.302134
10075.0	1.283430
10080.0	1.283185
10085.0	1.295610
10090.0	1.297831
10095.0	1.295772
10100.0	1.289376
10105.0	1.298220
10110.0	1.306191
10115.0	1.313035
10120.0	1.318501
10125.0	1.322228
10130.0	1.323420
10135.0	1.321173
10140.0	1.314584
10145.0	1.303577
10150.0	1.291401
10155.0	1.282130
10160.0	1.279843
10165.0	1.286966
10170.0	1.299334
10175.0	1.311129
10180.0	1.316538
10185.0	1.311439
10190.0	1.298496
10195.0	1.282066
10200.0	1.266509
10205.0	1.255298
10210.0	1.248366
10215.0	1.244762
10220.0	1.243534
10225.0	1.243916
10230.0	1.245885
10235.0	1.249603
10240.0	1.255231
10245.0	1.262791
10250.0	1.271735
10255.0	1.281374
10260.0	1.291020
10265.0	1.299959
10270.0	1.307375
10275.0	1.312428
10280.0	1.314278
10285.0	1.312420
10290.0	1.307688
10295.0	1.301252
10300.0	1.294283
10305.0	1.287735
10310.0	1.281701
10315.0	1.276059
10320.0	1.270687
10325.0	1.265509
10330.0	1.260641
10335.0	1.256247
10340.0	1.252489
10345.0	1.249696
10350.0	1.248857
10355.0	1.251128
10360.0	1.257663
10365.0	1.268819
10370.0	1.281757
10375.0	1.292841
10380.0	1.298434
10385.0	1.296208
10390.0	1.289063
10395.0	1.281210
10400.0	1.276858
10405.0	1.279026
10410.0	1.285972
10415.0	1.294763
10420.0	1.302467
10425.0	1.306754
10430.0	1.307693
10435.0	1.305960
10440.0	1.302227
10445.0	1.297078
10450.0	1.290738
10455.0	1.283341
10460.0	1.275022
10465.0	1.266246
10470.0	1.258790
10475.0	1.254764
10480.0	1.256274
10485.0	1.264242
10490.0	1.274837
10495.0	1.283045
10500.0	1.283849
10505.0	1.274115
10510.0	1.258245
10515.0	1.242522
10520.0	1.233231
10525.0	1.234900
10530.0	1.245040
10535.0	1.259403
10540.0	1.273745
10545.0	1.284455
10550.0	1.290463
10555.0	1.291334
10560.0	1.286632
10565.0	1.276629
10570.0	1.264419
10575.0	1.253804
10580.0	1.248585
10585.0	1.251296
10590.0	1.259408
10595.0	1.269122
10600.0	1.276642
10605.0	1.279052
10610.0	1.276968
10615.0	1.271888
10620.0	1.265310
