#-- m2i
#\*l[Angstrom]	F(\*l)/F(555.6Angstrom]
1150.0	0.000000
1155.0	0.000000
1160.0	0.000000
1165.0	0.000000
1170.0	0.000000
1175.0	0.000000
1180.0	0.000000
1185.0	0.000000
1190.0	0.000000
1195.0	0.000000
1200.0	0.000000
1205.0	0.000000
1210.0	0.000000
1215.0	0.000000
1220.0	0.000000
1225.0	0.000000
1230.0	0.000000
1235.0	0.000000
1240.0	0.000000
1245.0	0.000000
1250.0	0.000000
1255.0	0.000000
1260.0	0.000000
1265.0	0.000000
1270.0	0.000000
1275.0	0.000000
1280.0	0.000000
1285.0	0.000000
1290.0	0.000000
1295.0	0.000000
1300.0	0.000000
1305.0	0.000000
1310.0	0.000000
1315.0	0.000000
1320.0	0.000000
1325.0	0.000000
1330.0	0.000000
1335.0	0.000000
1340.0	0.000000
1345.0	0.000000
1350.0	0.000000
1355.0	0.000000
1360.0	0.000000
1365.0	0.000000
1370.0	0.000000
1375.0	0.000000
1380.0	0.000000
1385.0	0.000000
1390.0	0.000000
1395.0	0.000000
1400.0	0.000000
1405.0	0.000000
1410.0	0.000000
1415.0	0.000000
1420.0	0.000000
1425.0	0.000000
1430.0	0.000000
1435.0	0.000000
1440.0	0.000000
1445.0	0.000000
1450.0	0.000000
1455.0	0.000000
1460.0	0.000000
1465.0	0.000000
1470.0	0.000000
1475.0	0.000000
1480.0	0.000000
1485.0	0.000000
1490.0	0.000000
1495.0	0.000000
1500.0	0.000000
1505.0	0.000000
1510.0	0.000000
1515.0	0.000000
1520.0	0.000000
1525.0	0.000000
1530.0	0.000000
1535.0	0.000000
1540.0	0.000000
1545.0	0.000000
1550.0	0.000000
1555.0	0.000000
1560.0	0.000000
1565.0	0.000000
1570.0	0.000000
1575.0	0.000000
1580.0	0.000000
1585.0	0.000000
1590.0	0.000000
1595.0	0.000000
1600.0	0.000000
1605.0	0.000000
1610.0	0.000000
1615.0	0.000000
1620.0	0.000000
1625.0	0.000000
1630.0	0.000000
1635.0	0.000000
1640.0	0.000000
1645.0	0.000000
1650.0	0.000000
1655.0	0.000000
1660.0	0.000000
1665.0	0.000000
1670.0	0.000000
1675.0	0.000000
1680.0	0.000000
1685.0	0.000000
1690.0	0.000000
1695.0	0.000000
1700.0	0.000000
1705.0	0.000000
1710.0	0.000000
1715.0	0.000000
1720.0	0.000000
1725.0	0.000000
1730.0	0.000000
1735.0	0.000000
1740.0	0.000000
1745.0	0.000000
1750.0	0.000000
1755.0	0.000000
1760.0	0.000000
1765.0	0.000000
1770.0	0.000000
1775.0	0.000000
1780.0	0.000000
1785.0	0.000000
1790.0	0.000000
1795.0	0.000000
1800.0	0.000000
1805.0	0.000000
1810.0	0.000000
1815.0	0.000000
1820.0	0.000000
1825.0	0.000000
1830.0	0.000000
1835.0	0.000000
1840.0	0.000000
1845.0	0.000000
1850.0	0.000000
1855.0	0.000000
1860.0	0.000000
1865.0	0.000000
1870.0	0.000000
1875.0	0.000000
1880.0	0.000000
1885.0	0.000000
1890.0	0.000000
1895.0	0.000000
1900.0	0.000000
1905.0	0.000000
1910.0	0.000000
1915.0	0.000000
1920.0	0.000000
1925.0	0.000000
1930.0	0.000000
1935.0	0.000000
1940.0	0.000000
1945.0	0.000000
1950.0	0.000000
1955.0	0.000000
1960.0	0.000000
1965.0	0.000000
1970.0	0.000000
1975.0	0.000000
1980.0	0.000000
1985.0	0.000000
1990.0	0.000000
1995.0	0.000000
2000.0	0.000000
2005.0	0.000000
2010.0	0.000000
2015.0	0.000000
2020.0	0.000000
2025.0	0.000000
2030.0	0.000000
2035.0	0.000000
2040.0	0.000000
2045.0	0.000000
2050.0	0.000000
2055.0	0.000000
2060.0	0.000000
2065.0	0.000000
2070.0	0.000000
2075.0	0.000000
2080.0	0.000000
2085.0	0.000000
2090.0	0.000000
2095.0	0.000000
2100.0	0.000000
2105.0	0.000000
2110.0	0.000000
2115.0	0.000000
2120.0	0.000000
2125.0	0.000000
2130.0	0.000000
2135.0	0.000000
2140.0	0.000000
2145.0	0.000000
2150.0	0.000000
2155.0	0.000000
2160.0	0.000000
2165.0	0.000000
2170.0	0.000000
2175.0	0.000000
2180.0	0.000000
2185.0	0.000000
2190.0	0.000000
2195.0	0.000000
2200.0	0.000000
2205.0	0.000000
2210.0	0.000000
2215.0	0.000000
2220.0	0.000000
2225.0	0.000000
2230.0	0.000000
2235.0	0.000000
2240.0	0.000000
2245.0	0.000000
2250.0	0.000000
2255.0	0.000000
2260.0	0.000000
2265.0	0.000000
2270.0	0.000000
2275.0	0.000000
2280.0	0.000000
2285.0	0.000000
2290.0	0.000000
2295.0	0.000000
2300.0	0.000000
2305.0	0.000000
2310.0	0.000000
2315.0	0.000000
2320.0	0.000000
2325.0	0.000000
2330.0	0.000000
2335.0	0.000000
2340.0	0.000000
2345.0	0.000000
2350.0	0.000000
2355.0	0.000000
2360.0	0.000000
2365.0	0.000000
2370.0	0.000000
2375.0	0.000000
2380.0	0.000000
2385.0	0.000000
2390.0	0.000000
2395.0	0.000000
2400.0	0.000000
2405.0	0.000000
2410.0	0.000000
2415.0	0.000000
2420.0	0.000000
2425.0	0.000000
2430.0	0.000000
2435.0	0.000000
2440.0	0.000000
2445.0	0.000000
2450.0	0.000000
2455.0	0.000000
2460.0	0.000000
2465.0	0.000000
2470.0	0.000000
2475.0	0.000000
2480.0	0.000000
2485.0	0.000000
2490.0	0.000000
2495.0	0.000000
2500.0	0.000000
2505.0	0.000000
2510.0	0.000000
2515.0	0.000000
2520.0	0.000000
2525.0	0.000001
2530.0	0.000001
2535.0	0.000001
2540.0	0.000000
2545.0	0.000000
2550.0	0.000000
2555.0	0.000000
2560.0	0.000000
2565.0	0.000000
2570.0	0.000000
2575.0	0.000000
2580.0	0.000000
2585.0	0.000000
2590.0	0.000000
2595.0	0.000000
2600.0	0.000000
2605.0	0.000001
2610.0	0.000003
2615.0	0.000005
2620.0	0.000006
2625.0	0.000007
2630.0	0.000008
2635.0	0.000008
2640.0	0.000006
2645.0	0.000004
2650.0	0.000000
2655.0	0.000000
2660.0	0.000000
2665.0	0.000000
2670.0	0.000000
2675.0	0.000000
2680.0	0.000000
2685.0	0.000000
2690.0	0.000000
2695.0	0.000000
2700.0	0.000000
2705.0	0.000020
2710.0	0.000043
2715.0	0.000067
2720.0	0.000087
2725.0	0.000103
2730.0	0.000110
2735.0	0.000106
2740.0	0.000089
2745.0	0.000054
2750.0	0.000000
2755.0	0.000000
2760.0	0.000000
2765.0	0.000000
2770.0	0.000000
2775.0	0.000000
2780.0	0.000000
2785.0	0.000000
2790.0	0.000000
2795.0	0.000000
2800.0	0.000000
2805.0	0.000282
2810.0	0.000631
2815.0	0.001030
2820.0	0.001463
2825.0	0.001912
2830.0	0.002362
2835.0	0.002794
2840.0	0.003193
2845.0	0.003541
2850.0	0.003822
2855.0	0.004023
2860.0	0.004150
2865.0	0.004215
2870.0	0.004228
2875.0	0.004200
2880.0	0.004142
2885.0	0.004064
2890.0	0.003978
2895.0	0.003893
2900.0	0.003822
2905.0	0.003771
2910.0	0.003742
2915.0	0.003728
2920.0	0.003729
2925.0	0.003739
2930.0	0.003756
2935.0	0.003776
2940.0	0.003796
2945.0	0.003812
2950.0	0.003822
2955.0	0.003821
2960.0	0.003814
2965.0	0.003801
2970.0	0.003787
2975.0	0.003773
2980.0	0.003764
2985.0	0.003761
2990.0	0.003768
2995.0	0.003787
3000.0	0.003822
3005.0	0.003874
3010.0	0.003942
3015.0	0.004023
3020.0	0.004116
3025.0	0.004217
3030.0	0.004326
3035.0	0.004438
3040.0	0.004552
3045.0	0.004666
3050.0	0.004777
3055.0	0.004884
3060.0	0.004986
3065.0	0.005084
3070.0	0.005180
3075.0	0.005273
3080.0	0.005365
3085.0	0.005456
3090.0	0.005547
3095.0	0.005639
3100.0	0.005732
3105.0	0.005828
3110.0	0.005925
3115.0	0.006023
3120.0	0.006121
3125.0	0.006220
3130.0	0.006317
3135.0	0.006413
3140.0	0.006508
3145.0	0.006599
3150.0	0.006688
3155.0	0.006773
3160.0	0.006856
3165.0	0.006939
3170.0	0.007023
3175.0	0.007110
3180.0	0.007201
3185.0	0.007298
3190.0	0.007403
3195.0	0.007518
3200.0	0.007643
3205.0	0.007781
3210.0	0.007932
3215.0	0.008094
3220.0	0.008269
3225.0	0.008455
3230.0	0.008653
3235.0	0.008862
3240.0	0.009082
3245.0	0.009313
3250.0	0.009554
3255.0	0.009806
3260.0	0.010067
3265.0	0.010337
3270.0	0.010615
3275.0	0.010901
3280.0	0.011193
3285.0	0.011492
3290.0	0.011797
3295.0	0.012107
3300.0	0.012420
3305.0	0.012737
3310.0	0.013055
3315.0	0.013371
3320.0	0.013682
3325.0	0.013985
3330.0	0.014278
3335.0	0.014557
3340.0	0.014820
3345.0	0.015064
3350.0	0.015287
3355.0	0.015486
3360.0	0.015666
3365.0	0.015835
3370.0	0.015997
3375.0	0.016160
3380.0	0.016330
3385.0	0.016512
3390.0	0.016713
3395.0	0.016940
3400.0	0.017197
3405.0	0.017491
3410.0	0.017818
3415.0	0.018172
3420.0	0.018550
3425.0	0.018945
3430.0	0.019354
3435.0	0.019770
3440.0	0.020190
3445.0	0.020608
3450.0	0.021019
3455.0	0.021420
3460.0	0.021811
3465.0	0.022195
3470.0	0.022573
3475.0	0.022947
3480.0	0.023321
3485.0	0.023695
3490.0	0.024071
3495.0	0.024453
3500.0	0.024841
3505.0	0.025237
3510.0	0.033569
3515.0	0.034938
3520.0	0.034608
3525.0	0.032286
3530.0	0.033387
3535.0	0.039409
3540.0	0.043980
3545.0	0.043799
3550.0	0.045229
3555.0	0.043808
3560.0	0.043223
3565.0	0.037649
3570.0	0.030838
3575.0	0.031623
3580.0	0.029979
3585.0	0.031479
3590.0	0.034809
3595.0	0.038561
3600.0	0.044108
3605.0	0.045488
3610.0	0.043514
3615.0	0.043747
3620.0	0.046380
3625.0	0.047971
3630.0	0.047002
3635.0	0.049243
3640.0	0.051729
3645.0	0.049332
3650.0	0.050138
3655.0	0.055028
3660.0	0.058909
3665.0	0.058761
3670.0	0.057387
3675.0	0.058218
3680.0	0.056420
3685.0	0.053566
3690.0	0.054614
3695.0	0.060632
3700.0	0.062203
3705.0	0.055669
3710.0	0.054728
3715.0	0.055373
3720.0	0.048477
3725.0	0.047139
3730.0	0.044857
3735.0	0.043439
3740.0	0.043801
3745.0	0.042682
3750.0	0.045631
3755.0	0.051772
3760.0	0.053256
3765.0	0.056931
3770.0	0.062619
3775.0	0.067378
3780.0	0.070856
3785.0	0.064001
3790.0	0.057383
3795.0	0.054936
3800.0	0.058030
3805.0	0.061864
3810.0	0.061519
3815.0	0.053658
3820.0	0.047117
3825.0	0.045364
3830.0	0.048550
3835.0	0.051771
3840.0	0.055587
3845.0	0.059960
3850.0	0.060455
3855.0	0.055042
3860.0	0.052759
3865.0	0.057344
3870.0	0.060567
3875.0	0.059460
3880.0	0.057800
3885.0	0.058120
3890.0	0.061074
3895.0	0.063427
3900.0	0.066827
3905.0	0.069546
3910.0	0.069339
3915.0	0.065083
3920.0	0.056360
3925.0	0.046596
3930.0	0.036315
3935.0	0.035699
3940.0	0.044612
3945.0	0.057245
3950.0	0.068485
3955.0	0.069073
3960.0	0.055277
3965.0	0.042779
3970.0	0.043522
3975.0	0.060966
3980.0	0.079614
3985.0	0.093204
3990.0	0.099828
3995.0	0.104739
4000.0	0.114449
4005.0	0.119127
4010.0	0.123730
4015.0	0.129973
4020.0	0.128215
4025.0	0.125704
4030.0	0.120797
4035.0	0.126418
4040.0	0.132599
4045.0	0.129184
4050.0	0.134575
4055.0	0.130377
4060.0	0.126303
4065.0	0.131225
4070.0	0.133920
4075.0	0.126757
4080.0	0.132272
4085.0	0.158410
4090.0	0.173406
4095.0	0.158081
4100.0	0.139968
4105.0	0.146431
4110.0	0.152142
4115.0	0.150780
4120.0	0.148405
4125.0	0.150256
4130.0	0.145665
4135.0	0.148333
4140.0	0.150327
4145.0	0.149609
4150.0	0.154024
4155.0	0.168610
4160.0	0.181202
4165.0	0.172969
4170.0	0.156497
4175.0	0.152921
4180.0	0.166877
4185.0	0.177765
4190.0	0.177741
4195.0	0.164339
4200.0	0.152571
4205.0	0.164704
4210.0	0.181185
4215.0	0.179744
4220.0	0.166194
4225.0	0.133174
4230.0	0.132184
4235.0	0.156795
4240.0	0.192473
4245.0	0.203820
4250.0	0.186220
4255.0	0.181041
4260.0	0.197141
4265.0	0.212721
4270.0	0.196760
4275.0	0.196663
4280.0	0.203321
4285.0	0.186403
4290.0	0.169291
4295.0	0.175561
4300.0	0.176147
4305.0	0.181041
4310.0	0.211128
4315.0	0.257821
4320.0	0.278936
4325.0	0.273888
4330.0	0.285324
4335.0	0.279591
4340.0	0.259046
4345.0	0.277573
4350.0	0.292460
4355.0	0.314475
4360.0	0.330389
4365.0	0.336840
4370.0	0.313537
4375.0	0.293821
4380.0	0.269365
4385.0	0.250980
4390.0	0.266731
4395.0	0.295032
4400.0	0.298585
4405.0	0.274708
4410.0	0.283658
4415.0	0.292368
4420.0	0.302838
4425.0	0.305606
4430.0	0.302248
4435.0	0.300435
4440.0	0.313422
4445.0	0.331548
4450.0	0.335426
4455.0	0.298614
4460.0	0.274585
4465.0	0.290668
4470.0	0.324330
4475.0	0.364276
4480.0	0.377728
4485.0	0.389548
4490.0	0.382727
4495.0	0.382536
4500.0	0.420402
4505.0	0.435403
4510.0	0.433413
4515.0	0.435888
4520.0	0.426952
4525.0	0.384276
4530.0	0.357622
4535.0	0.373678
4540.0	0.392334
4545.0	0.393514
4550.0	0.392408
4555.0	0.413626
4560.0	0.442507
4565.0	0.466575
4570.0	0.482976
4575.0	0.478006
4580.0	0.464098
4585.0	0.463625
4590.0	0.450148
4595.0	0.439655
4600.0	0.449877
4605.0	0.474581
4610.0	0.516869
4615.0	0.548313
4620.0	0.570886
4625.0	0.564947
4630.0	0.541039
4635.0	0.501036
4640.0	0.474526
4645.0	0.451680
4650.0	0.454228
4655.0	0.482541
4660.0	0.515523
4665.0	0.494129
4670.0	0.489633
4675.0	0.500168
4680.0	0.490653
4685.0	0.492476
4690.0	0.511546
4695.0	0.541600
4700.0	0.550899
4705.0	0.550344
4710.0	0.550121
4715.0	0.562644
4720.0	0.578154
4725.0	0.571776
4730.0	0.559679
4735.0	0.575251
4740.0	0.582978
4745.0	0.604064
4750.0	0.625578
4755.0	0.608691
4760.0	0.572065
4765.0	0.541184
4770.0	0.527515
4775.0	0.527972
4780.0	0.522878
4785.0	0.523792
4790.0	0.544024
4795.0	0.564896
4800.0	0.576855
4805.0	0.563550
4810.0	0.554056
4815.0	0.564243
4820.0	0.572325
4825.0	0.566801
4830.0	0.568424
4835.0	0.584674
4840.0	0.592779
4845.0	0.598825
4850.0	0.590474
4855.0	0.564359
4860.0	0.530871
4865.0	0.535137
4870.0	0.550071
4875.0	0.567437
4880.0	0.582146
4885.0	0.584876
4890.0	0.607656
4895.0	0.664436
4900.0	0.692693
4905.0	0.709007
4910.0	0.707765
4915.0	0.702631
4920.0	0.686083
4925.0	0.727622
4930.0	0.761775
4935.0	0.728485
4940.0	0.738865
4945.0	0.809119
4950.0	0.827822
4955.0	0.735984
4960.0	0.651331
4965.0	0.600358
4970.0	0.584571
4975.0	0.585363
4980.0	0.575391
4985.0	0.597107
4990.0	0.617237
4995.0	0.609123
5000.0	0.593427
5005.0	0.585006
5010.0	0.559468
5015.0	0.535328
5020.0	0.560950
5025.0	0.612042
5030.0	0.656174
5035.0	0.628153
5040.0	0.605036
5045.0	0.671660
5050.0	0.708866
5055.0	0.763846
5060.0	0.785546
5065.0	0.754839
5070.0	0.745642
5075.0	0.721005
5080.0	0.705535
5085.0	0.745509
5090.0	0.780075
5095.0	0.789907
5100.0	0.787383
5105.0	0.759446
5110.0	0.736621
5115.0	0.782036
5120.0	0.794556
5125.0	0.771243
5130.0	0.771623
5135.0	0.784521
5140.0	0.777503
5145.0	0.745407
5150.0	0.733553
5155.0	0.805461
5160.0	0.836490
5165.0	0.698764
5170.0	0.566481
5175.0	0.538206
5180.0	0.537285
5185.0	0.557403
5190.0	0.582811
5195.0	0.617482
5200.0	0.643508
5205.0	0.603184
5210.0	0.604847
5215.0	0.647536
5220.0	0.689568
5225.0	0.709439
5230.0	0.760735
5235.0	0.802895
5240.0	0.836892
5245.0	0.776073
5250.0	0.701947
5255.0	0.741280
5260.0	0.781953
5265.0	0.746232
5270.0	0.726932
5275.0	0.769372
5280.0	0.850986
5285.0	0.930800
5290.0	0.965145
5295.0	0.913897
5300.0	0.887501
5305.0	0.935072
5310.0	0.985722
5315.0	0.997247
5320.0	0.964305
5325.0	0.902235
5330.0	0.871320
5335.0	0.901610
5340.0	0.927256
5345.0	0.953305
5350.0	0.988505
5355.0	1.059118
5360.0	1.083392
5365.0	1.033183
5370.0	0.979040
5375.0	1.007091
5380.0	1.047284
5385.0	1.027081
5390.0	0.974690
5395.0	0.939305
5400.0	0.936253
5405.0	0.907277
5410.0	0.920594
5415.0	1.009202
5420.0	1.077221
5425.0	1.066190
5430.0	1.008752
5435.0	1.014555
5440.0	1.077638
5445.0	1.035895
5450.0	0.916045
5455.0	0.823008
5460.0	0.816136
5465.0	0.853462
5470.0	0.872987
5475.0	0.865039
5480.0	0.874741
5485.0	0.919061
5490.0	0.950149
5495.0	0.949976
5500.0	0.916617
5505.0	0.885999
5510.0	0.886235
5515.0	0.921863
5520.0	0.994861
5525.0	1.013549
5530.0	1.005674
5535.0	1.016098
5540.0	1.056993
5545.0	1.075865
5550.0	1.085669
5555.0	1.062064
5560.0	1.029704
5565.0	1.006681
5570.0	1.012493
5575.0	1.036909
5580.0	1.045667
5585.0	0.997360
5590.0	0.951333
5595.0	0.951988
5600.0	0.943492
5605.0	0.965340
5610.0	0.998160
5615.0	0.966126
5620.0	0.934488
5625.0	0.923894
5630.0	0.939357
5635.0	0.931589
5640.0	0.919302
5645.0	0.952036
5650.0	1.002177
5655.0	1.006697
5660.0	0.967827
5665.0	0.958262
5670.0	0.973626
5675.0	1.025722
5680.0	1.050535
5685.0	1.056944
5690.0	1.077562
5695.0	1.075891
5700.0	1.030282
5705.0	1.001337
5710.0	1.013742
5715.0	1.078302
5720.0	1.121861
5725.0	1.105002
5730.0	1.087030
5735.0	1.106254
5740.0	1.124960
5745.0	1.148946
5750.0	1.157435
5755.0	1.145984
5760.0	1.120607
5765.0	1.129621
5770.0	1.150282
5775.0	1.131304
5780.0	1.073273
5785.0	1.068438
5790.0	1.141981
5795.0	1.208986
5800.0	1.269196
5805.0	1.265317
5810.0	1.218371
5815.0	1.177503
5820.0	1.178933
5825.0	1.203487
5830.0	1.233117
5835.0	1.231553
5840.0	1.230124
5845.0	1.160218
5850.0	1.056129
5855.0	1.020890
5860.0	1.024068
5865.0	1.023296
5870.0	1.023374
5875.0	1.001941
5880.0	0.961284
5885.0	0.859895
5890.0	0.731367
5895.0	0.756072
5900.0	0.853386
5905.0	0.927165
5910.0	0.939941
5915.0	0.934609
5920.0	0.943570
5925.0	0.977057
5930.0	0.994853
5935.0	1.005362
5940.0	1.017092
5945.0	1.026341
5950.0	1.006228
5955.0	1.004911
5960.0	1.044686
5965.0	1.075589
5970.0	1.093264
5975.0	1.072666
5980.0	1.071464
5985.0	1.122952
5990.0	1.173168
5995.0	1.173677
6000.0	1.144309
6005.0	1.138893
6010.0	1.151816
6015.0	1.164763
6020.0	1.205614
6025.0	1.232108
6030.0	1.281656
6035.0	1.308188
6040.0	1.343198
6045.0	1.377871
6050.0	1.363609
6055.0	1.334466
6060.0	1.331003
6065.0	1.388295
6070.0	1.450901
6075.0	1.409158
6080.0	1.359055
6085.0	1.364023
6090.0	1.381791
6095.0	1.405022
6100.0	1.394089
6105.0	1.415301
6110.0	1.440122
6115.0	1.412035
6120.0	1.371878
6125.0	1.379312
6130.0	1.361203
6135.0	1.335205
6140.0	1.353498
6145.0	1.358745
6150.0	1.268818
6155.0	1.138994
6160.0	1.014387
6165.0	1.014898
6170.0	1.025771
6175.0	1.049949
6180.0	1.042751
6185.0	0.989136
6190.0	0.956699
6195.0	0.997785
6200.0	1.013710
6205.0	1.026668
6210.0	0.971970
6215.0	0.921760
6220.0	0.903886
6225.0	0.902644
6230.0	0.908962
6235.0	0.930252
6240.0	0.923224
6245.0	0.958660
6250.0	0.973451
6255.0	0.957870
6260.0	0.997410
6265.0	1.031220
6270.0	1.046189
6275.0	1.051552
6280.0	1.055733
6285.0	1.120449
6290.0	1.165979
6295.0	1.159693
6300.0	1.186071
6305.0	1.247717
6310.0	1.281929
6315.0	1.294890
6320.0	1.317344
6325.0	1.360379
6330.0	1.387506
6335.0	1.382284
6340.0	1.394274
6345.0	1.381300
6350.0	1.367000
6355.0	1.307124
6360.0	1.310162
6365.0	1.412212
6370.0	1.505616
6375.0	1.504187
6380.0	1.485021
6385.0	1.492851
6390.0	1.497036
6395.0	1.525182
6400.0	1.568382
6405.0	1.589367
6410.0	1.563913
6415.0	1.543905
6420.0	1.535892
6425.0	1.567346
6430.0	1.568103
6435.0	1.619111
6440.0	1.683033
6445.0	1.652171
6450.0	1.608003
6455.0	1.664603
6460.0	1.664256
6465.0	1.656934
6470.0	1.620257
6475.0	1.556398
6480.0	1.479484
6485.0	1.469798
6490.0	1.426769
6495.0	1.348627
6500.0	1.426951
6505.0	1.520045
6510.0	1.569130
6515.0	1.585879
6520.0	1.629103
6525.0	1.641014
6530.0	1.641330
6535.0	1.661769
6540.0	1.639306
6545.0	1.559688
6550.0	1.506291
6555.0	1.471334
6560.0	1.406501
6565.0	1.492438
6570.0	1.545110
6575.0	1.555725
6580.0	1.589466
6585.0	1.611074
6590.0	1.583144
6595.0	1.586633
6600.0	1.610312
6605.0	1.571374
6610.0	1.567764
6615.0	1.600882
6620.0	1.603259
6625.0	1.561337
6630.0	1.542147
6635.0	1.535957
6640.0	1.534205
6645.0	1.500069
6650.0	1.469566
6655.0	1.454114
6660.0	1.433238
6665.0	1.442922
6670.0	1.473000
6675.0	1.437528
6680.0	1.407574
6685.0	1.419688
6690.0	1.427945
6695.0	1.423516
6700.0	1.427925
6705.0	1.430873
6710.0	1.401635
6715.0	1.338385
6720.0	1.334015
6725.0	1.357061
6730.0	1.377991
6735.0	1.377786
6740.0	1.366400
6745.0	1.364468
6750.0	1.374720
6755.0	1.429871
6760.0	1.463135
6765.0	1.450132
6770.0	1.470551
6775.0	1.515150
6780.0	1.482464
6785.0	1.438848
6790.0	1.438961
6795.0	1.479701
6800.0	1.518711
6805.0	1.537848
6810.0	1.535957
6815.0	1.541149
6820.0	1.561378
6825.0	1.573067
6830.0	1.575745
6835.0	1.594960
6840.0	1.592523
6845.0	1.606203
6850.0	1.619501
6855.0	1.633177
6860.0	1.647873
6865.0	1.663021
6870.0	1.678419
6875.0	1.693798
6880.0	1.709622
6885.0	1.726036
6890.0	1.742592
6895.0	1.759391
6900.0	1.776559
6905.0	1.793892
6910.0	1.811300
6915.0	1.829504
6920.0	1.847504
6925.0	1.865307
6930.0	1.883705
6935.0	1.902164
6940.0	1.920900
6945.0	1.939523
6950.0	1.957799
6955.0	1.975200
6960.0	1.994165
6965.0	2.015728
6970.0	2.031237
6975.0	1.997584
6980.0	2.009312
6985.0	2.041793
6990.0	2.028076
6995.0	2.041040
7000.0	2.049584
7005.0	2.064372
7010.0	2.087668
7015.0	2.083119
7020.0	2.111270
7025.0	2.117537
7030.0	2.165693
7035.0	2.191664
7040.0	2.246589
7045.0	2.291375
7050.0	2.133842
7055.0	1.833400
7060.0	1.657671
7065.0	1.627974
7070.0	1.737461
7075.0	1.838415
7080.0	1.838888
7085.0	1.650488
7090.0	1.494885
7095.0	1.475095
7100.0	1.497633
7105.0	1.541961
7110.0	1.584692
7115.0	1.655645
7120.0	1.649948
7125.0	1.468634
7130.0	1.354025
7135.0	1.378321
7140.0	1.428985
7145.0	1.460016
7150.0	1.490364
7155.0	1.525699
7160.0	1.527630
7165.0	1.516540
7170.0	1.522035
7175.0	1.528230
7180.0	1.547237
7185.0	1.533274
7190.0	1.555490
7195.0	1.558583
7200.0	1.564698
7205.0	1.612094
7210.0	1.691206
7215.0	1.767203
7220.0	1.810486
7225.0	1.842862
7230.0	1.848107
7235.0	1.838499
7240.0	1.842141
7245.0	1.901238
7250.0	1.929387
7255.0	1.970631
7260.0	1.990171
7265.0	2.035186
7270.0	2.047376
7275.0	2.053249
7280.0	2.054111
7285.0	2.062827
7290.0	2.057389
7295.0	2.150254
7300.0	2.195787
7305.0	2.219392
7310.0	2.233941
7315.0	2.237440
7320.0	2.245733
7325.0	2.283038
7330.0	2.336779
7335.0	2.404619
7340.0	2.433947
7345.0	2.416203
7350.0	2.385619
7355.0	2.307015
7360.0	2.325068
7365.0	2.409821
7370.0	2.542664
7375.0	2.603933
7380.0	2.571532
7385.0	2.485011
7390.0	2.471338
7395.0	2.525229
7400.0	2.578987
7405.0	2.606048
7410.0	2.544511
7415.0	2.494121
7420.0	2.497577
7425.0	2.604001
7430.0	2.646214
7435.0	2.647182
7440.0	2.629626
7445.0	2.658908
7450.0	2.709655
7455.0	2.674792
7460.0	2.608320
7465.0	2.656241
7470.0	2.662783
7475.0	2.676847
7480.0	2.669544
7485.0	2.675158
7490.0	2.632410
7495.0	2.657866
7500.0	2.717919
7505.0	2.713218
7510.0	2.702413
7515.0	2.752318
7520.0	2.762902
7525.0	2.751886
7530.0	2.772607
7535.0	2.778427
7540.0	2.781688
7545.0	2.769456
7550.0	2.760924
7555.0	2.747397
7560.0	2.734959
7565.0	2.723438
7570.0	2.711346
7575.0	2.698932
7580.0	2.687055
7585.0	2.674595
7590.0	2.661954
7595.0	2.649742
7600.0	2.637187
7605.0	2.624512
7610.0	2.611457
7615.0	2.598274
7620.0	2.584972
7625.0	2.571609
7630.0	2.558238
7635.0	2.544913
7640.0	2.531690
7645.0	2.518628
7650.0	2.505779
7655.0	2.493191
7660.0	2.480910
7665.0	2.469000
7670.0	2.457148
7675.0	2.444967
7680.0	2.433913
7685.0	2.424986
7690.0	2.416445
7695.0	2.407158
7700.0	2.397762
7705.0	2.388211
7710.0	2.379717
7715.0	2.372434
7720.0	2.362480
7725.0	2.347614
7730.0	2.356618
7735.0	2.412489
7740.0	2.387213
7745.0	2.245034
7750.0	2.171856
7755.0	2.244215
7760.0	2.306324
7765.0	2.322790
7770.0	2.328654
7775.0	2.363417
7780.0	2.359806
7785.0	2.335068
7790.0	2.340024
7795.0	2.382468
7800.0	2.437537
7805.0	2.462860
7810.0	2.493245
7815.0	2.533348
7820.0	2.527665
7825.0	2.475888
7830.0	2.380410
7835.0	2.359627
7840.0	2.401573
7845.0	2.417451
7850.0	2.401592
7855.0	2.448925
7860.0	2.484437
7865.0	2.487101
7870.0	2.466901
7875.0	2.458636
7880.0	2.445873
7885.0	2.481711
7890.0	2.478960
7895.0	2.409253
7900.0	2.395763
7905.0	2.373549
7910.0	2.318171
7915.0	2.301037
7920.0	2.344143
7925.0	2.396938
7930.0	2.428797
7935.0	2.386982
7940.0	2.323083
7945.0	2.303700
7950.0	2.364481
7955.0	2.394581
7960.0	2.394989
7965.0	2.466427
7970.0	2.523790
7975.0	2.511366
7980.0	2.497484
7985.0	2.511701
7990.0	2.506769
7995.0	2.451026
8000.0	2.457943
8005.0	2.505351
8010.0	2.575774
8015.0	2.635332
8020.0	2.581848
8025.0	2.430635
8030.0	2.457538
8035.0	2.610799
8040.0	2.633828
8045.0	2.526264
8050.0	2.511257
8055.0	2.576950
8060.0	2.606023
8065.0	2.542401
8070.0	2.464948
8075.0	2.510684
8080.0	2.562844
8085.0	2.584697
8090.0	2.519373
8095.0	2.506929
8100.0	2.520076
8105.0	2.518037
8110.0	2.508900
8115.0	2.483132
8120.0	2.500819
8125.0	2.511696
8130.0	2.510769
8135.0	2.534426
8140.0	2.528188
8145.0	2.501996
8150.0	2.491616
8155.0	2.489069
8160.0	2.449848
8165.0	2.520653
8170.0	2.545772
8175.0	2.502956
8180.0	2.459991
8185.0	2.491618
8190.0	2.532922
8195.0	2.474520
8200.0	2.441981
8205.0	2.487915
8210.0	2.587884
8215.0	2.636642
8220.0	2.622276
8225.0	2.501364
8230.0	2.436485
8235.0	2.543247
8240.0	2.666939
8245.0	2.747878
8250.0	2.710809
8255.0	2.670560
8260.0	2.694779
8265.0	2.731657
8270.0	2.752282
8275.0	2.710572
8280.0	2.654462
8285.0	2.637061
8290.0	2.654610
8295.0	2.673182
8300.0	2.655972
8305.0	2.578879
8310.0	2.586535
8315.0	2.636967
8320.0	2.657757
8325.0	2.636793
8330.0	2.621949
8335.0	2.662021
8340.0	2.697430
8345.0	2.653804
8350.0	2.646001
8355.0	2.685540
8360.0	2.688296
8365.0	2.717463
8370.0	2.728025
8375.0	2.699919
8380.0	2.651629
8385.0	2.597662
8390.0	2.639582
8395.0	2.684149
8400.0	2.745588
8405.0	2.786657
8410.0	2.759791
8415.0	2.726574
8420.0	2.680240
8425.0	2.641810
8430.0	2.610421
8435.0	2.470480
8440.0	2.486543
8445.0	2.530733
8450.0	2.564519
8455.0	2.567932
8460.0	2.573585
8465.0	2.463456
8470.0	2.475006
8475.0	2.587744
8480.0	2.664251
8485.0	2.726977
8490.0	2.632225
8495.0	2.221941
8500.0	2.147017
8505.0	2.431055
8510.0	2.562312
8515.0	2.467544
8520.0	2.432510
8525.0	2.460821
8530.0	2.436524
8535.0	2.198400
8540.0	1.797472
8545.0	1.873936
8550.0	2.202551
8555.0	2.434901
8560.0	2.548287
8565.0	2.572933
8570.0	2.553175
8575.0	2.553548
8580.0	2.558361
8585.0	2.581871
8590.0	2.606895
8595.0	2.594290
8600.0	2.622481
8605.0	2.656016
8610.0	2.668297
8615.0	2.692360
8620.0	2.696693
8625.0	2.741966
8630.0	2.774729
8635.0	2.797678
8640.0	2.801906
8645.0	2.762533
8650.0	2.702785
8655.0	2.553440
8660.0	2.175336
8665.0	2.143045
8670.0	2.283899
8675.0	2.445836
8680.0	2.617141
8685.0	2.595159
8690.0	2.602057
8695.0	2.825302
8700.0	2.794554
8705.0	2.817746
8710.0	2.829399
8715.0	2.852913
8720.0	2.897216
8725.0	2.891938
8730.0	2.845501
8735.0	2.832902
8740.0	2.841944
8745.0	2.859392
8750.0	2.857127
8755.0	2.864848
8760.0	2.835784
8765.0	2.805641
8770.0	2.794410
8775.0	2.844468
8780.0	2.901354
8785.0	2.938293
8790.0	2.906578
8795.0	2.889164
8800.0	2.818306
8805.0	2.667301
8810.0	2.830572
8815.0	2.933624
8820.0	2.843696
8825.0	2.850425
8830.0	2.954956
8835.0	2.879092
8840.0	2.891816
8845.0	2.968154
8850.0	3.023676
8855.0	2.999030
8860.0	2.872136
8865.0	2.789358
8870.0	2.807659
8875.0	2.803114
8880.0	2.834817
8885.0	2.884748
8890.0	2.884197
8895.0	2.895367
8900.0	2.919698
8905.0	2.939824
8910.0	2.930802
8915.0	2.903741
8920.0	2.860815
8925.0	2.876209
8930.0	2.879196
8935.0	2.920517
8940.0	2.854015
8945.0	2.816626
8950.0	2.942625
8955.0	2.993352
8960.0	2.932556
8965.0	2.904015
8970.0	2.860813
8975.0	2.888908
8980.0	2.912193
8985.0	2.773010
8990.0	2.821182
8995.0	2.856282
9000.0	2.828510
9005.0	2.814518
9010.0	2.690824
9015.0	2.690138
9020.0	2.749582
9025.0	2.824737
9030.0	3.015725
9035.0	3.084702
9040.0	3.112597
9045.0	3.137081
9050.0	3.116270
9055.0	3.074955
9060.0	2.996933
9065.0	2.951789
9070.0	2.863719
9075.0	2.861395
9080.0	2.773778
9085.0	2.592982
9090.0	2.672125
9095.0	2.803215
9100.0	2.780037
9105.0	2.748201
9110.0	2.754258
9115.0	2.683062
9120.0	2.775903
9125.0	2.794433
9130.0	2.717098
9135.0	2.624896
9140.0	2.507780
9145.0	2.504867
9150.0	2.438873
9155.0	2.428771
9160.0	2.495180
9165.0	2.338742
9170.0	2.183013
9175.0	2.301909
9180.0	2.376467
9185.0	2.398373
9190.0	2.337744
9195.0	2.348957
9200.0	2.382485
9205.0	2.356162
9210.0	2.343085
9215.0	2.347381
9220.0	2.398296
9225.0	2.384986
9230.0	2.390070
9235.0	2.379581
9240.0	2.386627
9245.0	2.362164
9250.0	2.407934
9255.0	2.434824
9260.0	2.451007
9265.0	2.489364
9270.0	2.511613
9275.0	2.457916
9280.0	2.451915
9285.0	2.453705
9290.0	2.443025
9295.0	2.448196
9300.0	2.479970
9305.0	2.444168
9310.0	2.414422
9315.0	2.334331
9320.0	2.370341
9325.0	2.392521
9330.0	2.403682
9335.0	2.353109
9340.0	2.256856
9345.0	2.343645
9350.0	2.354271
9355.0	2.284911
9360.0	2.400728
9365.0	2.377296
9370.0	2.394683
9375.0	2.422879
9380.0	2.452368
9385.0	2.561416
9390.0	2.659567
9395.0	2.685276
9400.0	2.681812
9405.0	2.616684
9410.0	2.570390
9415.0	2.564627
9420.0	2.578656
9425.0	2.474524
9430.0	2.505276
9435.0	2.452589
9440.0	2.359632
9445.0	2.438918
9450.0	2.492489
9455.0	2.472138
9460.0	2.459082
9465.0	2.536914
9470.0	2.558625
9475.0	2.538158
9480.0	2.486566
9485.0	2.610439
9490.0	2.577740
9495.0	2.473335
9500.0	2.512469
9505.0	2.646228
9510.0	2.635915
9515.0	2.527102
9520.0	2.488043
9525.0	2.555011
9530.0	2.589413
9535.0	2.613712
9540.0	2.539296
9545.0	2.491343
9550.0	2.529515
9555.0	2.520664
9560.0	2.530125
9565.0	2.482249
9570.0	2.524125
9575.0	2.570396
9580.0	2.528933
9585.0	2.519507
9590.0	2.528963
9595.0	2.525101
9600.0	2.537904
9605.0	2.555968
9610.0	2.610635
9615.0	2.560424
9620.0	2.520254
9625.0	2.557768
9630.0	2.544055
9635.0	2.471499
9640.0	2.466480
9645.0	2.458549
9650.0	2.467176
9655.0	2.492873
9660.0	2.453220
9665.0	2.476053
9670.0	2.466960
9675.0	2.479349
9680.0	2.540584
9685.0	2.514313
9690.0	2.511803
9695.0	2.555474
9700.0	2.530222
9705.0	2.476529
9710.0	2.555923
9715.0	2.516379
9720.0	2.540452
9725.0	2.467359
9730.0	2.467340
9735.0	2.504006
9740.0	2.510382
9745.0	2.500764
9750.0	2.540429
9755.0	2.526446
9760.0	2.573778
9765.0	2.531866
9770.0	2.542137
9775.0	2.567475
9780.0	2.497724
9785.0	2.522339
9790.0	2.559126
9795.0	2.596588
9800.0	2.618790
9805.0	2.668260
9810.0	2.648063
9815.0	2.634024
9820.0	2.655094
9825.0	2.592941
9830.0	2.637504
9835.0	2.647768
9840.0	2.670169
9845.0	2.708743
9850.0	2.716290
9855.0	2.713165
9860.0	2.658183
9865.0	2.701276
9870.0	2.700298
9875.0	2.708703
9880.0	2.661818
9885.0	2.709768
9890.0	2.712390
9895.0	2.676055
9900.0	2.673209
9905.0	2.682953
9910.0	2.665116
9915.0	2.693420
9920.0	2.695003
9925.0	2.640965
9930.0	2.690877
9935.0	2.714126
9940.0	2.711806
9945.0	2.704290
9950.0	2.660858
9955.0	2.719366
9960.0	2.674670
9965.0	2.727008
9970.0	2.779771
9975.0	2.741729
9980.0	2.705887
9985.0	2.723446
9990.0	2.760160
9995.0	2.730942
10000.0	2.704918
10005.0	2.760553
10010.0	2.780640
10015.0	2.766524
10020.0	2.748349
10025.0	2.791211
10030.0	2.727649
10035.0	2.726006
10040.0	2.801435
10045.0	2.657848
10050.0	2.690866
10055.0	2.651134
10060.0	2.762076
10065.0	2.658798
10070.0	2.730697
10075.0	2.738235
10080.0	2.718540
10085.0	2.687116
10090.0	2.708727
10095.0	2.746860
10100.0	2.776016
10105.0	2.765803
10110.0	2.791790
10115.0	2.724926
10120.0	2.706434
10125.0	2.799492
10130.0	2.801635
10135.0	2.746853
10140.0	2.724064
10145.0	2.723357
10150.0	2.722930
10155.0	2.722829
10160.0	2.723040
10165.0	2.723533
10170.0	2.724281
10175.0	2.725254
10180.0	2.726424
10185.0	2.727760
10190.0	2.729235
10195.0	2.730819
10200.0	2.732484
10205.0	2.734205
10210.0	2.735975
10215.0	2.737792
10220.0	2.739652
10225.0	2.741554
10230.0	2.743494
10235.0	2.745471
10240.0	2.747481
10245.0	2.749522
10250.0	2.751592
10255.0	2.753657
10260.0	2.755557
10265.0	2.757103
10270.0	2.758105
10275.0	2.758372
10280.0	2.757715
10285.0	2.755943
10290.0	2.752867
10295.0	2.748295
10300.0	2.742038
10305.0	2.734027
10310.0	2.724675
10315.0	2.714515
10320.0	2.704081
10325.0	2.693906
10330.0	2.684525
10335.0	2.676470
10340.0	2.670276
10345.0	2.666476
10350.0	2.665605
10355.0	2.668011
10360.0	2.673311
10365.0	2.680934
10370.0	2.690312
10375.0	2.700877
10380.0	2.712060
10385.0	2.723291
10390.0	2.734003
10395.0	2.743626
10400.0	2.751592
10405.0	2.757478
10410.0	2.761446
10415.0	2.763805
10420.0	2.764863
10425.0	2.764927
10430.0	2.764307
10435.0	2.763310
10440.0	2.762246
10445.0	2.761422
10450.0	2.761147
10455.0	2.761662
10460.0	2.762942
10465.0	2.764898
10470.0	2.767436
10475.0	2.770467
10480.0	2.773898
10485.0	2.777640
10490.0	2.781599
10495.0	2.785686
10500.0	2.789809
10505.0	2.793892
10510.0	2.797920
10515.0	2.801893
10520.0	2.805811
10525.0	2.809675
10530.0	2.813484
10535.0	2.817238
10540.0	2.820939
10545.0	2.824585
10550.0	2.828178
10555.0	2.831716
10560.0	2.835201
10565.0	2.838633
10570.0	2.842010
10575.0	2.845335
10580.0	2.848607
10585.0	2.851826
10590.0	2.854991
10595.0	2.858105
10600.0	2.861165
10605.0	2.864173
10610.0	2.867129
10615.0	2.870033
10620.0	2.872885
