#-- m2v
#\*l[Angstrom]	F(\*l)/F(555.6Angstrom]
1150.0	0.000000
1155.0	0.000000
1160.0	0.000000
1165.0	0.000000
1170.0	0.000000
1175.0	0.000000
1180.0	0.000000
1185.0	0.000000
1190.0	0.000000
1195.0	0.000000
1200.0	0.000000
1205.0	0.000000
1210.0	0.000000
1215.0	0.000000
1220.0	0.000000
1225.0	0.000000
1230.0	0.000000
1235.0	0.000000
1240.0	0.000000
1245.0	0.000000
1250.0	0.000000
1255.0	0.000000
1260.0	0.000000
1265.0	0.000000
1270.0	0.000000
1275.0	0.000000
1280.0	0.000000
1285.0	0.000000
1290.0	0.000000
1295.0	0.000000
1300.0	0.000000
1305.0	0.000000
1310.0	0.000000
1315.0	0.000000
1320.0	0.000000
1325.0	0.000000
1330.0	0.000000
1335.0	0.000000
1340.0	0.000000
1345.0	0.000000
1350.0	0.000000
1355.0	0.000000
1360.0	0.000000
1365.0	0.000000
1370.0	0.000000
1375.0	0.000000
1380.0	0.000000
1385.0	0.000000
1390.0	0.000000
1395.0	0.000000
1400.0	0.000000
1405.0	0.000000
1410.0	0.000000
1415.0	0.000000
1420.0	0.000000
1425.0	0.000000
1430.0	0.000000
1435.0	0.000000
1440.0	0.000000
1445.0	0.000000
1450.0	0.000000
1455.0	0.000000
1460.0	0.000000
1465.0	0.000000
1470.0	0.000000
1475.0	0.000000
1480.0	0.000000
1485.0	0.000000
1490.0	0.000000
1495.0	0.000000
1500.0	0.000000
1505.0	0.000000
1510.0	0.000000
1515.0	0.000000
1520.0	0.000000
1525.0	0.000000
1530.0	0.000000
1535.0	0.000000
1540.0	0.000000
1545.0	0.000000
1550.0	0.000000
1555.0	0.000000
1560.0	0.000000
1565.0	0.000000
1570.0	0.000000
1575.0	0.000000
1580.0	0.000000
1585.0	0.000000
1590.0	0.000000
1595.0	0.000000
1600.0	0.000000
1605.0	0.000000
1610.0	0.000000
1615.0	0.000000
1620.0	0.000000
1625.0	0.000000
1630.0	0.000000
1635.0	0.000000
1640.0	0.000000
1645.0	0.000000
1650.0	0.000000
1655.0	0.000000
1660.0	0.000000
1665.0	0.000000
1670.0	0.000000
1675.0	0.000000
1680.0	0.000000
1685.0	0.000000
1690.0	0.000000
1695.0	0.000000
1700.0	0.000000
1705.0	0.000000
1710.0	0.000000
1715.0	0.000000
1720.0	0.000000
1725.0	0.000000
1730.0	0.000000
1735.0	0.000000
1740.0	0.000000
1745.0	0.000000
1750.0	0.000000
1755.0	0.000000
1760.0	0.000000
1765.0	0.000000
1770.0	0.000000
1775.0	0.000000
1780.0	0.000000
1785.0	0.000000
1790.0	0.000000
1795.0	0.000000
1800.0	0.000000
1805.0	0.000000
1810.0	0.000000
1815.0	0.000000
1820.0	0.000000
1825.0	0.000000
1830.0	0.000000
1835.0	0.000000
1840.0	0.000000
1845.0	0.000000
1850.0	0.000000
1855.0	0.000000
1860.0	0.000000
1865.0	0.000000
1870.0	0.000000
1875.0	0.000000
1880.0	0.000000
1885.0	0.000000
1890.0	0.000000
1895.0	0.000000
1900.0	0.000000
1905.0	0.000000
1910.0	0.000000
1915.0	0.000000
1920.0	0.000000
1925.0	0.000000
1930.0	0.000000
1935.0	0.000000
1940.0	0.000000
1945.0	0.000000
1950.0	0.000000
1955.0	0.000000
1960.0	0.000000
1965.0	0.000000
1970.0	0.000000
1975.0	0.000000
1980.0	0.000000
1985.0	0.000000
1990.0	0.000000
1995.0	0.000000
2000.0	0.000000
2005.0	0.000000
2010.0	0.000000
2015.0	0.000000
2020.0	0.000000
2025.0	0.000000
2030.0	0.000000
2035.0	0.000000
2040.0	0.000000
2045.0	0.000000
2050.0	0.000000
2055.0	0.000000
2060.0	0.000000
2065.0	0.000000
2070.0	0.000000
2075.0	0.000000
2080.0	0.000000
2085.0	0.000000
2090.0	0.000000
2095.0	0.000000
2100.0	0.000000
2105.0	0.000000
2110.0	0.000000
2115.0	0.000000
2120.0	0.000000
2125.0	0.000000
2130.0	0.000000
2135.0	0.000000
2140.0	0.000000
2145.0	0.000000
2150.0	0.000000
2155.0	0.000000
2160.0	0.000000
2165.0	0.000000
2170.0	0.000000
2175.0	0.000000
2180.0	0.000000
2185.0	0.000000
2190.0	0.000000
2195.0	0.000000
2200.0	0.000000
2205.0	0.000000
2210.0	0.000000
2215.0	0.000000
2220.0	0.000000
2225.0	0.000000
2230.0	0.000000
2235.0	0.000000
2240.0	0.000000
2245.0	0.000000
2250.0	0.000000
2255.0	0.000000
2260.0	0.000000
2265.0	0.000000
2270.0	0.000000
2275.0	0.000000
2280.0	0.000000
2285.0	0.000000
2290.0	0.000000
2295.0	0.000000
2300.0	0.000000
2305.0	0.000000
2310.0	0.000000
2315.0	0.000000
2320.0	0.000000
2325.0	0.000000
2330.0	0.000000
2335.0	0.000000
2340.0	0.000000
2345.0	0.000000
2350.0	0.000000
2355.0	0.000000
2360.0	0.000000
2365.0	0.000000
2370.0	0.000000
2375.0	0.000000
2380.0	0.000000
2385.0	0.000000
2390.0	0.000000
2395.0	0.000000
2400.0	0.000000
2405.0	0.000000
2410.0	0.000000
2415.0	0.000000
2420.0	0.000000
2425.0	0.000000
2430.0	0.000000
2435.0	0.000000
2440.0	0.000000
2445.0	0.000000
2450.0	0.000000
2455.0	0.000000
2460.0	0.000000
2465.0	0.000000
2470.0	0.000000
2475.0	0.000000
2480.0	0.000000
2485.0	0.000000
2490.0	0.000000
2495.0	0.000000
2500.0	0.000000
2505.0	0.000000
2510.0	0.000000
2515.0	0.000000
2520.0	0.000000
2525.0	0.000000
2530.0	0.000000
2535.0	0.000000
2540.0	0.000000
2545.0	0.000000
2550.0	0.000000
2555.0	0.000000
2560.0	0.000000
2565.0	0.000000
2570.0	0.000000
2575.0	0.000000
2580.0	0.000000
2585.0	0.000000
2590.0	0.000000
2595.0	0.000000
2600.0	0.000000
2605.0	0.000000
2610.0	0.000000
2615.0	0.000000
2620.0	0.000000
2625.0	0.000000
2630.0	0.000000
2635.0	0.000000
2640.0	0.000000
2645.0	0.000000
2650.0	0.000000
2655.0	0.000000
2660.0	0.000000
2665.0	0.000000
2670.0	0.000000
2675.0	0.000000
2680.0	0.000000
2685.0	0.000000
2690.0	0.000000
2695.0	0.000000
2700.0	0.000000
2705.0	0.000000
2710.0	0.000000
2715.0	0.000000
2720.0	0.000000
2725.0	0.000000
2730.0	0.000000
2735.0	0.000000
2740.0	0.000000
2745.0	0.000000
2750.0	0.000000
2755.0	0.000001
2760.0	0.000002
2765.0	0.000004
2770.0	0.000005
2775.0	0.000006
2780.0	0.000006
2785.0	0.000006
2790.0	0.000005
2795.0	0.000003
2800.0	0.000000
2805.0	0.000000
2810.0	0.000000
2815.0	0.000000
2820.0	0.000000
2825.0	0.000000
2830.0	0.000000
2835.0	0.000000
2840.0	0.000000
2845.0	0.000000
2850.0	0.000000
2855.0	0.000016
2860.0	0.000034
2865.0	0.000052
2870.0	0.000068
2875.0	0.000081
2880.0	0.000086
2885.0	0.000083
2890.0	0.000069
2895.0	0.000042
2900.0	0.000000
2905.0	0.000000
2910.0	0.000000
2915.0	0.000000
2920.0	0.000000
2925.0	0.000000
2930.0	0.000000
2935.0	0.000000
2940.0	0.000000
2945.0	0.000000
2950.0	0.000000
2955.0	0.000221
2960.0	0.000501
2965.0	0.000831
2970.0	0.001203
2975.0	0.001610
2980.0	0.002044
2985.0	0.002498
2990.0	0.002963
2995.0	0.003431
3000.0	0.003896
3005.0	0.004350
3010.0	0.004792
3015.0	0.005221
3020.0	0.005636
3025.0	0.006036
3030.0	0.006421
3035.0	0.006790
3040.0	0.007142
3045.0	0.007476
3050.0	0.007792
3055.0	0.008091
3060.0	0.008382
3065.0	0.008675
3070.0	0.008981
3075.0	0.009311
3080.0	0.009675
3085.0	0.010084
3090.0	0.010549
3095.0	0.011080
3100.0	0.011688
3105.0	0.012381
3110.0	0.013155
3115.0	0.014002
3120.0	0.014917
3125.0	0.015892
3130.0	0.016920
3135.0	0.017995
3140.0	0.019109
3145.0	0.020256
3150.0	0.021429
3155.0	0.022618
3160.0	0.031747
3165.0	0.030758
3170.0	0.029943
3175.0	0.029506
3180.0	0.029708
3185.0	0.030690
3190.0	0.032034
3195.0	0.033087
3200.0	0.035391
3205.0	0.031071
3210.0	0.027624
3215.0	0.028849
3220.0	0.031121
3225.0	0.030558
3230.0	0.029680
3235.0	0.031472
3240.0	0.034364
3245.0	0.036356
3250.0	0.038273
3255.0	0.041202
3260.0	0.044440
3265.0	0.047117
3270.0	0.049478
3275.0	0.051676
3280.0	0.052367
3285.0	0.050629
3290.0	0.048707
3295.0	0.049135
3300.0	0.052422
3305.0	0.057971
3310.0	0.062785
3315.0	0.064339
3320.0	0.064412
3325.0	0.065358
3330.0	0.067537
3335.0	0.070443
3340.0	0.072086
3345.0	0.070910
3350.0	0.068562
3355.0	0.066923
3360.0	0.065601
3365.0	0.064186
3370.0	0.064471
3375.0	0.068001
3380.0	0.073116
3385.0	0.077547
3390.0	0.079775
3395.0	0.079114
3400.0	0.077441
3405.0	0.077155
3410.0	0.080172
3415.0	0.086882
3420.0	0.092050
3425.0	0.090827
3430.0	0.085540
3435.0	0.079980
3440.0	0.076638
3445.0	0.076994
3450.0	0.079815
3455.0	0.083147
3460.0	0.084884
3465.0	0.083961
3470.0	0.083618
3475.0	0.086684
3480.0	0.090025
3485.0	0.090539
3490.0	0.091222
3495.0	0.095128
3500.0	0.099460
3505.0	0.100832
3510.0	0.102665
3515.0	0.096426
3520.0	0.092472
3525.0	0.090954
3530.0	0.098857
3535.0	0.114555
3540.0	0.126857
3545.0	0.130409
3550.0	0.126531
3555.0	0.118594
3560.0	0.108976
3565.0	0.096593
3570.0	0.084783
3575.0	0.077497
3580.0	0.072547
3585.0	0.074343
3590.0	0.082546
3595.0	0.091927
3600.0	0.097306
3605.0	0.092740
3610.0	0.090323
3615.0	0.099611
3620.0	0.106673
3625.0	0.112592
3630.0	0.110428
3635.0	0.106736
3640.0	0.108837
3645.0	0.104780
3650.0	0.105446
3655.0	0.118437
3660.0	0.133217
3665.0	0.139593
3670.0	0.135828
3675.0	0.128942
3680.0	0.123305
3685.0	0.122545
3690.0	0.128849
3695.0	0.138168
3700.0	0.137367
3705.0	0.123253
3710.0	0.117324
3715.0	0.114589
3720.0	0.097885
3725.0	0.091717
3730.0	0.090801
3735.0	0.081180
3740.0	0.078518
3745.0	0.079485
3750.0	0.087151
3755.0	0.105841
3760.0	0.118395
3765.0	0.128235
3770.0	0.145459
3775.0	0.160686
3780.0	0.164191
3785.0	0.156318
3790.0	0.145802
3795.0	0.141964
3800.0	0.146582
3805.0	0.154560
3810.0	0.150493
3815.0	0.131813
3820.0	0.109638
3825.0	0.097947
3830.0	0.101421
3835.0	0.110792
3840.0	0.123596
3845.0	0.141195
3850.0	0.144253
3855.0	0.127122
3860.0	0.117043
3865.0	0.132489
3870.0	0.146645
3875.0	0.143493
3880.0	0.138366
3885.0	0.136348
3890.0	0.141226
3895.0	0.146811
3900.0	0.148122
3905.0	0.157015
3910.0	0.169558
3915.0	0.170640
3920.0	0.152844
3925.0	0.129670
3930.0	0.111063
3935.0	0.106289
3940.0	0.112477
3945.0	0.123710
3950.0	0.145594
3955.0	0.146094
3960.0	0.118031
3965.0	0.106133
3970.0	0.127632
3975.0	0.168258
3980.0	0.202020
3985.0	0.220555
3990.0	0.231403
3995.0	0.237706
4000.0	0.244748
4005.0	0.255970
4010.0	0.268254
4015.0	0.277085
4020.0	0.274464
4025.0	0.263022
4030.0	0.246235
4035.0	0.248554
4040.0	0.266860
4045.0	0.268525
4050.0	0.280122
4055.0	0.292998
4060.0	0.283211
4065.0	0.268847
4070.0	0.265207
4075.0	0.268265
4080.0	0.280267
4085.0	0.297450
4090.0	0.300123
4095.0	0.283669
4100.0	0.269950
4105.0	0.269970
4110.0	0.271520
4115.0	0.275764
4120.0	0.288079
4125.0	0.296857
4130.0	0.291168
4135.0	0.285957
4140.0	0.284417
4145.0	0.285998
4150.0	0.302619
4155.0	0.319386
4160.0	0.327270
4165.0	0.321487
4170.0	0.308423
4175.0	0.306676
4180.0	0.315766
4185.0	0.317930
4190.0	0.315319
4195.0	0.308496
4200.0	0.295287
4205.0	0.290731
4210.0	0.282389
4215.0	0.247410
4220.0	0.186262
4225.0	0.129847
4230.0	0.130138
4235.0	0.181031
4240.0	0.228148
4245.0	0.247806
4250.0	0.241222
4255.0	0.234471
4260.0	0.251436
4265.0	0.269585
4270.0	0.263178
4275.0	0.256927
4280.0	0.272394
4285.0	0.274682
4290.0	0.265550
4295.0	0.268681
4300.0	0.269440
4305.0	0.274287
4310.0	0.297232
4315.0	0.323733
4320.0	0.336901
4325.0	0.345981
4330.0	0.364235
4335.0	0.375562
4340.0	0.374262
4345.0	0.376446
4350.0	0.371142
4355.0	0.362665
4360.0	0.370497
4365.0	0.384819
4370.0	0.388543
4375.0	0.377663
4380.0	0.360096
4385.0	0.359108
4390.0	0.384996
4395.0	0.407389
4400.0	0.405580
4405.0	0.393920
4410.0	0.407941
4415.0	0.433818
4420.0	0.440766
4425.0	0.429055
4430.0	0.423646
4435.0	0.433194
4440.0	0.461881
4445.0	0.487571
4450.0	0.473228
4455.0	0.435535
4460.0	0.442337
4465.0	0.490931
4470.0	0.532109
4475.0	0.551111
4480.0	0.554877
4485.0	0.560504
4490.0	0.568429
4495.0	0.573536
4500.0	0.589304
4505.0	0.604261
4510.0	0.597074
4515.0	0.589793
4520.0	0.589554
4525.0	0.571029
4530.0	0.533253
4535.0	0.525192
4540.0	0.572298
4545.0	0.599445
4550.0	0.597469
4555.0	0.619041
4560.0	0.665710
4565.0	0.700086
4570.0	0.708396
4575.0	0.696238
4580.0	0.670079
4585.0	0.653749
4590.0	0.657930
4595.0	0.670713
4600.0	0.673927
4605.0	0.683985
4610.0	0.708979
4615.0	0.727628
4620.0	0.726141
4625.0	0.703976
4630.0	0.682446
4635.0	0.671504
4640.0	0.666397
4645.0	0.662340
4650.0	0.654373
4655.0	0.669673
4660.0	0.712515
4665.0	0.701261
4670.0	0.653416
4675.0	0.650889
4680.0	0.650338
4685.0	0.649568
4690.0	0.669101
4695.0	0.684994
4700.0	0.689976
4705.0	0.686513
4710.0	0.684900
4715.0	0.681156
4720.0	0.679845
4725.0	0.679617
4730.0	0.680033
4735.0	0.679107
4740.0	0.674083
4745.0	0.684942
4750.0	0.698318
4755.0	0.683049
4760.0	0.621443
4765.0	0.546421
4770.0	0.510776
4775.0	0.497327
4780.0	0.489329
4785.0	0.509549
4790.0	0.556811
4795.0	0.604396
4800.0	0.626998
4805.0	0.616024
4810.0	0.594557
4815.0	0.595732
4820.0	0.604947
4825.0	0.604011
4830.0	0.604625
4835.0	0.618989
4840.0	0.627923
4845.0	0.624460
4850.0	0.629296
4855.0	0.633363
4860.0	0.638439
4865.0	0.645200
4870.0	0.648933
4875.0	0.652792
4880.0	0.661883
4885.0	0.669850
4890.0	0.684952
4895.0	0.709520
4900.0	0.725829
4905.0	0.747546
4910.0	0.773705
4915.0	0.763564
4920.0	0.742158
4925.0	0.765644
4930.0	0.802349
4935.0	0.797679
4940.0	0.784615
4945.0	0.812324
4950.0	0.820624
4955.0	0.722323
4960.0	0.609545
4965.0	0.590937
4970.0	0.628121
4975.0	0.656797
4980.0	0.642776
4985.0	0.628568
4990.0	0.638387
4995.0	0.637482
5000.0	0.615005
5005.0	0.588430
5010.0	0.574046
5015.0	0.574618
5020.0	0.589044
5025.0	0.606206
5030.0	0.621527
5035.0	0.619977
5040.0	0.609825
5045.0	0.627091
5050.0	0.642786
5055.0	0.640228
5060.0	0.639635
5065.0	0.628506
5070.0	0.619176
5075.0	0.625562
5080.0	0.625115
5085.0	0.624907
5090.0	0.638376
5095.0	0.643504
5100.0	0.623035
5105.0	0.601297
5110.0	0.616950
5115.0	0.647186
5120.0	0.646177
5125.0	0.618458
5130.0	0.616576
5135.0	0.651201
5140.0	0.670651
5145.0	0.654259
5150.0	0.626977
5155.0	0.639167
5160.0	0.689851
5165.0	0.651263
5170.0	0.520678
5175.0	0.452728
5180.0	0.461350
5185.0	0.514198
5190.0	0.597594
5195.0	0.658170
5200.0	0.655080
5205.0	0.584270
5210.0	0.583272
5215.0	0.715043
5220.0	0.826116
5225.0	0.845857
5230.0	0.859410
5235.0	0.894565
5240.0	0.900920
5245.0	0.872993
5250.0	0.853772
5255.0	0.868386
5260.0	0.848759
5265.0	0.773632
5270.0	0.750219
5275.0	0.825263
5280.0	0.898601
5285.0	0.931323
5290.0	0.952083
5295.0	0.934526
5300.0	0.916439
5305.0	0.947257
5310.0	0.975621
5315.0	0.983921
5320.0	0.970410
5325.0	0.920672
5330.0	0.891019
5335.0	0.919049
5340.0	0.939581
5345.0	0.942233
5350.0	0.968995
5355.0	1.012316
5360.0	1.028697
5365.0	1.008696
5370.0	0.981903
5375.0	1.004827
5380.0	1.057456
5385.0	1.081254
5390.0	1.062688
5395.0	1.027460
5400.0	1.012503
5405.0	0.998774
5410.0	1.000261
5415.0	1.050145
5420.0	1.099695
5425.0	1.094411
5430.0	1.049905
5435.0	1.039681
5440.0	1.072757
5445.0	1.040107
5450.0	0.927433
5455.0	0.856893
5460.0	0.864069
5465.0	0.903021
5470.0	0.937501
5475.0	0.945947
5480.0	0.954704
5485.0	0.980416
5490.0	1.002466
5495.0	0.993563
5500.0	0.947569
5505.0	0.918425
5510.0	0.910822
5515.0	0.917416
5520.0	0.964492
5525.0	1.003069
5530.0	1.006762
5535.0	1.006647
5540.0	1.015103
5545.0	1.026451
5550.0	1.042968
5555.0	1.055335
5560.0	1.050124
5565.0	1.030996
5570.0	1.029478
5575.0	1.049375
5580.0	1.060265
5585.0	1.030695
5590.0	0.990567
5595.0	0.954330
5600.0	0.920183
5605.0	0.934921
5610.0	0.974706
5615.0	0.978388
5620.0	0.970140
5625.0	0.975694
5630.0	0.981529
5635.0	0.992335
5640.0	1.004276
5645.0	1.018952
5650.0	1.051237
5655.0	1.075534
5660.0	1.062771
5665.0	1.037174
5670.0	1.028656
5675.0	1.043717
5680.0	1.067379
5685.0	1.075544
5690.0	1.083615
5695.0	1.101391
5700.0	1.103627
5705.0	1.108037
5710.0	1.117866
5715.0	1.129723
5720.0	1.143817
5725.0	1.145346
5730.0	1.149007
5735.0	1.169809
5740.0	1.188271
5745.0	1.210279
5750.0	1.237052
5755.0	1.244530
5760.0	1.205994
5765.0	1.158222
5770.0	1.150973
5775.0	1.162258
5780.0	1.169611
5785.0	1.179087
5790.0	1.203768
5795.0	1.242055
5800.0	1.278167
5805.0	1.270788
5810.0	1.244362
5815.0	1.186495
5820.0	1.162311
5825.0	1.164900
5830.0	1.188424
5835.0	1.197749
5840.0	1.202766
5845.0	1.197562
5850.0	1.143444
5855.0	1.086908
5860.0	1.054824
5865.0	1.042391
5870.0	1.025344
5875.0	0.997321
5880.0	0.927822
5885.0	0.784860
5890.0	0.555455
5895.0	0.483793
5900.0	0.597082
5905.0	0.807541
5910.0	0.900244
5915.0	0.948781
5920.0	0.958936
5925.0	0.964945
5930.0	0.995223
5935.0	1.021037
5940.0	1.051943
5945.0	1.069051
5950.0	1.052698
5955.0	1.027861
5960.0	1.022197
5965.0	1.041145
5970.0	1.057075
5975.0	1.063206
5980.0	1.072332
5985.0	1.096286
5990.0	1.116053
5995.0	1.150673
6000.0	1.164028
6005.0	1.124703
6010.0	1.141072
6015.0	1.159481
6020.0	1.170434
6025.0	1.194921
6030.0	1.222088
6035.0	1.230348
6040.0	1.222945
6045.0	1.251600
6050.0	1.274568
6055.0	1.267407
6060.0	1.261339
6065.0	1.256639
6070.0	1.277207
6075.0	1.290360
6080.0	1.288104
6085.0	1.275087
6090.0	1.286834
6095.0	1.307203
6100.0	1.275030
6105.0	1.232194
6110.0	1.292524
6115.0	1.306916
6120.0	1.227781
6125.0	1.181732
6130.0	1.299791
6135.0	1.324964
6140.0	1.319512
6145.0	1.351942
6150.0	1.329033
6155.0	1.259050
6160.0	1.129430
6165.0	1.009979
6170.0	1.035096
6175.0	1.082268
6180.0	1.113906
6185.0	1.088598
6190.0	1.034611
6195.0	1.020101
6200.0	1.039394
6205.0	1.057008
6210.0	1.052386
6215.0	0.995400
6220.0	0.955674
6225.0	0.932675
6230.0	0.925819
6235.0	0.947334
6240.0	0.958460
6245.0	0.966504
6250.0	0.998269
6255.0	1.013379
6260.0	1.020815
6265.0	1.053316
6270.0	1.074693
6275.0	1.077103
6280.0	1.077083
6285.0	1.116815
6290.0	1.154935
6295.0	1.168328
6300.0	1.194228
6305.0	1.226029
6310.0	1.265458
6315.0	1.292734
6320.0	1.312050
6325.0	1.329193
6330.0	1.348001
6335.0	1.363801
6340.0	1.380160
6345.0	1.400397
6350.0	1.407379
6355.0	1.390652
6360.0	1.351502
6365.0	1.340015
6370.0	1.347343
6375.0	1.343650
6380.0	1.301504
6385.0	1.279297
6390.0	1.302648
6395.0	1.354668
6400.0	1.404250
6405.0	1.443145
6410.0	1.476218
6415.0	1.480093
6420.0	1.478828
6425.0	1.488164
6430.0	1.501099
6435.0	1.493083
6440.0	1.478207
6445.0	1.522079
6450.0	1.532137
6455.0	1.550596
6460.0	1.558779
6465.0	1.543588
6470.0	1.586828
6475.0	1.605996
6480.0	1.619660
6485.0	1.597014
6490.0	1.584858
6495.0	1.539698
6500.0	1.552001
6505.0	1.628785
6510.0	1.664488
6515.0	1.677456
6520.0	1.687735
6525.0	1.710022
6530.0	1.720486
6535.0	1.727404
6540.0	1.735775
6545.0	1.710549
6550.0	1.680166
6555.0	1.657231
6560.0	1.645518
6565.0	1.623499
6570.0	1.628733
6575.0	1.622919
6580.0	1.645858
6585.0	1.661106
6590.0	1.658942
6595.0	1.635600
6600.0	1.636699
6605.0	1.634217
6610.0	1.626945
6615.0	1.621494
6620.0	1.607138
6625.0	1.580036
6630.0	1.567867
6635.0	1.567137
6640.0	1.557499
6645.0	1.550158
6650.0	1.515693
6655.0	1.472866
6660.0	1.453485
6665.0	1.454018
6670.0	1.470634
6675.0	1.456888
6680.0	1.408587
6685.0	1.367420
6690.0	1.364799
6695.0	1.363511
6700.0	1.366528
6705.0	1.377005
6710.0	1.362732
6715.0	1.311661
6720.0	1.260321
6725.0	1.259832
6730.0	1.270175
6735.0	1.284909
6740.0	1.292281
6745.0	1.280156
6750.0	1.254631
6755.0	1.253415
6760.0	1.270385
6765.0	1.278170
6770.0	1.275938
6775.0	1.278776
6780.0	1.264665
6785.0	1.223886
6790.0	1.207221
6795.0	1.206734
6800.0	1.207659
6805.0	1.220719
6810.0	1.212644
6815.0	1.211895
6820.0	1.203685
6825.0	1.212460
6830.0	1.219992
6835.0	1.225517
6840.0	1.270536
6845.0	1.274464
6850.0	1.277375
6855.0	1.279951
6860.0	1.282874
6865.0	1.286835
6870.0	1.292557
6875.0	1.300770
6880.0	1.312205
6885.0	1.327268
6890.0	1.345061
6895.0	1.364362
6900.0	1.383947
6905.0	1.402843
6910.0	1.421074
6915.0	1.438916
6920.0	1.456643
6925.0	1.474332
6930.0	1.491275
6935.0	1.506564
6940.0	1.519294
6945.0	1.528895
6950.0	1.536135
6955.0	1.542120
6960.0	1.547953
6965.0	1.554472
6970.0	1.561449
6975.0	1.548653
6980.0	1.549625
6985.0	1.564059
6990.0	1.568438
6995.0	1.569091
7000.0	1.587682
7005.0	1.599923
7010.0	1.616112
7015.0	1.641087
7020.0	1.658241
7025.0	1.670224
7030.0	1.699294
7035.0	1.730584
7040.0	1.755019
7045.0	1.791552
7050.0	1.779746
7055.0	1.668821
7060.0	1.576681
7065.0	1.561932
7070.0	1.582847
7075.0	1.598052
7080.0	1.590631
7085.0	1.554215
7090.0	1.455130
7095.0	1.420704
7100.0	1.431492
7105.0	1.452272
7110.0	1.474771
7115.0	1.486483
7120.0	1.488932
7125.0	1.417369
7130.0	1.307964
7135.0	1.304576
7140.0	1.366217
7145.0	1.386259
7150.0	1.395616
7155.0	1.451807
7160.0	1.475996
7165.0	1.476959
7170.0	1.491319
7175.0	1.493915
7180.0	1.502061
7185.0	1.514975
7190.0	1.514264
7195.0	1.534660
7200.0	1.514129
7205.0	1.497755
7210.0	1.529063
7215.0	1.576909
7220.0	1.608042
7225.0	1.626058
7230.0	1.635683
7235.0	1.633379
7240.0	1.649808
7245.0	1.656623
7250.0	1.689407
7255.0	1.704020
7260.0	1.735031
7265.0	1.745742
7270.0	1.766535
7275.0	1.772845
7280.0	1.792742
7285.0	1.823959
7290.0	1.825568
7295.0	1.838596
7300.0	1.868544
7305.0	1.866404
7310.0	1.880657
7315.0	1.897822
7320.0	1.904933
7325.0	1.893771
7330.0	1.891327
7335.0	1.922001
7340.0	1.941792
7345.0	1.882197
7350.0	1.893458
7355.0	1.882961
7360.0	1.875513
7365.0	1.903893
7370.0	1.939332
7375.0	1.961724
7380.0	1.969116
7385.0	1.973910
7390.0	1.971113
7395.0	1.971972
7400.0	1.968079
7405.0	1.976288
7410.0	1.995714
7415.0	1.993381
7420.0	1.996206
7425.0	1.997771
7430.0	2.011196
7435.0	2.022332
7440.0	2.025714
7445.0	2.012797
7450.0	2.012197
7455.0	2.032187
7460.0	2.029279
7465.0	2.012484
7470.0	2.036250
7475.0	2.044499
7480.0	2.052310
7485.0	2.053827
7490.0	2.044597
7495.0	2.034915
7500.0	2.052520
7505.0	2.060862
7510.0	2.049109
7515.0	2.052539
7520.0	2.061602
7525.0	2.060766
7530.0	2.057778
7535.0	2.068551
7540.0	2.085018
7545.0	2.089926
7550.0	2.066900
7555.0	2.062076
7560.0	2.057402
7565.0	2.052913
7570.0	2.061386
7575.0	2.056734
7580.0	2.052461
7585.0	2.048638
7590.0	2.045336
7595.0	2.042627
7600.0	2.040583
7605.0	2.039232
7610.0	2.038421
7615.0	2.037958
7620.0	2.037646
7625.0	2.037290
7630.0	2.036696
7635.0	2.035670
7640.0	2.034015
7645.0	2.031538
7650.0	2.028042
7655.0	2.023407
7660.0	2.017799
7665.0	2.011459
7670.0	2.004629
7675.0	1.997547
7680.0	1.990456
7685.0	1.983595
7690.0	1.977205
7695.0	1.971526
7700.0	1.966799
7705.0	1.963200
7710.0	1.960639
7715.0	1.958963
7720.0	1.958020
7725.0	1.956419
7730.0	1.955084
7735.0	1.972463
7740.0	1.974709
7745.0	1.953160
7750.0	1.915906
7755.0	1.916610
7760.0	1.933536
7765.0	1.941274
7770.0	1.954839
7775.0	1.970705
7780.0	1.975730
7785.0	1.958144
7790.0	1.955777
7795.0	1.973435
7800.0	1.978522
7805.0	1.995394
7810.0	2.009662
7815.0	2.018487
7820.0	2.013616
7825.0	1.998542
7830.0	1.980132
7835.0	1.964844
7840.0	1.980246
7845.0	2.001828
7850.0	2.013794
7855.0	2.019123
7860.0	2.025830
7865.0	2.033206
7870.0	2.038202
7875.0	2.042449
7880.0	2.054885
7885.0	2.066827
7890.0	2.069531
7895.0	2.077058
7900.0	2.079253
7905.0	2.068819
7910.0	2.055232
7915.0	2.054029
7920.0	2.065340
7925.0	2.075633
7930.0	2.083771
7935.0	2.098550
7940.0	2.086738
7945.0	2.079941
7950.0	2.082827
7955.0	2.112106
7960.0	2.108669
7965.0	2.125847
7970.0	2.139394
7975.0	2.137016
7980.0	2.127907
7985.0	2.136431
7990.0	2.137082
7995.0	2.130843
8000.0	2.120609
8005.0	2.133862
8010.0	2.146638
8015.0	2.153378
8020.0	2.157227
8025.0	2.142714
8030.0	2.145296
8035.0	2.163124
8040.0	2.168187
8045.0	2.157317
8050.0	2.157128
8055.0	2.179503
8060.0	2.185138
8065.0	2.180956
8070.0	2.173113
8075.0	2.174953
8080.0	2.182399
8085.0	2.177425
8090.0	2.170065
8095.0	2.164639
8100.0	2.146043
8105.0	2.153984
8110.0	2.167341
8115.0	2.153260
8120.0	2.158999
8125.0	2.174206
8130.0	2.166940
8135.0	2.148948
8140.0	2.144877
8145.0	2.127955
8150.0	2.109486
8155.0	2.092942
8160.0	2.074638
8165.0	2.048558
8170.0	2.068017
8175.0	2.059467
8180.0	2.012505
8185.0	1.950510
8190.0	1.982677
8195.0	1.948261
8200.0	1.969017
8205.0	2.058518
8210.0	2.089057
8215.0	2.089548
8220.0	2.082937
8225.0	2.068414
8230.0	2.055512
8235.0	2.097657
8240.0	2.135296
8245.0	2.148953
8250.0	2.171442
8255.0	2.166062
8260.0	2.161722
8265.0	2.171284
8270.0	2.141124
8275.0	2.106606
8280.0	2.092051
8285.0	2.085796
8290.0	2.083170
8295.0	2.085154
8300.0	2.101607
8305.0	2.097201
8310.0	2.097016
8315.0	2.101893
8320.0	2.100585
8325.0	2.091427
8330.0	2.078150
8335.0	2.088412
8340.0	2.092823
8345.0	2.101140
8350.0	2.104413
8355.0	2.095731
8360.0	2.100133
8365.0	2.093317
8370.0	2.113502
8375.0	2.119682
8380.0	2.103008
8385.0	2.094691
8390.0	2.098537
8395.0	2.136415
8400.0	2.137562
8405.0	2.161284
8410.0	2.143943
8415.0	2.123095
8420.0	2.129688
8425.0	2.112281
8430.0	2.077717
8435.0	2.020156
8440.0	2.027254
8445.0	2.112108
8450.0	2.114336
8455.0	2.098478
8460.0	2.102075
8465.0	2.098632
8470.0	2.068918
8475.0	2.099164
8480.0	2.124396
8485.0	2.130655
8490.0	2.114402
8495.0	2.048788
8500.0	1.965430
8505.0	2.053456
8510.0	2.097492
8515.0	2.054851
8520.0	2.054186
8525.0	2.088386
8530.0	2.088803
8535.0	2.038832
8540.0	1.870863
8545.0	1.775244
8550.0	1.976241
8555.0	2.092925
8560.0	2.123017
8565.0	2.132639
8570.0	2.135342
8575.0	2.140543
8580.0	2.141908
8585.0	2.138637
8590.0	2.148827
8595.0	2.148607
8600.0	2.149920
8605.0	2.162965
8610.0	2.163742
8615.0	2.154120
8620.0	2.156913
8625.0	2.162258
8630.0	2.163810
8635.0	2.162456
8640.0	2.167396
8645.0	2.165527
8650.0	2.157197
8655.0	2.107441
8660.0	1.964254
8665.0	1.877831
8670.0	2.050636
8675.0	2.112374
8680.0	2.111866
8685.0	2.102080
8690.0	2.037817
8695.0	2.078882
8700.0	2.134830
8705.0	2.154291
8710.0	2.149839
8715.0	2.142382
8720.0	2.143659
8725.0	2.154861
8730.0	2.156446
8735.0	2.148944
8740.0	2.142908
8745.0	2.163855
8750.0	2.166048
8755.0	2.159500
8760.0	2.150442
8765.0	2.146130
8770.0	2.135609
8775.0	2.132912
8780.0	2.146731
8785.0	2.166725
8790.0	2.168000
8795.0	2.156451
8800.0	2.142953
8805.0	2.065407
8810.0	2.060883
8815.0	2.146363
8820.0	2.144974
8825.0	2.098387
8830.0	2.125431
8835.0	2.158995
8840.0	2.156968
8845.0	2.156044
8850.0	2.162620
8855.0	2.165028
8860.0	2.141615
8865.0	2.116619
8870.0	2.105317
8875.0	2.100876
8880.0	2.124369
8885.0	2.136283
8890.0	2.137966
8895.0	2.135345
8900.0	2.137286
8905.0	2.160518
8910.0	2.150503
8915.0	2.147594
8920.0	2.147225
8925.0	2.120112
8930.0	2.113180
8935.0	2.110966
8940.0	2.106215
8945.0	2.094144
8950.0	2.080587
8955.0	2.078979
8960.0	2.085975
8965.0	2.071185
8970.0	2.072608
8975.0	2.075242
8980.0	2.063967
8985.0	2.059441
8990.0	2.015686
8995.0	2.054080
9000.0	2.039654
9005.0	2.048654
9010.0	2.068784
9015.0	2.074102
9020.0	2.089839
9025.0	2.108114
9030.0	2.132295
9035.0	2.181793
9040.0	2.195860
9045.0	2.194868
9050.0	2.184519
9055.0	2.161916
9060.0	2.141829
9065.0	2.113435
9070.0	2.083379
9075.0	2.087320
9080.0	2.100263
9085.0	2.096521
9090.0	2.094822
9095.0	2.133883
9100.0	2.151560
9105.0	2.154839
9110.0	2.170270
9115.0	2.172260
9120.0	2.140890
9125.0	2.151358
9130.0	2.141039
9135.0	2.116263
9140.0	2.122760
9145.0	2.142816
9150.0	2.120525
9155.0	2.095799
9160.0	2.120358
9165.0	2.148379
9170.0	2.158766
9175.0	2.151088
9180.0	2.188431
9185.0	2.207733
9190.0	2.226984
9195.0	2.245165
9200.0	2.253239
9205.0	2.247060
9210.0	2.241620
9215.0	2.239680
9220.0	2.242551
9225.0	2.246451
9230.0	2.246040
9235.0	2.234295
9240.0	2.243026
9245.0	2.236367
9250.0	2.229780
9255.0	2.222155
9260.0	2.212026
9265.0	2.198850
9270.0	2.183566
9275.0	2.167483
9280.0	2.151911
9285.0	2.137823
9290.0	2.124844
9295.0	2.112264
9300.0	2.099374
9305.0	2.086291
9310.0	2.076455
9315.0	2.074131
9320.0	2.083587
9325.0	2.106941
9330.0	2.137716
9335.0	2.167283
9340.0	2.187017
9345.0	2.190935
9350.0	2.183637
9355.0	2.172365
9360.0	2.164333
9365.0	2.165261
9370.0	2.174894
9375.0	2.191487
9380.0	2.213293
9385.0	2.237769
9390.0	2.259181
9395.0	2.271000
9400.0	2.266696
9405.0	2.242374
9410.0	2.204676
9415.0	2.162877
9420.0	2.126254
9425.0	2.102301
9430.0	2.091377
9435.0	2.092059
9440.0	2.102925
9445.0	2.121887
9450.0	2.144195
9455.0	2.164439
9460.0	2.177212
9465.0	2.178701
9470.0	2.171446
9475.0	2.159578
9480.0	2.147226
9485.0	2.137700
9490.0	2.131016
9495.0	2.126369
9500.0	2.122954
9505.0	2.120270
9510.0	2.119035
9515.0	2.120269
9520.0	2.124995
9525.0	2.133612
9530.0	2.144038
9535.0	2.153567
9540.0	2.159495
9545.0	2.159973
9550.0	2.156582
9555.0	2.151768
9560.0	2.147992
9565.0	2.147002
9570.0	2.147666
9575.0	2.148130
9580.0	2.146541
9585.0	2.141781
9590.0	2.135682
9595.0	2.130807
9600.0	2.129724
9605.0	2.134004
9610.0	2.141246
9615.0	2.148055
9620.0	2.151035
9625.0	2.147975
9630.0	2.141406
9635.0	2.135038
9640.0	2.132586
9645.0	2.136753
9650.0	2.146201
9655.0	2.158587
9660.0	2.171582
9665.0	2.183023
9670.0	2.191410
9675.0	2.195410
9680.0	2.193688
9685.0	2.185591
9690.0	2.173197
9695.0	2.159264
9700.0	2.146552
9705.0	2.137237
9710.0	2.131167
9715.0	2.127608
9720.0	2.125827
9725.0	2.125217
9730.0	2.125689
9735.0	2.127279
9740.0	2.130025
9745.0	2.133893
9750.0	2.138566
9755.0	2.143646
9760.0	2.148718
9765.0	2.153405
9770.0	2.157521
9775.0	2.160925
9780.0	2.163479
9785.0	2.165254
9790.0	2.167162
9795.0	2.170330
9800.0	2.175882
9805.0	2.184361
9810.0	2.193991
9815.0	2.202411
9820.0	2.207262
9825.0	2.206897
9830.0	2.202521
9835.0	2.196052
9840.0	2.189406
9845.0	2.184011
9850.0	2.179341
9855.0	2.174439
9860.0	2.168597
9865.0	2.161263
9870.0	2.152282
9875.0	2.141596
9880.0	2.129147
9885.0	2.115060
9890.0	2.100193
9895.0	2.085588
9900.0	2.072287
9905.0	2.061291
9910.0	2.053441
9915.0	2.049534
9920.0	2.050372
9925.0	2.056183
9930.0	2.064912
9935.0	2.073936
9940.0	2.080628
9945.0	2.083099
9950.0	2.082390
9955.0	2.080300
9960.0	2.078728
9965.0	2.079116
9970.0	2.080969
9975.0	2.083308
9980.0	2.085154
9985.0	2.085882
9990.0	2.086287
9995.0	2.087515
10000.0	2.090714
10005.0	2.096478
10010.0	2.103179
10015.0	2.108633
10020.0	2.110658
10025.0	2.107902
10030.0	2.102334
10035.0	2.096759
10040.0	2.093976
10045.0	2.096021
10050.0	2.101861
10055.0	2.109697
10060.0	2.117732
10065.0	2.124458
10070.0	2.129526
10075.0	2.132874
10080.0	2.134440
10085.0	2.134269
10090.0	2.132833
10095.0	2.130713
10100.0	2.128486
10105.0	2.126564
10110.0	2.124676
10115.0	2.122381
10120.0	2.119239
10125.0	2.115072
10130.0	2.110747
10135.0	2.107392
10140.0	2.106136
10145.0	2.107634
10150.0	2.110640
10155.0	2.113438
10160.0	2.114305
10165.0	2.112033
10170.0	2.107461
10175.0	2.101939
10180.0	2.096818
10185.0	2.093180
10190.0	2.091033
10195.0	2.090117
10200.0	2.090170
10205.0	2.090954
10210.0	2.092313
10215.0	2.094110
10220.0	2.096212
10225.0	2.098333
10230.0	2.099584
10235.0	2.098926
10240.0	2.095320
10245.0	2.088250
10250.0	2.079284
10255.0	2.070513
10260.0	2.064018
10265.0	2.061289
10270.0	2.061449
10275.0	2.063028
10280.0	2.064560
10285.0	2.064823
10290.0	2.063588
10295.0	2.060874
10300.0	2.056699
10305.0	2.051214
10310.0	2.045089
10315.0	2.039126
10320.0	2.034128
10325.0	2.030725
10330.0	2.028872
10335.0	2.028354
10340.0	2.028954
10345.0	2.030458
10350.0	2.032660
10355.0	2.035347
10360.0	2.038260
10365.0	2.041122
10370.0	2.043603
10375.0	2.045360
10380.0	2.046050
10385.0	2.045599
10390.0	2.045006
10395.0	2.045539
10400.0	2.048467
10405.0	2.054543
10410.0	2.062458
10415.0	2.070389
10420.0	2.076513
10425.0	2.079559
10430.0	2.080452
10435.0	2.080671
10440.0	2.081692
10445.0	2.084510
10450.0	2.088191
10455.0	2.091325
10460.0	2.092540
10465.0	2.090862
10470.0	2.086880
10475.0	2.081576
10480.0	2.075932
10485.0	2.070879
10490.0	2.067150
10495.0	2.065430
10500.0	2.066402
10505.0	2.070369
10510.0	2.076100
10515.0	2.081981
10520.0	2.086401
10525.0	2.088156
10530.0	2.087680
10535.0	2.085818
10540.0	2.083414
10545.0	2.081205
10550.0	2.079492
10555.0	2.078467
10560.0	2.078325
10565.0	2.079176
10570.0	2.080803
10575.0	2.082905
10580.0	2.085182
10585.0	2.087275
10590.0	2.088587
10595.0	2.088461
10600.0	2.086243
10605.0	2.081499
10610.0	2.074693
10615.0	2.066512
10620.0	2.057643
