#-- m3iii
#\*l[Angstrom]	F(\*l)/F(555.6Angstrom]
1150.0	0.000000
1155.0	0.000000
1160.0	0.000000
1165.0	0.000000
1170.0	0.000000
1175.0	0.000000
1180.0	0.000000
1185.0	0.000000
1190.0	0.000000
1195.0	0.000000
1200.0	0.000000
1205.0	0.000000
1210.0	0.000000
1215.0	0.000000
1220.0	0.000000
1225.0	0.000000
1230.0	0.000000
1235.0	0.000000
1240.0	0.000000
1245.0	0.000000
1250.0	0.000000
1255.0	0.000000
1260.0	0.000000
1265.0	0.000000
1270.0	0.000000
1275.0	0.000000
1280.0	0.000000
1285.0	0.000000
1290.0	0.000000
1295.0	0.000000
1300.0	0.000000
1305.0	0.000000
1310.0	0.000000
1315.0	0.000000
1320.0	0.000000
1325.0	0.000000
1330.0	0.000000
1335.0	0.000000
1340.0	0.000000
1345.0	0.000000
1350.0	0.000000
1355.0	0.000000
1360.0	0.000000
1365.0	0.000000
1370.0	0.000000
1375.0	0.000000
1380.0	0.000000
1385.0	0.000000
1390.0	0.000000
1395.0	0.000000
1400.0	0.000000
1405.0	0.000000
1410.0	0.000000
1415.0	0.000000
1420.0	0.000000
1425.0	0.000000
1430.0	0.000000
1435.0	0.000000
1440.0	0.000000
1445.0	0.000000
1450.0	0.000000
1455.0	0.000000
1460.0	0.000000
1465.0	0.000000
1470.0	0.000000
1475.0	0.000000
1480.0	0.000000
1485.0	0.000000
1490.0	0.000000
1495.0	0.000000
1500.0	0.000000
1505.0	0.000000
1510.0	0.000000
1515.0	0.000000
1520.0	0.000000
1525.0	0.000000
1530.0	0.000000
1535.0	0.000000
1540.0	0.000000
1545.0	0.000000
1550.0	0.000000
1555.0	0.000000
1560.0	0.000000
1565.0	0.000000
1570.0	0.000000
1575.0	0.000000
1580.0	0.000000
1585.0	0.000000
1590.0	0.000000
1595.0	0.000000
1600.0	0.000000
1605.0	0.000000
1610.0	0.000000
1615.0	0.000000
1620.0	0.000000
1625.0	0.000000
1630.0	0.000000
1635.0	0.000000
1640.0	0.000000
1645.0	0.000000
1650.0	0.000000
1655.0	0.000000
1660.0	0.000000
1665.0	0.000000
1670.0	0.000000
1675.0	0.000000
1680.0	0.000000
1685.0	0.000000
1690.0	0.000000
1695.0	0.000000
1700.0	0.000000
1705.0	0.000000
1710.0	0.000000
1715.0	0.000000
1720.0	0.000000
1725.0	0.000000
1730.0	0.000000
1735.0	0.000000
1740.0	0.000000
1745.0	0.000000
1750.0	0.000000
1755.0	0.000000
1760.0	0.000000
1765.0	0.000000
1770.0	0.000000
1775.0	0.000000
1780.0	0.000000
1785.0	0.000000
1790.0	0.000000
1795.0	0.000000
1800.0	0.000000
1805.0	0.000000
1810.0	0.000000
1815.0	0.000000
1820.0	0.000000
1825.0	0.000000
1830.0	0.000000
1835.0	0.000000
1840.0	0.000000
1845.0	0.000000
1850.0	0.000000
1855.0	0.000000
1860.0	0.000000
1865.0	0.000000
1870.0	0.000000
1875.0	0.000000
1880.0	0.000000
1885.0	0.000000
1890.0	0.000000
1895.0	0.000000
1900.0	0.000000
1905.0	0.000000
1910.0	0.000000
1915.0	0.000000
1920.0	0.000000
1925.0	0.000000
1930.0	0.000000
1935.0	0.000000
1940.0	0.000000
1945.0	0.000000
1950.0	0.000000
1955.0	0.000000
1960.0	0.000000
1965.0	0.000000
1970.0	0.000000
1975.0	0.000000
1980.0	0.000000
1985.0	0.000000
1990.0	0.000000
1995.0	0.000000
2000.0	0.000000
2005.0	0.000000
2010.0	0.000000
2015.0	0.000000
2020.0	0.000000
2025.0	0.000000
2030.0	0.000000
2035.0	0.000000
2040.0	0.000000
2045.0	0.000000
2050.0	0.000000
2055.0	0.000000
2060.0	0.000000
2065.0	0.000000
2070.0	0.000000
2075.0	0.000000
2080.0	0.000000
2085.0	0.000000
2090.0	0.000000
2095.0	0.000000
2100.0	0.000000
2105.0	0.000000
2110.0	0.000000
2115.0	0.000000
2120.0	0.000000
2125.0	0.000000
2130.0	0.000000
2135.0	0.000000
2140.0	0.000000
2145.0	0.000000
2150.0	0.000000
2155.0	0.000000
2160.0	0.000000
2165.0	0.000000
2170.0	0.000000
2175.0	0.000000
2180.0	0.000000
2185.0	0.000000
2190.0	0.000000
2195.0	0.000000
2200.0	0.000000
2205.0	0.000000
2210.0	0.000000
2215.0	0.000000
2220.0	0.000000
2225.0	0.000000
2230.0	0.000000
2235.0	0.000000
2240.0	0.000000
2245.0	0.000000
2250.0	0.000000
2255.0	0.000000
2260.0	0.000000
2265.0	0.000000
2270.0	0.000000
2275.0	0.000000
2280.0	0.000000
2285.0	0.000000
2290.0	0.000000
2295.0	0.000000
2300.0	0.000000
2305.0	0.000000
2310.0	0.000000
2315.0	0.000000
2320.0	0.000000
2325.0	0.000000
2330.0	0.000000
2335.0	0.000000
2340.0	0.000000
2345.0	0.000000
2350.0	0.000000
2355.0	0.000000
2360.0	0.000000
2365.0	0.000000
2370.0	0.000000
2375.0	0.000000
2380.0	0.000000
2385.0	0.000000
2390.0	0.000000
2395.0	0.000000
2400.0	0.000000
2405.0	0.000000
2410.0	0.000000
2415.0	0.000000
2420.0	0.000000
2425.0	0.000000
2430.0	0.000000
2435.0	0.000000
2440.0	0.000000
2445.0	0.000000
2450.0	0.000000
2455.0	0.000000
2460.0	0.000000
2465.0	0.000000
2470.0	0.000000
2475.0	0.000000
2480.0	0.000000
2485.0	0.000000
2490.0	0.000000
2495.0	0.000000
2500.0	0.000000
2505.0	0.000000
2510.0	0.000000
2515.0	0.000000
2520.0	0.000000
2525.0	0.000000
2530.0	0.000000
2535.0	0.000000
2540.0	0.000000
2545.0	0.000000
2550.0	0.000000
2555.0	0.000000
2560.0	0.000000
2565.0	0.000000
2570.0	0.000000
2575.0	0.000000
2580.0	0.000000
2585.0	0.000000
2590.0	0.000000
2595.0	0.000000
2600.0	0.000000
2605.0	0.000000
2610.0	0.000000
2615.0	0.000000
2620.0	0.000000
2625.0	0.000000
2630.0	0.000000
2635.0	0.000000
2640.0	0.000000
2645.0	0.000000
2650.0	0.000000
2655.0	0.000000
2660.0	0.000000
2665.0	0.000000
2670.0	0.000000
2675.0	0.000000
2680.0	0.000000
2685.0	0.000000
2690.0	0.000000
2695.0	0.000000
2700.0	0.000000
2705.0	0.000001
2710.0	0.000001
2715.0	0.000002
2720.0	0.000003
2725.0	0.000003
2730.0	0.000003
2735.0	0.000003
2740.0	0.000003
2745.0	0.000002
2750.0	0.000000
2755.0	0.000000
2760.0	0.000000
2765.0	0.000000
2770.0	0.000000
2775.0	0.000000
2780.0	0.000000
2785.0	0.000000
2790.0	0.000000
2795.0	0.000000
2800.0	0.000000
2805.0	0.000008
2810.0	0.000017
2815.0	0.000027
2820.0	0.000035
2825.0	0.000041
2830.0	0.000044
2835.0	0.000043
2840.0	0.000035
2845.0	0.000022
2850.0	0.000000
2855.0	0.000000
2860.0	0.000000
2865.0	0.000000
2870.0	0.000000
2875.0	0.000000
2880.0	0.000000
2885.0	0.000000
2890.0	0.000000
2895.0	0.000000
2900.0	0.000000
2905.0	0.000113
2910.0	0.000255
2915.0	0.000422
2920.0	0.000609
2925.0	0.000812
2930.0	0.001026
2935.0	0.001248
2940.0	0.001472
2945.0	0.001694
2950.0	0.001911
2955.0	0.002118
2960.0	0.002316
2965.0	0.002507
2970.0	0.002694
2975.0	0.002878
2980.0	0.003061
2985.0	0.003245
2990.0	0.003432
2995.0	0.003623
3000.0	0.003822
3005.0	0.004028
3010.0	0.004239
3015.0	0.004453
3020.0	0.004665
3025.0	0.004873
3030.0	0.005074
3035.0	0.005263
3040.0	0.005438
3045.0	0.005596
3050.0	0.005732
3055.0	0.005847
3060.0	0.005942
3065.0	0.006025
3070.0	0.006099
3075.0	0.006171
3080.0	0.006247
3085.0	0.006331
3090.0	0.006429
3095.0	0.006546
3100.0	0.006688
3105.0	0.006859
3110.0	0.007059
3115.0	0.007287
3120.0	0.007542
3125.0	0.007821
3130.0	0.008125
3135.0	0.008451
3140.0	0.008799
3145.0	0.009167
3150.0	0.009554
3155.0	0.009959
3160.0	0.010381
3165.0	0.010820
3170.0	0.011276
3175.0	0.011747
3180.0	0.012234
3185.0	0.012737
3190.0	0.013616
3195.0	0.011345
3200.0	0.020980
3205.0	0.026135
3210.0	0.022978
3215.0	0.016054
3220.0	0.010992
3225.0	0.012416
3230.0	0.019849
3235.0	0.029843
3240.0	0.032174
3245.0	0.020568
3250.0	0.013958
3255.0	0.019176
3260.0	0.022760
3265.0	0.018261
3270.0	0.013444
3275.0	0.016235
3280.0	0.020967
3285.0	0.020970
3290.0	0.019155
3295.0	0.019588
3300.0	0.021383
3305.0	0.022851
3310.0	0.024059
3315.0	0.025175
3320.0	0.025023
3325.0	0.022952
3330.0	0.021765
3335.0	0.023753
3340.0	0.025720
3345.0	0.024518
3350.0	0.022688
3355.0	0.023017
3360.0	0.023583
3365.0	0.022316
3370.0	0.021261
3375.0	0.022520
3380.0	0.024308
3385.0	0.024643
3390.0	0.024646
3395.0	0.025607
3400.0	0.026391
3405.0	0.025811
3410.0	0.024896
3415.0	0.024937
3420.0	0.026047
3425.0	0.027657
3430.0	0.027639
3435.0	0.024641
3440.0	0.021985
3445.0	0.022966
3450.0	0.026114
3455.0	0.028860
3460.0	0.029006
3465.0	0.025865
3470.0	0.024424
3475.0	0.028627
3480.0	0.032582
3485.0	0.030555
3490.0	0.027296
3495.0	0.028340
3500.0	0.031893
3505.0	0.034519
3510.0	0.038364
3515.0	0.032463
3520.0	0.033089
3525.0	0.031802
3530.0	0.040141
3535.0	0.047548
3540.0	0.047679
3545.0	0.050147
3550.0	0.046294
3555.0	0.044903
3560.0	0.044187
3565.0	0.033820
3570.0	0.025809
3575.0	0.026418
3580.0	0.031804
3585.0	0.032554
3590.0	0.032040
3595.0	0.039080
3600.0	0.045038
3605.0	0.043418
3610.0	0.038906
3615.0	0.044618
3620.0	0.051028
3625.0	0.056078
3630.0	0.055863
3635.0	0.054463
3640.0	0.057903
3645.0	0.057372
3650.0	0.056061
3655.0	0.065798
3660.0	0.073307
3665.0	0.073830
3670.0	0.071000
3675.0	0.066407
3680.0	0.064221
3685.0	0.062198
3690.0	0.065412
3695.0	0.069144
3700.0	0.066698
3705.0	0.058262
3710.0	0.059961
3715.0	0.059953
3720.0	0.053208
3725.0	0.050963
3730.0	0.046719
3735.0	0.043190
3740.0	0.045391
3745.0	0.045973
3750.0	0.047276
3755.0	0.053477
3760.0	0.052947
3765.0	0.060830
3770.0	0.071596
3775.0	0.079428
3780.0	0.082421
3785.0	0.075889
3790.0	0.064893
3795.0	0.063417
3800.0	0.068827
3805.0	0.076681
3810.0	0.073558
3815.0	0.060796
3820.0	0.050771
3825.0	0.050000
3830.0	0.055614
3835.0	0.056677
3840.0	0.058724
3845.0	0.063218
3850.0	0.065704
3855.0	0.063571
3860.0	0.062190
3865.0	0.065242
3870.0	0.067318
3875.0	0.067089
3880.0	0.068004
3885.0	0.068781
3890.0	0.074035
3895.0	0.075749
3900.0	0.078208
3905.0	0.078888
3910.0	0.082450
3915.0	0.081056
3920.0	0.069024
3925.0	0.054014
3930.0	0.040757
3935.0	0.037046
3940.0	0.047211
3945.0	0.062899
3950.0	0.076774
3955.0	0.077146
3960.0	0.061754
3965.0	0.047535
3970.0	0.048146
3975.0	0.070473
3980.0	0.096512
3985.0	0.115621
3990.0	0.125698
3995.0	0.131605
4000.0	0.139609
4005.0	0.147870
4010.0	0.155701
4015.0	0.164637
4020.0	0.164920
4025.0	0.160494
4030.0	0.152791
4035.0	0.158810
4040.0	0.170986
4045.0	0.164990
4050.0	0.171439
4055.0	0.177602
4060.0	0.174091
4065.0	0.171820
4070.0	0.174618
4075.0	0.177809
4080.0	0.193660
4085.0	0.223007
4090.0	0.226382
4095.0	0.205492
4100.0	0.186805
4105.0	0.192358
4110.0	0.198579
4115.0	0.197450
4120.0	0.200390
4125.0	0.207766
4130.0	0.200521
4135.0	0.197671
4140.0	0.194887
4145.0	0.192479
4150.0	0.205405
4155.0	0.226965
4160.0	0.239319
4165.0	0.228410
4170.0	0.209355
4175.0	0.207044
4180.0	0.228065
4185.0	0.238432
4190.0	0.235820
4195.0	0.224883
4200.0	0.210640
4205.0	0.221024
4210.0	0.233212
4215.0	0.222254
4220.0	0.192350
4225.0	0.148990
4230.0	0.148676
4235.0	0.197704
4240.0	0.243625
4245.0	0.261935
4250.0	0.245803
4255.0	0.233297
4260.0	0.243169
4265.0	0.259842
4270.0	0.251092
4275.0	0.242055
4280.0	0.252753
4285.0	0.242288
4290.0	0.228141
4295.0	0.234889
4300.0	0.238137
4305.0	0.244917
4310.0	0.267973
4315.0	0.316092
4320.0	0.343701
4325.0	0.342038
4330.0	0.357804
4335.0	0.368922
4340.0	0.358492
4345.0	0.368749
4350.0	0.377536
4355.0	0.380420
4360.0	0.393772
4365.0	0.408061
4370.0	0.400706
4375.0	0.376624
4380.0	0.350709
4385.0	0.334101
4390.0	0.356120
4395.0	0.383131
4400.0	0.386376
4405.0	0.359626
4410.0	0.367732
4415.0	0.395625
4420.0	0.413540
4425.0	0.411265
4430.0	0.407900
4435.0	0.410737
4440.0	0.431010
4445.0	0.449271
4450.0	0.451100
4455.0	0.415731
4460.0	0.387814
4465.0	0.401933
4470.0	0.436655
4475.0	0.475478
4480.0	0.490627
4485.0	0.497977
4490.0	0.495557
4495.0	0.499706
4500.0	0.522112
4505.0	0.538828
4510.0	0.532592
4515.0	0.526361
4520.0	0.514891
4525.0	0.474047
4530.0	0.448377
4535.0	0.469075
4540.0	0.503433
4545.0	0.511718
4550.0	0.513826
4555.0	0.545094
4560.0	0.588421
4565.0	0.612579
4570.0	0.618052
4575.0	0.612497
4580.0	0.592524
4585.0	0.562060
4590.0	0.536318
4595.0	0.529567
4600.0	0.544644
4605.0	0.587035
4610.0	0.641523
4615.0	0.674356
4620.0	0.672722
4625.0	0.618411
4630.0	0.557460
4635.0	0.519350
4640.0	0.502282
4645.0	0.510620
4650.0	0.540530
4655.0	0.584572
4660.0	0.623297
4665.0	0.583513
4670.0	0.537539
4675.0	0.541682
4680.0	0.553647
4685.0	0.566666
4690.0	0.594961
4695.0	0.630561
4700.0	0.639583
4705.0	0.640969
4710.0	0.636419
4715.0	0.635020
4720.0	0.649908
4725.0	0.649440
4730.0	0.633356
4735.0	0.659126
4740.0	0.676211
4745.0	0.699375
4750.0	0.720740
4755.0	0.687839
4760.0	0.595150
4765.0	0.496324
4770.0	0.477305
4775.0	0.503048
4780.0	0.517924
4785.0	0.525595
4790.0	0.559424
4795.0	0.604155
4800.0	0.609542
4805.0	0.561729
4810.0	0.516359
4815.0	0.539015
4820.0	0.575193
4825.0	0.589051
4830.0	0.593316
4835.0	0.614087
4840.0	0.621012
4845.0	0.608428
4850.0	0.589013
4855.0	0.575743
4860.0	0.568189
4865.0	0.587916
4870.0	0.617037
4875.0	0.642538
4880.0	0.653708
4885.0	0.658782
4890.0	0.684381
4895.0	0.737632
4900.0	0.769628
4905.0	0.783211
4910.0	0.791237
4915.0	0.794939
4920.0	0.785105
4925.0	0.830604
4930.0	0.880019
4935.0	0.859354
4940.0	0.857509
4945.0	0.914178
4950.0	0.890408
4955.0	0.671872
4960.0	0.502972
4965.0	0.497722
4970.0	0.554466
4975.0	0.590713
4980.0	0.581947
4985.0	0.606444
4990.0	0.636619
4995.0	0.622026
5000.0	0.577788
5005.0	0.547471
5010.0	0.538764
5015.0	0.538755
5020.0	0.569958
5025.0	0.607076
5030.0	0.655521
5035.0	0.659995
5040.0	0.651941
5045.0	0.699229
5050.0	0.718082
5055.0	0.742051
5060.0	0.768635
5065.0	0.743751
5070.0	0.737694
5075.0	0.738716
5080.0	0.720128
5085.0	0.741303
5090.0	0.785627
5095.0	0.788030
5100.0	0.767304
5105.0	0.758851
5110.0	0.766386
5115.0	0.808583
5120.0	0.809859
5125.0	0.774232
5130.0	0.789174
5135.0	0.834554
5140.0	0.830074
5145.0	0.787181
5150.0	0.770977
5155.0	0.830951
5160.0	0.863483
5165.0	0.676515
5170.0	0.466078
5175.0	0.437255
5180.0	0.479659
5185.0	0.533997
5190.0	0.588042
5195.0	0.630625
5200.0	0.644076
5205.0	0.586768
5210.0	0.606641
5215.0	0.713782
5220.0	0.779860
5225.0	0.787628
5230.0	0.830602
5235.0	0.865586
5240.0	0.854086
5245.0	0.797846
5250.0	0.767762
5255.0	0.815441
5260.0	0.835104
5265.0	0.772249
5270.0	0.769966
5275.0	0.866038
5280.0	0.949384
5285.0	0.996354
5290.0	1.016103
5295.0	0.977087
5300.0	0.972617
5305.0	1.029792
5310.0	1.045020
5315.0	1.030515
5320.0	1.001106
5325.0	0.944571
5330.0	0.930075
5335.0	0.974607
5340.0	0.991060
5345.0	1.011262
5350.0	1.066370
5355.0	1.123570
5360.0	1.107002
5365.0	1.052015
5370.0	1.020522
5375.0	1.070265
5380.0	1.118091
5385.0	1.096215
5390.0	1.046110
5395.0	1.023216
5400.0	1.026748
5405.0	1.004275
5410.0	1.025219
5415.0	1.122443
5420.0	1.169917
5425.0	1.140649
5430.0	1.088228
5435.0	1.103648
5440.0	1.157207
5445.0	1.044634
5450.0	0.842887
5455.0	0.760768
5460.0	0.778493
5465.0	0.827257
5470.0	0.857089
5475.0	0.868128
5480.0	0.892573
5485.0	0.932968
5490.0	0.953222
5495.0	0.934369
5500.0	0.889754
5505.0	0.874777
5510.0	0.883162
5515.0	0.918445
5520.0	0.991625
5525.0	1.008350
5530.0	1.009695
5535.0	1.028921
5540.0	1.057826
5545.0	1.074502
5550.0	1.078523
5555.0	1.054989
5560.0	1.032232
5565.0	1.024124
5570.0	1.020833
5575.0	1.034822
5580.0	1.044523
5585.0	1.018590
5590.0	0.987919
5595.0	0.953148
5600.0	0.899176
5605.0	0.899420
5610.0	0.923635
5615.0	0.910619
5620.0	0.887747
5625.0	0.879750
5630.0	0.876037
5635.0	0.882328
5640.0	0.880902
5645.0	0.903901
5650.0	0.952831
5655.0	0.978459
5660.0	0.961030
5665.0	0.938125
5670.0	0.928562
5675.0	0.969467
5680.0	1.017003
5685.0	1.037749
5690.0	1.055027
5695.0	1.056830
5700.0	1.039090
5705.0	1.034914
5710.0	1.042844
5715.0	1.068681
5720.0	1.091710
5725.0	1.088437
5730.0	1.087924
5735.0	1.113853
5740.0	1.138574
5745.0	1.174006
5750.0	1.196002
5755.0	1.185248
5760.0	1.133942
5765.0	1.105635
5770.0	1.122280
5775.0	1.130329
5780.0	1.123433
5785.0	1.128100
5790.0	1.173915
5795.0	1.235095
5800.0	1.288970
5805.0	1.297673
5810.0	1.242682
5815.0	1.166415
5820.0	1.141618
5825.0	1.159263
5830.0	1.190188
5835.0	1.197303
5840.0	1.184485
5845.0	1.143924
5850.0	1.041838
5855.0	0.995056
5860.0	0.980772
5865.0	0.960366
5870.0	0.938475
5875.0	0.915930
5880.0	0.898777
5885.0	0.862561
5890.0	0.803211
5895.0	0.795087
5900.0	0.801768
5905.0	0.812615
5910.0	0.815138
5915.0	0.828532
5920.0	0.843469
5925.0	0.839877
5930.0	0.867395
5935.0	0.913061
5940.0	0.933256
5945.0	0.940890
5950.0	0.924698
5955.0	0.910836
5960.0	0.924716
5965.0	0.958693
5970.0	0.981677
5975.0	0.981891
5980.0	0.986647
5985.0	1.024373
5990.0	1.074840
5995.0	1.101512
6000.0	1.088823
6005.0	1.070279
6010.0	1.081131
6015.0	1.109502
6020.0	1.147689
6025.0	1.179485
6030.0	1.200748
6035.0	1.214746
6040.0	1.240190
6045.0	1.285353
6050.0	1.301923
6055.0	1.285701
6060.0	1.275378
6065.0	1.289478
6070.0	1.346398
6075.0	1.349544
6080.0	1.323072
6085.0	1.328232
6090.0	1.341693
6095.0	1.370201
6100.0	1.382779
6105.0	1.372694
6110.0	1.394966
6115.0	1.404369
6120.0	1.376871
6125.0	1.395580
6130.0	1.418683
6135.0	1.388745
6140.0	1.403690
6145.0	1.416931
6150.0	1.323067
6155.0	1.199052
6160.0	1.004560
6165.0	0.902058
6170.0	0.906744
6175.0	0.913013
6180.0	0.917923
6185.0	0.864341
6190.0	0.796008
6195.0	0.804056
6200.0	0.847706
6205.0	0.876322
6210.0	0.866711
6215.0	0.802711
6220.0	0.761602
6225.0	0.739285
6230.0	0.738464
6235.0	0.757010
6240.0	0.768076
6245.0	0.797388
6250.0	0.844258
6255.0	0.854545
6260.0	0.873308
6265.0	0.917138
6270.0	0.931944
6275.0	0.931163
6280.0	0.939048
6285.0	0.994147
6290.0	1.047643
6295.0	1.043664
6300.0	1.066994
6305.0	1.118456
6310.0	1.177214
6315.0	1.215222
6320.0	1.230496
6325.0	1.254289
6330.0	1.296649
6335.0	1.312039
6340.0	1.341105
6345.0	1.350277
6350.0	1.347739
6355.0	1.293387
6360.0	1.253165
6365.0	1.311398
6370.0	1.406527
6375.0	1.443894
6380.0	1.437134
6385.0	1.433644
6390.0	1.432307
6395.0	1.460862
6400.0	1.510232
6405.0	1.548512
6410.0	1.544079
6415.0	1.492873
6420.0	1.459618
6425.0	1.470188
6430.0	1.491673
6435.0	1.533235
6440.0	1.589274
6445.0	1.587452
6450.0	1.525320
6455.0	1.563951
6460.0	1.615814
6465.0	1.639863
6470.0	1.640094
6475.0	1.578983
6480.0	1.506146
6485.0	1.456375
6490.0	1.443763
6495.0	1.390758
6500.0	1.403868
6505.0	1.480662
6510.0	1.514883
6515.0	1.525550
6520.0	1.548163
6525.0	1.599986
6530.0	1.636151
6535.0	1.672717
6540.0	1.682473
6545.0	1.608210
6550.0	1.537233
6555.0	1.496564
6560.0	1.462681
6565.0	1.452450
6570.0	1.512690
6575.0	1.513449
6580.0	1.525713
6585.0	1.565697
6590.0	1.577677
6595.0	1.536070
6600.0	1.544418
6605.0	1.540748
6610.0	1.530684
6615.0	1.543445
6620.0	1.515247
6625.0	1.468134
6630.0	1.450162
6635.0	1.443154
6640.0	1.449539
6645.0	1.427845
6650.0	1.350468
6655.0	1.292636
6660.0	1.295326
6665.0	1.329449
6670.0	1.370835
6675.0	1.345463
6680.0	1.260020
6685.0	1.223223
6690.0	1.231711
6695.0	1.246484
6700.0	1.280031
6705.0	1.306339
6710.0	1.282873
6715.0	1.177024
6720.0	1.112824
6725.0	1.142035
6730.0	1.180380
6735.0	1.210226
6740.0	1.223108
6745.0	1.213385
6750.0	1.184319
6755.0	1.217530
6760.0	1.270213
6765.0	1.316563
6770.0	1.346701
6775.0	1.380734
6780.0	1.346906
6785.0	1.260822
6790.0	1.256143
6795.0	1.294538
6800.0	1.351302
6805.0	1.389175
6810.0	1.399944
6815.0	1.393021
6820.0	1.405851
6825.0	1.445126
6830.0	1.470583
6835.0	1.507985
6840.0	1.574413
6845.0	1.572455
6850.0	1.566210
6855.0	1.571576
6860.0	1.559478
6865.0	1.510050
6870.0	1.484653
6875.0	1.536782
6880.0	1.607580
6885.0	1.633217
6890.0	1.639066
6895.0	1.662160
6900.0	1.701185
6905.0	1.744332
6910.0	1.776937
6915.0	1.789327
6920.0	1.792762
6925.0	1.800012
6930.0	1.815498
6935.0	1.838709
6940.0	1.865558
6945.0	1.891869
6950.0	1.915801
6955.0	1.938267
6960.0	1.962046
6965.0	1.988671
6970.0	2.006616
6975.0	2.003176
6980.0	1.984484
6985.0	2.019518
6990.0	2.006360
6995.0	2.015026
7000.0	2.026735
7005.0	2.048613
7010.0	2.082587
7015.0	2.076091
7020.0	2.097679
7025.0	2.100389
7030.0	2.114367
7035.0	2.119184
7040.0	2.125502
7045.0	2.175779
7050.0	2.071015
7055.0	1.701401
7060.0	1.465666
7065.0	1.435074
7070.0	1.520681
7075.0	1.598501
7080.0	1.613449
7085.0	1.470677
7090.0	1.271779
7095.0	1.227819
7100.0	1.258949
7105.0	1.317557
7110.0	1.372142
7115.0	1.426916
7120.0	1.444630
7125.0	1.250740
7130.0	1.077811
7135.0	1.069466
7140.0	1.134704
7145.0	1.201425
7150.0	1.251869
7155.0	1.293214
7160.0	1.293673
7165.0	1.298824
7170.0	1.327473
7175.0	1.352894
7180.0	1.386218
7185.0	1.397115
7190.0	1.415219
7195.0	1.413734
7200.0	1.382435
7205.0	1.390269
7210.0	1.439323
7215.0	1.518544
7220.0	1.581271
7225.0	1.630591
7230.0	1.647959
7235.0	1.654158
7240.0	1.678528
7245.0	1.722996
7250.0	1.786664
7255.0	1.823935
7260.0	1.867968
7265.0	1.896544
7270.0	1.903569
7275.0	1.910461
7280.0	1.942251
7285.0	1.971502
7290.0	1.963251
7295.0	2.041645
7300.0	2.093879
7305.0	2.103626
7310.0	2.130812
7315.0	2.137898
7320.0	2.163296
7325.0	2.186478
7330.0	2.212813
7335.0	2.260517
7340.0	2.316397
7345.0	2.295472
7350.0	2.285218
7355.0	2.236375
7360.0	2.234117
7365.0	2.279360
7370.0	2.371096
7375.0	2.425819
7380.0	2.431954
7385.0	2.387570
7390.0	2.358971
7395.0	2.382641
7400.0	2.397097
7405.0	2.435262
7410.0	2.416558
7415.0	2.376361
7420.0	2.372056
7425.0	2.421099
7430.0	2.445225
7435.0	2.456722
7440.0	2.452236
7445.0	2.465381
7450.0	2.503655
7455.0	2.502417
7460.0	2.475671
7465.0	2.491368
7470.0	2.499439
7475.0	2.501057
7480.0	2.524198
7485.0	2.524003
7490.0	2.498690
7495.0	2.482463
7500.0	2.563791
7505.0	2.577501
7510.0	2.550187
7515.0	2.596803
7520.0	2.606579
7525.0	2.577470
7530.0	2.592940
7535.0	2.609227
7540.0	2.604085
7545.0	2.592452
7550.0	2.590146
7555.0	2.570585
7560.0	2.569332
7565.0	2.560318
7570.0	2.439102
7575.0	2.419366
7580.0	2.401536
7585.0	2.384308
7590.0	2.366589
7595.0	2.349863
7600.0	2.334176
7605.0	2.319159
7610.0	2.304767
7615.0	2.291300
7620.0	2.278333
7625.0	2.266075
7630.0	2.254645
7635.0	2.244147
7640.0	2.234671
7645.0	2.226289
7650.0	2.219045
7655.0	2.212947
7660.0	2.207985
7665.0	2.204158
7670.0	2.200584
7675.0	2.195387
7680.0	2.190343
7685.0	2.189337
7690.0	2.192230
7695.0	2.193970
7700.0	2.193996
7705.0	2.193709
7710.0	2.192674
7715.0	2.189937
7720.0	2.186865
7725.0	2.151732
7730.0	2.197548
7735.0	2.252097
7740.0	2.242669
7745.0	2.124973
7750.0	2.041519
7755.0	2.154392
7760.0	2.196360
7765.0	2.205360
7770.0	2.220613
7775.0	2.259599
7780.0	2.255774
7785.0	2.215060
7790.0	2.196735
7795.0	2.239504
7800.0	2.277048
7805.0	2.328102
7810.0	2.357331
7815.0	2.393215
7820.0	2.385303
7825.0	2.330724
7830.0	2.249660
7835.0	2.204753
7840.0	2.234121
7845.0	2.278719
7850.0	2.296423
7855.0	2.315856
7860.0	2.344808
7865.0	2.342012
7870.0	2.345021
7875.0	2.357529
7880.0	2.377165
7885.0	2.397964
7890.0	2.419542
7895.0	2.387346
7900.0	2.364804
7905.0	2.346342
7910.0	2.297087
7915.0	2.284127
7920.0	2.308449
7925.0	2.351132
7930.0	2.378157
7935.0	2.369610
7940.0	2.329330
7945.0	2.300776
7950.0	2.331763
7955.0	2.380472
7960.0	2.411584
7965.0	2.453322
7970.0	2.503525
7975.0	2.495728
7980.0	2.473033
7985.0	2.472742
7990.0	2.461540
7995.0	2.437351
8000.0	2.439365
8005.0	2.483443
8010.0	2.539526
8015.0	2.585346
8020.0	2.589058
8025.0	2.527216
8030.0	2.468846
8035.0	2.563865
8040.0	2.611603
8045.0	2.544371
8050.0	2.527822
8055.0	2.583593
8060.0	2.615418
8065.0	2.573093
8070.0	2.510897
8075.0	2.538343
8080.0	2.577498
8085.0	2.582839
8090.0	2.544059
8095.0	2.494845
8100.0	2.495435
8105.0	2.532787
8110.0	2.551494
8115.0	2.488730
8120.0	2.477451
8125.0	2.543102
8130.0	2.569995
8135.0	2.564466
8140.0	2.547105
8145.0	2.501745
8150.0	2.500507
8155.0	2.523417
8160.0	2.497589
8165.0	2.462305
8170.0	2.493112
8175.0	2.511684
8180.0	2.501776
8185.0	2.478240
8190.0	2.480262
8195.0	2.428523
8200.0	2.408312
8205.0	2.448223
8210.0	2.517043
8215.0	2.551108
8220.0	2.538696
8225.0	2.471611
8230.0	2.395295
8235.0	2.470234
8240.0	2.563529
8245.0	2.623075
8250.0	2.623780
8255.0	2.526631
8260.0	2.538999
8265.0	2.612820
8270.0	2.642221
8275.0	2.588977
8280.0	2.528636
8285.0	2.513607
8290.0	2.518899
8295.0	2.529949
8300.0	2.511269
8305.0	2.427749
8310.0	2.398335
8315.0	2.491107
8320.0	2.533870
8325.0	2.503162
8330.0	2.468901
8335.0	2.469591
8340.0	2.489266
8345.0	2.486901
8350.0	2.478419
8355.0	2.526339
8360.0	2.535246
8365.0	2.485189
8370.0	2.513681
8375.0	2.522439
8380.0	2.487737
8385.0	2.392483
8390.0	2.396305
8395.0	2.486873
8400.0	2.584482
8405.0	2.660882
8410.0	2.634363
8415.0	2.587955
8420.0	2.558901
8425.0	2.521878
8430.0	2.510423
8435.0	2.393708
8440.0	2.409743
8445.0	2.452385
8450.0	2.452918
8455.0	2.438900
8460.0	2.431906
8465.0	2.382079
8470.0	2.375556
8475.0	2.456326
8480.0	2.509814
8485.0	2.538294
8490.0	2.511945
8495.0	2.263660
8500.0	2.167770
8505.0	2.376486
8510.0	2.448614
8515.0	2.375780
8520.0	2.373230
8525.0	2.420223
8530.0	2.425519
8535.0	2.324857
8540.0	1.990097
8545.0	1.884742
8550.0	2.112823
8555.0	2.348480
8560.0	2.513991
8565.0	2.565189
8570.0	2.543871
8575.0	2.527499
8580.0	2.540773
8585.0	2.550994
8590.0	2.573844
8595.0	2.566967
8600.0	2.582171
8605.0	2.613788
8610.0	2.602320
8615.0	2.609180
8620.0	2.629159
8625.0	2.658110
8630.0	2.697329
8635.0	2.717525
8640.0	2.714353
8645.0	2.694535
8650.0	2.675961
8655.0	2.590542
8660.0	2.275249
8665.0	2.143523
8670.0	2.311050
8675.0	2.432071
8680.0	2.578933
8685.0	2.565814
8690.0	2.544930
8695.0	2.684710
8700.0	2.624549
8705.0	2.671854
8710.0	2.668325
8715.0	2.663323
8720.0	2.713759
8725.0	2.716131
8730.0	2.680936
8735.0	2.658876
8740.0	2.690092
8745.0	2.714565
8750.0	2.711333
8755.0	2.712855
8760.0	2.704253
8765.0	2.680992
8770.0	2.672470
8775.0	2.697225
8780.0	2.745605
8785.0	2.771842
8790.0	2.745361
8795.0	2.732148
8800.0	2.704688
8805.0	2.566862
8810.0	2.660667
8815.0	2.782444
8820.0	2.722052
8825.0	2.708802
8830.0	2.799460
8835.0	2.776543
8840.0	2.750032
8845.0	2.788621
8850.0	2.815408
8855.0	2.790052
8860.0	2.710534
8865.0	2.651886
8870.0	2.659249
8875.0	2.641238
8880.0	2.652908
8885.0	2.699340
8890.0	2.697780
8895.0	2.716879
8900.0	2.729198
8905.0	2.751821
8910.0	2.751191
8915.0	2.734089
8920.0	2.698046
8925.0	2.703853
8930.0	2.681122
8935.0	2.687694
8940.0	2.707565
8945.0	2.666992
8950.0	2.658700
8955.0	2.706780
8960.0	2.698462
8965.0	2.634154
8970.0	2.638799
8975.0	2.572533
8980.0	2.634340
8985.0	2.595215
8990.0	2.510127
8995.0	2.617095
9000.0	2.581681
9005.0	2.612739
9010.0	2.604373
9015.0	2.597911
9020.0	2.634335
9025.0	2.638801
9030.0	2.722924
9035.0	2.780478
9040.0	2.808362
9045.0	2.817740
9050.0	2.782966
9055.0	2.770375
9060.0	2.722524
9065.0	2.681857
9070.0	2.632226
9075.0	2.614168
9080.0	2.579356
9085.0	2.545757
9090.0	2.521423
9095.0	2.590044
9100.0	2.600538
9105.0	2.607594
9110.0	2.624511
9115.0	2.619632
9120.0	2.604015
9125.0	2.627672
9130.0	2.589886
9135.0	2.553743
9140.0	2.544660
9145.0	2.539599
9150.0	2.506814
9155.0	2.477658
9160.0	2.516366
9165.0	2.517550
9170.0	2.490738
9175.0	2.489461
9180.0	2.539988
9185.0	2.586077
9190.0	2.598794
9195.0	2.602972
9200.0	2.611868
9205.0	2.617293
9210.0	2.600953
9215.0	2.598094
9220.0	2.612315
9225.0	2.628300
9230.0	2.624085
9235.0	2.617993
9240.0	2.600251
9245.0	2.582805
9250.0	2.590394
9255.0	2.572409
9260.0	2.606213
9265.0	2.635355
9270.0	2.674374
9275.0	2.681677
9280.0	2.653160
9285.0	2.655408
9290.0	2.603335
9295.0	2.582362
9300.0	2.551275
9305.0	2.505486
9310.0	2.449496
9315.0	2.372059
9320.0	2.359234
9325.0	2.372015
9330.0	2.428509
9335.0	2.424511
9340.0	2.362641
9345.0	2.332295
9350.0	2.416870
9355.0	2.294118
9360.0	2.311116
9365.0	2.375511
9370.0	2.348161
9375.0	2.451155
9380.0	2.474360
9385.0	2.616503
9390.0	2.737193
9395.0	2.827893
9400.0	2.784796
9405.0	2.741259
9410.0	2.670788
9415.0	2.559978
9420.0	2.512661
9425.0	2.439931
9430.0	2.319146
9435.0	2.384027
9440.0	2.293245
9445.0	2.348466
9450.0	2.486157
9455.0	2.458859
9460.0	2.479449
9465.0	2.568212
9470.0	2.604508
9475.0	2.601723
9480.0	2.549584
9485.0	2.583707
9490.0	2.607946
9495.0	2.521556
9500.0	2.454647
9505.0	2.582429
9510.0	2.696254
9515.0	2.630227
9520.0	2.540582
9525.0	2.581163
9530.0	2.648961
9535.0	2.686810
9540.0	2.646863
9545.0	2.578920
9550.0	2.603164
9555.0	2.564041
9560.0	2.592640
9565.0	2.566946
9570.0	2.569330
9575.0	2.611988
9580.0	2.582960
9585.0	2.584295
9590.0	2.531437
9595.0	2.551790
9600.0	2.564609
9605.0	2.584498
9610.0	2.607343
9615.0	2.606026
9620.0	2.588970
9625.0	2.542848
9630.0	2.579193
9635.0	2.546211
9640.0	2.473432
9645.0	2.478964
9650.0	2.496701
9655.0	2.516073
9660.0	2.515206
9665.0	2.520344
9670.0	2.540819
9675.0	2.552201
9680.0	2.580065
9685.0	2.580322
9690.0	2.573601
9695.0	2.575534
9700.0	2.546470
9705.0	2.540854
9710.0	2.544843
9715.0	2.536889
9720.0	2.533731
9725.0	2.523548
9730.0	2.527042
9735.0	2.485136
9740.0	2.501609
9745.0	2.528342
9750.0	2.535343
9755.0	2.541292
9760.0	2.541808
9765.0	2.559152
9770.0	2.548768
9775.0	2.568365
9780.0	2.534024
9785.0	2.499460
9790.0	2.550637
9795.0	2.574036
9800.0	2.591975
9805.0	2.597890
9810.0	2.646750
9815.0	2.609325
9820.0	2.603224
9825.0	2.625063
9830.0	2.631746
9835.0	2.633215
9840.0	2.663568
9845.0	2.642564
9850.0	2.644338
9855.0	2.667995
9860.0	2.652900
9865.0	2.644257
9870.0	2.637273
9875.0	2.664040
9880.0	2.678910
9885.0	2.612877
9890.0	2.650815
9895.0	2.631978
9900.0	2.593157
9905.0	2.608897
9910.0	2.601737
9915.0	2.617299
9920.0	2.609894
9925.0	2.623749
9930.0	2.615590
9935.0	2.631277
9940.0	2.617892
9945.0	2.635892
9950.0	2.646985
9955.0	2.619288
9960.0	2.693543
9965.0	2.702935
9970.0	2.669956
9975.0	2.684774
9980.0	2.672060
9985.0	2.655657
9990.0	2.641107
9995.0	2.639452
10000.0	2.644173
10005.0	2.660896
10010.0	2.626861
10015.0	2.658437
10020.0	2.650669
10025.0	2.643677
10030.0	2.682301
10035.0	2.616454
10040.0	2.613648
10045.0	2.642855
10050.0	2.654602
10055.0	2.592358
10060.0	2.546816
10065.0	2.617184
10070.0	2.636422
10075.0	2.585582
10080.0	2.587194
10085.0	2.599995
10090.0	2.671696
10095.0	2.635927
10100.0	2.640145
10105.0	2.667000
10110.0	2.619754
10115.0	2.626707
10120.0	2.605908
10125.0	2.572972
10130.0	2.579551
10135.0	2.618678
10140.0	2.627635
10145.0	2.583508
10150.0	2.569590
10155.0	2.568579
10160.0	2.651825
10165.0	2.515398
10170.0	2.579718
10175.0	2.665343
10180.0	2.547125
10185.0	2.508708
10190.0	2.506782
10195.0	2.593700
10200.0	2.572751
10205.0	2.575516
10210.0	2.578115
10215.0	2.579886
10220.0	2.580162
10225.0	2.578519
10230.0	2.575504
10235.0	2.571906
10240.0	2.568512
10245.0	2.565971
10250.0	2.564363
10255.0	2.563631
10260.0	2.563715
10265.0	2.564571
10270.0	2.566219
10275.0	2.568693
10280.0	2.572026
10285.0	2.575942
10290.0	2.578926
10295.0	2.579152
10300.0	2.574793
10305.0	2.564860
10310.0	2.551702
10315.0	2.538507
10320.0	2.528461
10325.0	2.523967
10330.0	2.524294
10335.0	2.527930
10340.0	2.533363
10345.0	2.539252
10350.0	2.544955
10355.0	2.550001
10360.0	2.553922
10365.0	2.556465
10370.0	2.558249
10375.0	2.560110
10380.0	2.562883
10385.0	2.567202
10390.0	2.572888
10395.0	2.579558
10400.0	2.586830
10405.0	2.594314
10410.0	2.601581
10415.0	2.608196
10420.0	2.613722
10425.0	2.617714
10430.0	2.619684
10435.0	2.619136
10440.0	2.615572
10445.0	2.608839
10450.0	2.600154
10455.0	2.591075
10460.0	2.583164
10465.0	2.577640
10470.0	2.574368
10475.0	2.572874
10480.0	2.572681
10485.0	2.573207
10490.0	2.573432
10495.0	2.572229
10500.0	2.568471
10505.0	2.561628
10510.0	2.553571
10515.0	2.546772
10520.0	2.543700
10525.0	2.545884
10530.0	2.551085
10535.0	2.556123
10540.0	2.557816
10545.0	2.553963
10550.0	2.546284
10555.0	2.537479
10560.0	2.530247
10565.0	2.526520
10570.0	2.525151
10575.0	2.524223
10580.0	2.521822
10585.0	2.516724
10590.0	2.510475
10595.0	2.505313
10600.0	2.503478
10605.0	2.506601
10610.0	2.513898
10615.0	2.523976
10620.0	2.535445
