#-- m5v
#\*l[Angstrom]	F(\*l)/F(555.6Angstrom]
1150.0	0.000000
1155.0	0.000000
1160.0	0.000000
1165.0	0.000000
1170.0	0.000000
1175.0	0.000000
1180.0	0.000000
1185.0	0.000000
1190.0	0.000000
1195.0	0.000000
1200.0	0.000000
1205.0	0.000000
1210.0	0.000000
1215.0	0.000000
1220.0	0.000000
1225.0	0.000000
1230.0	0.000000
1235.0	0.000000
1240.0	0.000000
1245.0	0.000000
1250.0	0.000000
1255.0	0.000000
1260.0	0.000000
1265.0	0.000000
1270.0	0.000000
1275.0	0.000000
1280.0	0.000000
1285.0	0.000000
1290.0	0.000000
1295.0	0.000000
1300.0	0.000000
1305.0	0.000000
1310.0	0.000000
1315.0	0.000000
1320.0	0.000000
1325.0	0.000000
1330.0	0.000000
1335.0	0.000000
1340.0	0.000000
1345.0	0.000000
1350.0	0.000000
1355.0	0.000000
1360.0	0.000000
1365.0	0.000000
1370.0	0.000000
1375.0	0.000000
1380.0	0.000000
1385.0	0.000000
1390.0	0.000000
1395.0	0.000000
1400.0	0.000000
1405.0	0.000000
1410.0	0.000000
1415.0	0.000000
1420.0	0.000000
1425.0	0.000000
1430.0	0.000000
1435.0	0.000000
1440.0	0.000000
1445.0	0.000000
1450.0	0.000000
1455.0	0.000000
1460.0	0.000000
1465.0	0.000000
1470.0	0.000000
1475.0	0.000000
1480.0	0.000000
1485.0	0.000000
1490.0	0.000000
1495.0	0.000000
1500.0	0.000000
1505.0	0.000000
1510.0	0.000000
1515.0	0.000000
1520.0	0.000000
1525.0	0.000000
1530.0	0.000000
1535.0	0.000000
1540.0	0.000000
1545.0	0.000000
1550.0	0.000000
1555.0	0.000000
1560.0	0.000000
1565.0	0.000000
1570.0	0.000000
1575.0	0.000000
1580.0	0.000000
1585.0	0.000000
1590.0	0.000000
1595.0	0.000000
1600.0	0.000000
1605.0	0.000000
1610.0	0.000000
1615.0	0.000000
1620.0	0.000000
1625.0	0.000000
1630.0	0.000000
1635.0	0.000000
1640.0	0.000000
1645.0	0.000000
1650.0	0.000000
1655.0	0.000000
1660.0	0.000000
1665.0	0.000000
1670.0	0.000000
1675.0	0.000000
1680.0	0.000000
1685.0	0.000000
1690.0	0.000000
1695.0	0.000000
1700.0	0.000000
1705.0	0.000000
1710.0	0.000000
1715.0	0.000000
1720.0	0.000000
1725.0	0.000000
1730.0	0.000000
1735.0	0.000000
1740.0	0.000000
1745.0	0.000000
1750.0	0.000000
1755.0	0.000000
1760.0	0.000000
1765.0	0.000000
1770.0	0.000000
1775.0	0.000000
1780.0	0.000000
1785.0	0.000000
1790.0	0.000000
1795.0	0.000000
1800.0	0.000000
1805.0	0.000000
1810.0	0.000000
1815.0	0.000000
1820.0	0.000000
1825.0	0.000000
1830.0	0.000000
1835.0	0.000000
1840.0	0.000000
1845.0	0.000000
1850.0	0.000000
1855.0	0.000000
1860.0	0.000000
1865.0	0.000000
1870.0	0.000000
1875.0	0.000000
1880.0	0.000000
1885.0	0.000000
1890.0	0.000000
1895.0	0.000000
1900.0	0.000000
1905.0	0.000000
1910.0	0.000000
1915.0	0.000000
1920.0	0.000000
1925.0	0.000000
1930.0	0.000000
1935.0	0.000000
1940.0	0.000000
1945.0	0.000000
1950.0	0.000000
1955.0	0.000000
1960.0	0.000000
1965.0	0.000000
1970.0	0.000000
1975.0	0.000000
1980.0	0.000000
1985.0	0.000000
1990.0	0.000000
1995.0	0.000000
2000.0	0.000000
2005.0	0.000000
2010.0	0.000000
2015.0	0.000000
2020.0	0.000000
2025.0	0.000000
2030.0	0.000000
2035.0	0.000000
2040.0	0.000000
2045.0	0.000000
2050.0	0.000000
2055.0	0.000000
2060.0	0.000000
2065.0	0.000000
2070.0	0.000000
2075.0	0.000000
2080.0	0.000000
2085.0	0.000000
2090.0	0.000000
2095.0	0.000000
2100.0	0.000000
2105.0	0.000000
2110.0	0.000000
2115.0	0.000000
2120.0	0.000000
2125.0	0.000000
2130.0	0.000000
2135.0	0.000000
2140.0	0.000000
2145.0	0.000000
2150.0	0.000000
2155.0	0.000000
2160.0	0.000000
2165.0	0.000000
2170.0	0.000000
2175.0	0.000000
2180.0	0.000000
2185.0	0.000000
2190.0	0.000000
2195.0	0.000000
2200.0	0.000000
2205.0	0.000000
2210.0	0.000000
2215.0	0.000000
2220.0	0.000000
2225.0	0.000000
2230.0	0.000000
2235.0	0.000000
2240.0	0.000000
2245.0	0.000000
2250.0	0.000000
2255.0	0.000000
2260.0	0.000000
2265.0	0.000000
2270.0	0.000000
2275.0	0.000000
2280.0	0.000000
2285.0	0.000000
2290.0	0.000000
2295.0	0.000000
2300.0	0.000000
2305.0	0.000000
2310.0	0.000000
2315.0	0.000000
2320.0	0.000000
2325.0	0.000000
2330.0	0.000000
2335.0	0.000000
2340.0	0.000000
2345.0	0.000000
2350.0	0.000000
2355.0	0.000000
2360.0	0.000000
2365.0	0.000000
2370.0	0.000000
2375.0	0.000000
2380.0	0.000000
2385.0	0.000000
2390.0	0.000000
2395.0	0.000000
2400.0	0.000000
2405.0	0.000000
2410.0	0.000000
2415.0	0.000000
2420.0	0.000000
2425.0	0.000000
2430.0	0.000000
2435.0	0.000000
2440.0	0.000000
2445.0	0.000000
2450.0	0.000000
2455.0	0.000000
2460.0	0.000000
2465.0	0.000000
2470.0	0.000000
2475.0	0.000000
2480.0	0.000000
2485.0	0.000000
2490.0	0.000000
2495.0	0.000000
2500.0	0.000000
2505.0	0.000000
2510.0	0.000000
2515.0	0.000000
2520.0	0.000000
2525.0	0.000000
2530.0	0.000000
2535.0	0.000000
2540.0	0.000000
2545.0	0.000000
2550.0	0.000000
2555.0	0.000000
2560.0	0.000000
2565.0	0.000000
2570.0	0.000000
2575.0	0.000000
2580.0	0.000000
2585.0	0.000000
2590.0	0.000000
2595.0	0.000000
2600.0	0.000000
2605.0	0.000000
2610.0	0.000000
2615.0	0.000000
2620.0	0.000000
2625.0	0.000000
2630.0	0.000000
2635.0	0.000000
2640.0	0.000000
2645.0	0.000000
2650.0	0.000000
2655.0	0.000000
2660.0	0.000000
2665.0	0.000000
2670.0	0.000000
2675.0	0.000000
2680.0	0.000000
2685.0	0.000000
2690.0	0.000000
2695.0	0.000000
2700.0	0.000000
2705.0	0.000000
2710.0	0.000000
2715.0	0.000000
2720.0	0.000000
2725.0	0.000000
2730.0	0.000000
2735.0	0.000000
2740.0	0.000000
2745.0	0.000000
2750.0	0.000000
2755.0	0.000000
2760.0	0.000000
2765.0	0.000001
2770.0	0.000001
2775.0	0.000001
2780.0	0.000001
2785.0	0.000001
2790.0	0.000001
2795.0	0.000000
2800.0	0.000000
2805.0	0.000000
2810.0	0.000000
2815.0	0.000000
2820.0	0.000000
2825.0	0.000000
2830.0	0.000000
2835.0	0.000000
2840.0	0.000000
2845.0	0.000000
2850.0	0.000000
2855.0	0.000002
2860.0	0.000005
2865.0	0.000008
2870.0	0.000010
2875.0	0.000012
2880.0	0.000013
2885.0	0.000012
2890.0	0.000010
2895.0	0.000006
2900.0	0.000000
2905.0	0.000000
2910.0	0.000000
2915.0	0.000000
2920.0	0.000000
2925.0	0.000000
2930.0	0.000000
2935.0	0.000000
2940.0	0.000000
2945.0	0.000000
2950.0	0.000000
2955.0	0.000032
2960.0	0.000068
2965.0	0.000105
2970.0	0.000138
2975.0	0.000163
2980.0	0.000175
2985.0	0.000169
2990.0	0.000141
2995.0	0.000086
3000.0	0.000000
3005.0	0.000000
3010.0	0.000000
3015.0	0.000000
3020.0	0.000000
3025.0	0.000000
3030.0	0.000000
3035.0	0.000000
3040.0	0.000000
3045.0	0.000000
3050.0	0.000000
3055.0	0.000447
3060.0	0.001007
3065.0	0.001658
3070.0	0.002380
3075.0	0.003152
3080.0	0.003954
3085.0	0.004764
3090.0	0.005563
3095.0	0.006329
3100.0	0.007042
3105.0	0.007687
3110.0	0.008269
3115.0	0.008800
3120.0	0.009292
3125.0	0.009757
3130.0	0.010205
3135.0	0.010649
3140.0	0.011101
3145.0	0.011571
3150.0	0.012072
3155.0	0.012609
3160.0	0.013162
3165.0	0.014216
3170.0	0.019194
3175.0	0.021309
3180.0	0.030136
3185.0	0.050803
3190.0	0.060862
3195.0	0.042946
3200.0	0.027599
3205.0	0.042283
3210.0	0.054224
3215.0	0.033791
3220.0	0.024168
3225.0	0.062734
3230.0	0.090834
3235.0	0.053317
3240.0	0.010144
3245.0	0.006362
3250.0	0.028909
3255.0	0.035873
3260.0	0.044712
3265.0	0.073876
3270.0	0.091506
3275.0	0.068660
3280.0	0.038385
3285.0	0.035881
3290.0	0.042985
3295.0	0.036128
3300.0	0.023482
3305.0	0.018949
3310.0	0.027612
3315.0	0.048117
3320.0	0.062178
3325.0	0.053865
3330.0	0.033583
3335.0	0.018373
3340.0	0.025461
3345.0	0.060156
3350.0	0.079907
3355.0	0.050330
3360.0	0.035140
3365.0	0.027860
3370.0	0.047252
3375.0	0.038201
3380.0	0.028948
3385.0	0.048440
3390.0	0.062658
3395.0	0.039956
3400.0	0.042254
3405.0	0.044825
3410.0	0.068710
3415.0	0.049680
3420.0	0.045136
3425.0	0.028019
3430.0	0.051981
3435.0	0.071423
3440.0	0.082087
3445.0	0.084662
3450.0	0.080846
3455.0	0.072840
3460.0	0.063844
3465.0	0.057107
3470.0	0.055069
3475.0	0.058398
3480.0	0.061472
3485.0	0.059832
3490.0	0.059953
3495.0	0.068156
3500.0	0.079223
3505.0	0.086077
3510.0	0.085755
3515.0	0.077485
3520.0	0.065152
3525.0	0.054005
3530.0	0.050096
3535.0	0.055433
3540.0	0.055061
3545.0	0.038910
3550.0	0.033432
3555.0	0.060537
3560.0	0.087424
3565.0	0.080020
3570.0	0.053861
3575.0	0.034055
3580.0	0.034389
3585.0	0.057424
3590.0	0.072111
3595.0	0.054155
3600.0	0.039886
3605.0	0.064497
3610.0	0.098018
3615.0	0.104665
3620.0	0.090547
3625.0	0.072382
3630.0	0.067401
3635.0	0.084910
3640.0	0.102000
3645.0	0.098392
3650.0	0.096555
3655.0	0.116631
3660.0	0.126702
3665.0	0.098579
3670.0	0.071030
3675.0	0.081532
3680.0	0.095416
3685.0	0.075506
3690.0	0.046743
3695.0	0.039445
3700.0	0.043313
3705.0	0.043672
3710.0	0.048957
3715.0	0.067423
3720.0	0.083506
3725.0	0.081849
3730.0	0.071748
3735.0	0.065210
3740.0	0.060425
3745.0	0.054733
3750.0	0.055887
3755.0	0.069885
3760.0	0.085288
3765.0	0.090049
3770.0	0.087117
3775.0	0.082576
3780.0	0.080048
3785.0	0.081785
3790.0	0.087011
3795.0	0.093154
3800.0	0.093478
3805.0	0.085513
3810.0	0.076172
3815.0	0.096177
3820.0	0.096519
3825.0	0.039323
3830.0	0.000000
3835.0	0.046451
3840.0	0.103239
3845.0	0.091375
3850.0	0.060989
3855.0	0.076473
3860.0	0.130132
3865.0	0.189782
3870.0	0.197354
3875.0	0.115975
3880.0	0.019433
3885.0	0.000000
3890.0	0.019214
3895.0	0.082255
3900.0	0.123596
3905.0	0.099700
3910.0	0.102146
3915.0	0.147892
3920.0	0.187453
3925.0	0.176734
3930.0	0.146164
3935.0	0.138502
3940.0	0.143031
3945.0	0.135887
3950.0	0.118475
3955.0	0.102073
3960.0	0.108734
3965.0	0.152293
3970.0	0.189806
3975.0	0.181046
3980.0	0.176209
3985.0	0.222832
3990.0	0.258452
3995.0	0.229263
4000.0	0.204915
4005.0	0.248076
4010.0	0.294102
4015.0	0.271378
4020.0	0.213548
4025.0	0.176278
4030.0	0.167801
4035.0	0.182046
4040.0	0.206805
4045.0	0.225391
4050.0	0.239853
4055.0	0.254077
4060.0	0.256149
4065.0	0.241090
4070.0	0.220100
4075.0	0.205861
4080.0	0.203347
4085.0	0.208508
4090.0	0.214787
4095.0	0.216824
4100.0	0.208463
4105.0	0.190811
4110.0	0.174859
4115.0	0.168662
4120.0	0.171809
4125.0	0.180038
4130.0	0.192946
4135.0	0.211088
4140.0	0.220477
4145.0	0.211622
4150.0	0.205611
4155.0	0.219887
4160.0	0.236399
4165.0	0.235049
4170.0	0.220964
4175.0	0.204859
4180.0	0.191997
4185.0	0.184367
4190.0	0.177696
4195.0	0.170463
4200.0	0.175796
4205.0	0.200373
4210.0	0.215369
4215.0	0.193299
4220.0	0.150446
4225.0	0.114975
4230.0	0.105379
4235.0	0.129848
4240.0	0.165320
4245.0	0.182951
4250.0	0.181670
4255.0	0.168491
4260.0	0.151536
4265.0	0.142549
4270.0	0.145339
4275.0	0.158953
4280.0	0.179771
4285.0	0.199116
4290.0	0.211168
4295.0	0.214518
4300.0	0.213091
4305.0	0.214110
4310.0	0.214514
4315.0	0.210622
4320.0	0.217112
4325.0	0.241321
4330.0	0.261532
4335.0	0.259834
4340.0	0.245155
4345.0	0.235220
4350.0	0.239024
4355.0	0.254829
4360.0	0.273645
4365.0	0.285374
4370.0	0.287538
4375.0	0.285815
4380.0	0.284010
4385.0	0.282872
4390.0	0.280429
4395.0	0.272813
4400.0	0.270827
4405.0	0.286401
4410.0	0.308086
4415.0	0.323900
4420.0	0.335581
4425.0	0.345634
4430.0	0.357032
4435.0	0.370319
4440.0	0.375739
4445.0	0.368926
4450.0	0.373311
4455.0	0.408147
4460.0	0.446759
4465.0	0.460091
4470.0	0.457835
4475.0	0.455395
4480.0	0.456723
4485.0	0.465788
4490.0	0.485124
4495.0	0.514255
4500.0	0.546593
4505.0	0.568946
4510.0	0.572999
4515.0	0.560578
4520.0	0.539962
4525.0	0.525815
4530.0	0.529417
4535.0	0.547059
4540.0	0.567045
4545.0	0.580194
4550.0	0.593999
4555.0	0.622724
4560.0	0.649826
4565.0	0.653503
4570.0	0.647474
4575.0	0.645004
4580.0	0.634906
4585.0	0.611981
4590.0	0.594875
4595.0	0.599708
4600.0	0.617746
4605.0	0.635040
4610.0	0.644503
4615.0	0.644409
4620.0	0.641147
4625.0	0.638563
4630.0	0.636617
4635.0	0.635809
4640.0	0.630745
4645.0	0.620550
4650.0	0.618245
4655.0	0.630078
4660.0	0.644298
4665.0	0.648181
4670.0	0.639207
4675.0	0.623864
4680.0	0.622423
4685.0	0.646654
4690.0	0.666469
4695.0	0.655767
4700.0	0.642160
4705.0	0.652600
4710.0	0.669371
4715.0	0.670635
4720.0	0.663956
4725.0	0.666147
4730.0	0.674255
4735.0	0.681371
4740.0	0.699603
4745.0	0.729236
4750.0	0.735876
4755.0	0.693931
4760.0	0.619136
4765.0	0.542892
4770.0	0.496255
4775.0	0.496220
4780.0	0.524305
4785.0	0.555109
4790.0	0.583973
4795.0	0.607812
4800.0	0.607971
4805.0	0.575798
4810.0	0.542633
4815.0	0.540859
4820.0	0.560794
4825.0	0.581456
4830.0	0.597395
4835.0	0.607835
4840.0	0.616014
4845.0	0.626440
4850.0	0.632661
4855.0	0.629675
4860.0	0.629231
4865.0	0.642482
4870.0	0.663889
4875.0	0.683538
4880.0	0.700247
4885.0	0.715615
4890.0	0.730342
4895.0	0.749215
4900.0	0.777475
4905.0	0.813223
4910.0	0.846775
4915.0	0.867577
4920.0	0.876441
4925.0	0.887324
4930.0	0.918332
4935.0	0.970261
4940.0	0.995451
4945.0	0.944618
4950.0	0.841972
4955.0	0.737864
4960.0	0.660609
4965.0	0.629706
4970.0	0.637557
4975.0	0.661500
4980.0	0.696051
4985.0	0.733640
4990.0	0.742823
4995.0	0.704896
5000.0	0.651961
5005.0	0.620762
5010.0	0.614864
5015.0	0.628210
5020.0	0.650314
5025.0	0.670226
5030.0	0.684050
5035.0	0.690636
5040.0	0.703635
5045.0	0.734264
5050.0	0.764473
5055.0	0.777939
5060.0	0.783407
5065.0	0.792322
5070.0	0.804571
5075.0	0.814957
5080.0	0.816681
5085.0	0.807064
5090.0	0.795333
5095.0	0.791327
5100.0	0.792935
5105.0	0.793838
5110.0	0.789336
5115.0	0.780401
5120.0	0.785802
5125.0	0.817449
5130.0	0.846314
5135.0	0.845830
5140.0	0.837794
5145.0	0.848190
5150.0	0.861444
5155.0	0.848741
5160.0	0.792599
5165.0	0.691884
5170.0	0.592390
5175.0	0.549714
5180.0	0.568966
5185.0	0.628987
5190.0	0.691251
5195.0	0.716675
5200.0	0.718078
5205.0	0.732065
5210.0	0.777491
5215.0	0.858155
5220.0	0.942698
5225.0	0.988644
5230.0	1.000714
5235.0	1.002962
5240.0	1.000518
5245.0	0.997881
5250.0	1.001037
5255.0	1.003842
5260.0	0.996983
5265.0	0.983643
5270.0	0.988425
5275.0	1.032660
5280.0	1.094491
5285.0	1.137665
5290.0	1.153134
5295.0	1.147460
5300.0	1.135934
5305.0	1.133624
5310.0	1.133411
5315.0	1.120936
5320.0	1.102222
5325.0	1.092062
5330.0	1.098108
5335.0	1.123720
5340.0	1.164358
5345.0	1.206096
5350.0	1.233672
5355.0	1.243125
5360.0	1.247850
5365.0	1.264045
5370.0	1.298020
5375.0	1.341317
5380.0	1.366990
5385.0	1.359155
5390.0	1.336618
5395.0	1.324660
5400.0	1.328445
5405.0	1.340480
5410.0	1.361500
5415.0	1.391202
5420.0	1.404048
5425.0	1.386445
5430.0	1.373526
5435.0	1.387087
5440.0	1.377015
5445.0	1.295271
5450.0	1.177593
5455.0	1.080108
5460.0	1.022291
5465.0	1.009120
5470.0	1.028467
5475.0	1.059474
5480.0	1.094145
5485.0	1.123857
5490.0	1.126836
5495.0	1.091115
5500.0	1.036129
5505.0	0.986638
5510.0	0.951607
5515.0	0.932005
5520.0	0.920393
5525.0	0.907611
5530.0	0.894727
5535.0	0.884288
5540.0	0.873457
5545.0	0.864025
5550.0	0.871325
5555.0	0.910669
5560.0	0.980973
5565.0	1.069613
5570.0	1.151291
5575.0	1.199537
5580.0	1.205309
5585.0	1.172628
5590.0	1.118379
5595.0	1.066341
5600.0	1.033032
5605.0	1.026133
5610.0	1.045072
5615.0	1.076090
5620.0	1.094527
5625.0	1.085547
5630.0	1.058548
5635.0	1.037513
5640.0	1.050034
5645.0	1.103412
5650.0	1.162163
5655.0	1.187986
5660.0	1.184218
5665.0	1.173009
5670.0	1.165496
5675.0	1.167560
5680.0	1.187644
5685.0	1.223196
5690.0	1.250294
5695.0	1.255738
5700.0	1.266163
5705.0	1.304008
5710.0	1.340628
5715.0	1.342726
5720.0	1.324883
5725.0	1.316631
5730.0	1.334386
5735.0	1.383776
5740.0	1.444149
5745.0	1.486806
5750.0	1.501757
5755.0	1.488980
5760.0	1.456120
5765.0	1.415325
5770.0	1.376458
5775.0	1.347954
5780.0	1.336923
5785.0	1.346438
5790.0	1.369801
5795.0	1.391793
5800.0	1.392822
5805.0	1.359115
5810.0	1.296419
5815.0	1.225959
5820.0	1.175376
5825.0	1.163323
5830.0	1.183677
5835.0	1.214028
5840.0	1.228132
5845.0	1.209934
5850.0	1.164074
5855.0	1.106349
5860.0	1.049575
5865.0	0.994732
5870.0	0.932111
5875.0	0.849784
5880.0	0.747424
5885.0	0.643464
5890.0	0.567630
5895.0	0.545164
5900.0	0.582725
5905.0	0.663370
5910.0	0.751709
5915.0	0.819220
5920.0	0.856658
5925.0	0.871974
5930.0	0.883673
5935.0	0.900542
5940.0	0.916686
5945.0	0.922142
5950.0	0.914069
5955.0	0.902377
5960.0	0.904013
5965.0	0.930341
5970.0	0.976706
5975.0	1.029219
5980.0	1.073978
5985.0	1.104075
5990.0	1.123926
5995.0	1.139215
6000.0	1.152817
6005.0	1.164966
6010.0	1.174696
6015.0	1.184870
6020.0	1.200201
6025.0	1.222675
6030.0	1.250762
6035.0	1.279309
6040.0	1.304001
6045.0	1.323894
6050.0	1.338543
6055.0	1.347970
6060.0	1.350337
6065.0	1.343495
6070.0	1.331416
6075.0	1.321159
6080.0	1.321222
6085.0	1.337538
6090.0	1.365261
6095.0	1.394205
6100.0	1.412716
6105.0	1.412076
6110.0	1.396006
6115.0	1.375402
6120.0	1.364862
6125.0	1.375547
6130.0	1.401796
6135.0	1.425386
6140.0	1.421094
6145.0	1.368325
6150.0	1.270026
6155.0	1.148241
6160.0	1.033895
6165.0	0.952263
6170.0	0.907600
6175.0	0.887636
6180.0	0.875165
6185.0	0.860021
6190.0	0.843317
6195.0	0.831289
6200.0	0.826805
6205.0	0.825293
6210.0	0.819214
6215.0	0.805593
6220.0	0.789309
6225.0	0.780060
6230.0	0.784749
6235.0	0.802896
6240.0	0.828204
6245.0	0.853934
6250.0	0.878625
6255.0	0.905268
6260.0	0.937564
6265.0	0.976025
6270.0	1.015980
6275.0	1.052553
6280.0	1.083803
6285.0	1.112125
6290.0	1.145289
6295.0	1.190000
6300.0	1.249644
6305.0	1.323264
6310.0	1.402313
6315.0	1.478736
6320.0	1.547252
6325.0	1.605331
6330.0	1.655379
6335.0	1.697855
6340.0	1.729946
6345.0	1.747429
6350.0	1.746903
6355.0	1.729259
6360.0	1.698837
6365.0	1.662285
6370.0	1.628656
6375.0	1.607182
6380.0	1.607958
6385.0	1.640273
6390.0	1.703604
6395.0	1.788758
6400.0	1.878156
6405.0	1.951417
6410.0	1.997673
6415.0	2.017969
6420.0	2.024762
6425.0	2.034807
6430.0	2.059108
6435.0	2.098409
6440.0	2.145613
6445.0	2.192129
6450.0	2.232051
6455.0	2.266053
6460.0	2.296893
6465.0	2.324083
6470.0	2.345077
6475.0	2.354779
6480.0	2.351480
6485.0	2.342523
6490.0	2.342991
6495.0	2.369602
6500.0	2.431958
6505.0	2.525648
6510.0	2.631260
6515.0	2.726378
6520.0	2.797003
6525.0	2.841916
6530.0	2.869441
6535.0	2.886823
6540.0	2.891358
6545.0	2.871766
6550.0	2.821509
6555.0	2.744535
6560.0	2.658334
6565.0	2.587502
6570.0	2.547009
6575.0	2.537650
6580.0	2.546837
6585.0	2.555798
6590.0	2.549899
6595.0	2.522377
6600.0	2.473457
6605.0	2.408232
6610.0	2.335530
6615.0	2.265805
6620.0	2.209033
6625.0	2.170290
6630.0	2.144399
6635.0	2.119437
6640.0	2.085089
6645.0	2.040782
6650.0	1.997290
6655.0	1.968066
6660.0	1.956609
6665.0	1.950042
6670.0	1.928353
6675.0	1.880494
6680.0	1.815838
6685.0	1.760666
6690.0	1.738117
6695.0	1.748016
6700.0	1.764111
6705.0	1.752899
6710.0	1.699631
6715.0	1.621179
6720.0	1.556435
6725.0	1.536974
6730.0	1.564678
6735.0	1.613295
6740.0	1.649374
6745.0	1.657163
6750.0	1.646980
6755.0	1.641638
6760.0	1.653013
6765.0	1.671666
6770.0	1.678005
6775.0	1.658119
6780.0	1.618614
6785.0	1.582955
6790.0	1.570549
6795.0	1.584660
6800.0	1.611846
6805.0	1.633766
6810.0	1.642119
6815.0	1.643356
6820.0	1.648416
6825.0	1.660334
6830.0	1.673697
6835.0	1.676997
6840.0	1.665778
6845.0	1.650889
6850.0	1.646672
6855.0	1.664406
6860.0	1.701407
6865.0	1.739514
6870.0	1.761973
6875.0	1.761314
6880.0	1.747515
6885.0	1.744373
6890.0	1.771201
6895.0	1.834993
6900.0	1.923167
6905.0	2.010291
6910.0	2.077206
6915.0	2.121622
6920.0	2.161195
6925.0	2.222654
6930.0	2.318351
6935.0	2.435407
6940.0	2.541418
6945.0	2.602267
6950.0	2.612723
6955.0	2.601420
6960.0	2.611197
6965.0	2.671841
6970.0	2.773795
6975.0	2.880899
6980.0	2.954674
6985.0	2.981117
6990.0	2.986234
6995.0	3.008546
7000.0	3.070230
7005.0	3.163769
7010.0	3.255821
7015.0	3.323515
7020.0	3.375401
7025.0	3.439295
7030.0	3.534026
7035.0	3.637898
7040.0	3.692743
7045.0	3.641212
7050.0	3.472935
7055.0	3.244135
7060.0	3.041975
7065.0	2.926402
7070.0	2.893281
7075.0	2.880253
7080.0	2.818836
7085.0	2.691419
7090.0	2.543080
7095.0	2.446825
7100.0	2.447671
7105.0	2.525073
7110.0	2.601649
7115.0	2.599716
7120.0	2.491944
7125.0	2.315404
7130.0	2.152854
7135.0	2.075269
7140.0	2.100038
7145.0	2.195260
7150.0	2.302689
7155.0	2.381576
7160.0	2.426511
7165.0	2.458678
7170.0	2.506249
7175.0	2.578940
7180.0	2.663590
7185.0	2.735378
7190.0	2.776209
7195.0	2.788129
7200.0	2.794671
7205.0	2.827566
7210.0	2.905561
7215.0	3.023393
7220.0	3.152955
7225.0	3.260562
7230.0	3.333055
7235.0	3.385880
7240.0	3.449752
7245.0	3.547718
7250.0	3.677758
7255.0	3.814731
7260.0	3.930147
7265.0	4.014890
7270.0	4.083029
7275.0	4.157269
7280.0	4.248833
7285.0	4.348352
7290.0	4.436998
7295.0	4.506475
7300.0	4.569583
7305.0	4.651219
7310.0	4.765923
7315.0	4.905234
7320.0	5.039727
7325.0	5.138653
7330.0	5.193142
7335.0	5.217470
7340.0	5.238972
7345.0	5.281603
7350.0	5.351929
7355.0	5.442823
7360.0	5.542093
7365.0	5.638619
7370.0	5.723728
7375.0	5.791441
7380.0	5.838479
7385.0	5.867528
7390.0	5.890412
7395.0	5.920170
7400.0	5.963702
7405.0	6.016809
7410.0	6.064805
7415.0	6.096085
7420.0	6.109672
7425.0	6.114273
7430.0	6.122259
7435.0	6.138049
7440.0	6.156289
7445.0	6.170634
7450.0	6.180925
7455.0	6.197380
7460.0	6.233032
7465.0	6.290920
7470.0	6.358088
7475.0	6.412749
7480.0	6.438924
7485.0	6.437457
7490.0	6.427340
7495.0	6.431818
7500.0	6.462723
7505.0	6.514071
7510.0	6.565810
7515.0	6.599319
7520.0	6.609939
7525.0	6.609823
7530.0	6.619030
7535.0	6.651388
7540.0	6.705120
7545.0	6.763163
7550.0	6.802186
7555.0	6.809838
7560.0	6.788529
7565.0	6.745498
7570.0	6.680247
7575.0	6.571498
7580.0	6.391801
7585.0	6.141281
7590.0	5.876381
7595.0	5.686829
7600.0	5.644621
7605.0	5.753339
7610.0	5.912684
7615.0	5.993009
7620.0	5.912589
7625.0	5.683149
7630.0	5.415330
7635.0	5.204423
7640.0	5.071252
7645.0	4.966470
7650.0	4.806200
7655.0	4.575349
7660.0	4.338900
7665.0	4.185068
7670.0	4.170633
7675.0	4.255993
7680.0	4.338445
7685.0	4.342869
7690.0	4.269558
7695.0	4.206100
7700.0	4.260557
7705.0	4.476994
7710.0	4.803338
7715.0	5.122313
7720.0	5.327489
7725.0	5.381010
7730.0	5.322565
7735.0	5.224675
7740.0	5.140148
7745.0	5.080060
7750.0	5.029857
7755.0	4.976191
7760.0	4.924577
7765.0	4.894823
7770.0	4.896900
7775.0	4.925529
7780.0	4.964526
7785.0	5.000123
7790.0	5.036663
7795.0	5.088835
7800.0	5.167419
7805.0	5.265655
7810.0	5.354748
7815.0	5.400868
7820.0	5.386467
7825.0	5.326558
7830.0	5.268919
7835.0	5.264792
7840.0	5.337703
7845.0	5.469940
7850.0	5.611850
7855.0	5.715532
7860.0	5.766718
7865.0	5.791463
7870.0	5.832499
7875.0	5.917046
7880.0	6.034935
7885.0	6.142900
7890.0	6.195127
7895.0	6.172174
7900.0	6.091871
7905.0	5.997364
7910.0	5.935298
7915.0	5.930316
7920.0	5.977969
7925.0	6.056749
7930.0	6.138711
7935.0	6.208594
7940.0	6.267298
7945.0	6.325676
7950.0	6.399468
7955.0	6.496742
7960.0	6.612564
7965.0	6.732253
7970.0	6.834878
7975.0	6.906144
7980.0	6.946530
7985.0	6.968563
7990.0	6.993133
7995.0	7.034734
8000.0	7.079278
8005.0	7.204582
8010.0	7.318966
8015.0	7.401505
8020.0	7.445711
8025.0	7.461333
8030.0	7.471344
8035.0	7.502769
8040.0	7.572345
8045.0	7.673554
8050.0	7.778546
8055.0	7.855766
8060.0	7.891441
8065.0	7.900411
8070.0	7.915743
8075.0	7.959539
8080.0	8.024477
8085.0	8.082745
8090.0	8.110785
8095.0	8.110873
8100.0	8.112992
8105.0	8.149669
8110.0	8.230977
8115.0	8.338757
8120.0	8.438636
8125.0	8.498831
8130.0	8.502696
8135.0	8.450528
8140.0	8.365417
8145.0	8.295237
8150.0	8.295794
8155.0	8.389798
8160.0	8.517729
8165.0	8.533545
8170.0	8.279682
8175.0	7.703153
8180.0	6.932914
8185.0	6.252661
8190.0	5.955114
8195.0	6.161062
8200.0	6.747052
8205.0	7.428213
8210.0	7.931139
8215.0	8.147515
8220.0	8.166889
8225.0	8.163744
8230.0	8.253453
8235.0	8.427268
8240.0	8.590145
8245.0	8.657396
8250.0	8.626909
8255.0	8.565357
8260.0	8.535838
8265.0	8.542486
8270.0	8.531127
8275.0	8.440693
8280.0	8.262505
8285.0	8.051990
8290.0	7.887860
8295.0	7.821633
8300.0	7.851708
8305.0	7.933047
8310.0	8.010509
8315.0	8.052709
8320.0	8.059692
8325.0	8.049650
8330.0	8.040276
8335.0	8.038671
8340.0	8.045388
8345.0	8.063624
8350.0	8.098866
8355.0	8.148477
8360.0	8.191976
8365.0	8.194515
8370.0	8.129667
8375.0	8.007450
8380.0	7.880407
8385.0	7.818707
8390.0	7.868589
8395.0	8.019753
8400.0	8.206450
8405.0	8.346252
8410.0	8.382848
8415.0	8.304927
8420.0	8.138322
8425.0	7.923327
8430.0	7.695578
8435.0	7.482352
8440.0	7.305599
8445.0	7.177785
8450.0	7.094087
8455.0	7.032093
8460.0	6.967826
8465.0	6.899227
8470.0	6.854785
8475.0	6.873309
8480.0	6.969252
8485.0	7.109749
8490.0	7.226364
8495.0	7.259696
8500.0	7.198924
8505.0	7.086550
8510.0	6.988349
8515.0	6.949465
8520.0	6.968632
8525.0	7.014193
8530.0	7.060932
8535.0	7.110465
8540.0	7.184430
8545.0	7.298981
8550.0	7.442274
8555.0	7.580318
8560.0	7.681842
8565.0	7.737261
8570.0	7.759441
8575.0	7.769184
8580.0	7.779906
8585.0	7.795159
8590.0	7.815476
8595.0	7.839793
8600.0	7.859580
8605.0	7.855213
8610.0	7.807682
8615.0	7.723466
8620.0	7.646177
8625.0	7.636349
8630.0	7.726675
8635.0	7.884232
8640.0	8.019158
8645.0	8.046320
8650.0	7.955080
8655.0	7.823110
8660.0	7.764875
8665.0	7.846908
8670.0	8.028934
8675.0	8.191797
8680.0	8.226664
8685.0	8.111653
8690.0	7.923199
8695.0	7.776639
8700.0	7.740411
8705.0	7.796819
8710.0	7.875668
8715.0	7.917614
8720.0	7.917850
8725.0	7.921113
8730.0	7.973269
8735.0	8.078163
8740.0	8.191545
8745.0	8.254319
8750.0	8.234976
8755.0	8.152893
8760.0	8.068741
8765.0	8.042787
8770.0	8.099349
8775.0	8.214502
8780.0	8.332616
8785.0	8.403864
8790.0	8.420471
8795.0	8.420300
8800.0	8.454941
8805.0	8.547604
8810.0	8.673134
8815.0	8.776275
8820.0	8.817961
8825.0	8.810391
8830.0	8.804111
8835.0	8.840714
8840.0	8.908749
8845.0	8.937576
8850.0	8.842748
8855.0	8.592007
8860.0	8.235019
8865.0	7.876908
8870.0	7.619103
8875.0	7.506301
8880.0	7.514244
8885.0	7.585726
8890.0	7.676886
8895.0	7.777868
8900.0	7.901376
8905.0	8.172333
8910.0	8.235264
8915.0	8.281771
8920.0	8.302372
8925.0	8.302042
8930.0	8.294316
8935.0	8.293461
8940.0	8.303577
8945.0	8.317457
8950.0	8.328189
8955.0	8.339039
8960.0	8.362917
8965.0	8.410100
8970.0	8.474459
8975.0	8.531457
8980.0	8.557259
8985.0	8.551348
8990.0	8.542435
8995.0	8.570227
9000.0	8.652300
9005.0	8.764856
9010.0	8.858959
9015.0	8.899683
9020.0	8.896360
9025.0	8.897480
9030.0	8.943450
9035.0	9.031010
9040.0	9.107370
9045.0	9.107759
9050.0	9.021364
9055.0	8.891445
9060.0	8.792660
9065.0	8.781905
9070.0	8.846664
9075.0	8.936232
9080.0	8.997873
9085.0	9.008429
9090.0	8.993881
9095.0	8.991282
9100.0	9.022860
9105.0	9.089222
9110.0	9.167529
9115.0	9.239288
9120.0	9.297508
9125.0	9.339222
9130.0	9.367988
9135.0	9.387011
9140.0	9.402920
9145.0	9.427500
9150.0	9.467567
9155.0	9.515469
9160.0	9.549175
9165.0	9.548756
9170.0	9.517378
9175.0	9.482683
9180.0	9.481445
9185.0	9.530787
9190.0	9.603716
9195.0	9.655364
9200.0	9.650074
9205.0	9.582183
9210.0	9.486923
9215.0	9.397696
9220.0	9.322396
9225.0	9.245169
9230.0	9.140001
9235.0	9.002481
9240.0	8.859596
9245.0	8.750818
9250.0	8.698944
9255.0	8.698404
9260.0	8.718385
9265.0	8.722542
9270.0	8.697762
9275.0	8.650209
9280.0	8.598739
9285.0	8.562372
9290.0	8.535299
9295.0	8.499647
9300.0	8.426793
9305.0	8.287576
9310.0	8.094485
9315.0	7.879505
9320.0	7.696665
9325.0	7.610112
9330.0	7.630133
9335.0	7.739387
9340.0	7.888091
9345.0	8.005675
9350.0	8.063152
9355.0	8.056312
9360.0	8.012809
9365.0	7.986264
9370.0	8.020319
9375.0	8.139789
9380.0	8.342900
9385.0	8.598269
9390.0	8.840613
9395.0	9.009396
9400.0	9.060410
9405.0	8.972644
9410.0	8.780978
9415.0	8.531815
9420.0	8.272571
9425.0	8.051149
9430.0	7.898358
9435.0	7.835368
9440.0	7.872903
9445.0	8.003818
9450.0	8.186663
9455.0	8.380381
9460.0	8.552147
9465.0	8.677792
9470.0	8.759028
9475.0	8.794857
9480.0	8.780817
9485.0	8.722960
9490.0	8.647251
9495.0	8.592486
9500.0	8.599023
9505.0	8.691548
9510.0	8.852570
9515.0	9.043978
9520.0	9.216402
9525.0	9.320793
9530.0	9.336214
9535.0	9.264864
9540.0	9.134777
9545.0	8.993734
9550.0	8.883081
9555.0	8.823090
9560.0	8.805462
9565.0	8.801364
9570.0	8.782801
9575.0	8.741488
9580.0	8.686199
9585.0	8.630819
9590.0	8.590869
9595.0	8.579118
9600.0	8.616029
9605.0	8.727207
9610.0	8.909163
9615.0	9.119898
9620.0	9.279544
9625.0	9.306072
9630.0	9.189231
9635.0	8.999082
9640.0	8.853392
9645.0	8.847109
9650.0	8.975221
9655.0	9.148060
9660.0	9.250278
9665.0	9.220703
9670.0	9.097279
9675.0	8.972971
9680.0	8.929117
9685.0	8.984814
9690.0	9.092699
9695.0	9.193066
9700.0	9.259322
9705.0	9.305529
9710.0	9.365339
9715.0	9.447706
9720.0	9.523785
9725.0	9.550238
9730.0	9.497890
9735.0	9.384491
9740.0	9.265627
9745.0	9.198267
9750.0	9.207927
9755.0	9.265469
9760.0	9.305738
9765.0	9.272626
9770.0	9.167061
9775.0	9.049747
9780.0	9.012727
9785.0	9.121220
9790.0	9.353209
9795.0	9.623713
9800.0	9.829699
9805.0	9.904556
9810.0	9.861185
9815.0	9.760300
9820.0	9.664780
9825.0	9.607983
9830.0	9.583937
9835.0	9.571651
9840.0	9.557845
9845.0	9.539623
9850.0	9.518057
9855.0	9.487434
9860.0	9.446192
9865.0	9.412390
9870.0	9.414480
9875.0	9.469839
9880.0	9.551211
9885.0	9.584414
9890.0	9.494744
9895.0	9.252577
9900.0	8.907499
9905.0	8.573128
9910.0	8.356684
9915.0	8.314449
9920.0	8.432331
9925.0	8.637882
9930.0	8.849164
9935.0	9.016576
9940.0	9.125313
9945.0	9.180975
9950.0	9.204672
9955.0	9.217878
9960.0	9.237601
9965.0	9.270556
9970.0	9.304213
9975.0	9.309477
9980.0	9.259453
9985.0	9.152004
9990.0	9.019121
9995.0	8.923890
10000.0	9.310948
10005.0	9.433118
10010.0	9.557865
10015.0	9.651876
10020.0	9.681835
10025.0	9.627259
10030.0	9.518995
10035.0	9.400723
10040.0	9.316117
10045.0	9.298945
10050.0	9.343325
10055.0	9.433455
10060.0	9.553541
10065.0	9.688540
10070.0	9.826426
10075.0	9.955925
10080.0	10.065765
10085.0	10.145431
10090.0	10.187426
10095.0	10.185010
10100.0	10.131441
10105.0	10.025176
10110.0	9.885447
10115.0	9.736680
10120.0	9.603304
10125.0	9.506290
10130.0	9.452797
10135.0	9.446526
10140.0	9.491177
10145.0	9.585271
10150.0	9.706593
10155.0	9.827744
10160.0	9.921327
10165.0	9.965778
10170.0	9.962881
10175.0	9.920259
10180.0	9.845531
10185.0	9.748850
10190.0	9.650496
10195.0	9.573279
10200.0	9.540012
10205.0	9.564747
10210.0	9.626493
10215.0	9.695501
10220.0	9.742023
10225.0	9.740907
10230.0	9.685413
10235.0	9.573399
10240.0	9.402721
10245.0	9.180916
10250.0	8.954220
10255.0	8.778548
10260.0	8.709813
10265.0	8.782958
10270.0	8.949045
10275.0	9.138167
10280.0	9.280415
10285.0	9.324983
10290.0	9.297483
10295.0	9.242631
10300.0	9.205140
10305.0	9.218086
10310.0	9.267981
10315.0	9.329699
10320.0	9.378116
10325.0	9.395202
10330.0	9.391329
10335.0	9.383965
10340.0	9.390578
10345.0	9.424212
10350.0	9.480196
10355.0	9.549433
10360.0	9.622825
10365.0	9.690468
10370.0	9.739225
10375.0	9.755160
10380.0	9.724329
10385.0	9.641735
10390.0	9.538160
10395.0	9.453331
10400.0	9.426976
10405.0	9.485047
10410.0	9.598400
10415.0	9.724116
10420.0	9.819277
10425.0	9.855054
10430.0	9.858980
10435.0	9.872677
10440.0	9.937765
10445.0	10.079441
10450.0	10.257191
10455.0	10.414075
10460.0	10.493152
10465.0	10.453616
10470.0	10.319208
10475.0	10.129801
10480.0	9.925267
10485.0	9.742167
10490.0	9.603789
10495.0	9.530113
10500.0	9.541115
10505.0	9.644423
10510.0	9.798286
10515.0	9.948606
10520.0	10.041286
10525.0	10.041067
10530.0	9.988058
10535.0	9.941208
10540.0	9.959464
10545.0	10.081959
10550.0	10.268554
10555.0	10.459294
10560.0	10.594226
10565.0	10.628204
10570.0	10.575334
10575.0	10.464528
10580.0	10.324703
10585.0	10.183913
10590.0	10.066771
10595.0	9.997026
10600.0	9.998432
10605.0	10.086827
10610.0	10.246398
10615.0	10.453421
10620.0	10.684168
