#-- o9v
#\*l[Angstrom]	F(\*l)/F(555.6Angstrom]
1150.02	64.131905179.802002
1155.01	41.635273131.910675
1160.01	30.757036105.233490
1165.01	32.578747101.691246
1170.0	86.662430
1175.0	70.147293
1180.0	78.362907
1185.0	85.207527
1190.0	77.702744
1195.0	68.849564
1200.0	67.268265
1205.0	61.135899
1210.0	45.369308
1215.0	28.861963
1220.0	47.061722
1225.0	69.537415
1230.0	76.168571
1235.0	74.040817
1240.0	73.639435
1245.0	77.914902
1250.0	75.940147
1255.0	76.334549
1260.0	79.712029
1265.0	83.818031
1270.0	84.917282
1275.0	84.950371
1280.0	83.935829
1285.0	82.218506
1290.0	84.083557
1295.0	80.281158
1300.0	74.253761
1305.0	75.847694
1310.0	80.161942
1315.0	79.952248
1320.0	78.024010
1325.0	76.358887
1330.0	75.222664
1335.0	70.153854
1340.0	69.139252
1345.0	68.828400
1350.0	70.513680
1355.0	70.889450
1360.0	68.256683
1365.0	67.369926
1370.0	68.334488
1375.0	66.845787
1380.0	65.646118
1385.0	63.043907
1390.0	57.464581
1395.0	51.727757
1400.0	51.638123
1405.0	53.016109
1410.0	56.261356
1415.0	57.782391
1420.0	55.628418
1425.0	52.151321
1430.0	52.059566
1435.0	56.030888
1440.0	55.218540
1445.0	54.245895
1450.0	53.339615
1455.0	51.114182
1460.0	51.116306
1465.0	53.364700
1470.0	54.569580
1475.0	54.775818
1480.0	54.436646
1485.0	54.796371
1490.0	55.404472
1495.0	53.337784
1500.0	49.071339
1505.0	49.548946
1510.0	51.993652
1515.0	51.202408
1520.0	51.640812
1525.0	47.000557
1530.0	41.938618
1535.0	40.872444
1540.0	38.723423
1545.0	27.390661
1550.0	25.436367
1555.0	36.711403
1560.0	39.077000
1565.0	38.035110
1570.0	39.420124
1575.0	40.673119
1580.0	39.914726
1585.0	40.470734
1590.0	40.370781
1595.0	38.360912
1600.0	37.727009
1605.0	35.692619
1610.0	33.187248
1615.0	32.765545
1620.0	32.249386
1625.0	32.818359
1630.0	32.777611
1635.0	33.048889
1640.0	33.044807
1645.0	34.913635
1650.0	36.738266
1655.0	34.963200
1660.0	33.424103
1665.0	34.422012
1670.0	33.295414
1675.0	33.851238
1680.0	37.084778
1685.0	36.684086
1690.0	34.897095
1695.0	34.289528
1700.0	33.613556
1705.0	33.973125
1710.0	34.270393
1715.0	33.283947
1720.0	30.466631
1725.0	30.447886
1730.0	32.417831
1735.0	33.934410
1740.0	33.787624
1745.0	33.863075
1750.0	33.122540
1755.0	33.458340
1760.0	33.823471
1765.0	32.840515
1770.0	32.740849
1775.0	33.133659
1780.0	32.895294
1785.0	31.523764
1790.0	28.651840
1795.0	29.471903
1800.0	30.697769
1805.0	30.186916
1810.0	30.067715
1815.0	30.626698
1820.0	31.414555
1825.0	31.345531
1830.0	31.124331
1835.0	31.265133
1840.0	30.104235
1845.0	29.615738
1850.0	29.209311
1855.0	28.686716
1860.0	28.717447
1865.0	29.282413
1870.0	28.509161
1875.0	27.226856
1880.0	27.336088
1885.0	26.834608
1890.0	26.554157
1895.0	26.814453
1900.0	26.994553
1905.0	26.672199
1910.0	25.929312
1915.0	24.932613
1920.0	24.151770
1925.0	23.857803
1930.0	25.075621
1935.0	25.585064
1940.0	25.512880
1945.0	25.509493
1950.0	25.282597
1955.0	24.956957
1960.0	24.169029
1965.0	23.616026
1970.0	23.080374
1975.0	23.969954
1980.0	24.299051
1985.0	23.548044
1990.0	22.663961
1995.0	22.537642
2000.0	22.759605
2005.0	22.943035
2010.0	22.437654
2015.0	22.923765
2020.0	22.566818
2025.0	22.694973
2030.0	22.594891
2035.0	22.653690
2040.0	22.678841
2045.0	22.439014
2050.0	22.398272
2055.0	21.071911
2060.0	19.692041
2065.0	20.223734
2070.0	21.244205
2075.0	20.895672
2080.0	20.568859
2085.0	20.753059
2090.0	20.768238
2095.0	20.046516
2100.0	19.765232
2105.0	19.215921
2110.0	19.300461
2115.0	20.234818
2120.0	19.870388
2125.0	19.392368
2130.0	19.306805
2135.0	19.158978
2140.0	19.526342
2145.0	19.220222
2150.0	18.723803
2155.0	18.395657
2160.0	18.317705
2165.0	18.289053
2170.0	17.712465
2175.0	17.903021
2180.0	17.928493
2185.0	18.061028
2190.0	17.915649
2195.0	18.091932
2200.0	17.597321
2205.0	17.210056
2210.0	16.815662
2215.0	16.702831
2220.0	16.363789
2225.0	16.342178
2230.0	16.479040
2235.0	16.199802
2240.0	15.964721
2245.0	15.943511
2250.0	15.973087
2255.0	15.874268
2260.0	15.796679
2265.0	15.732259
2270.0	15.548719
2275.0	15.521976
2280.0	15.455567
2285.0	15.574055
2290.0	15.888752
2295.0	15.480504
2300.0	14.761627
2305.0	14.213152
2310.0	14.762710
2315.0	14.958247
2320.0	15.005971
2325.0	14.877272
2330.0	14.958472
2335.0	15.484849
2340.0	15.202257
2345.0	14.860731
2350.0	14.630497
2355.0	14.648830
2360.0	15.000845
2365.0	15.287478
2370.0	15.147299
2375.0	14.816542
2380.0	14.590626
2385.0	14.201163
2390.0	13.585414
2395.0	13.362177
2400.0	13.586219
2405.0	14.200870
2410.0	14.116563
2415.0	14.187052
2420.0	14.284183
2425.0	13.983757
2430.0	14.186916
2435.0	14.343793
2440.0	14.112788
2445.0	13.755800
2450.0	13.890887
2455.0	14.037315
2460.0	13.879814
2465.0	14.295817
2470.0	14.095819
2475.0	13.423907
2480.0	13.493793
2485.0	13.473615
2490.0	13.289298
2495.0	13.355533
2500.0	13.470635
2505.0	13.327949
2510.0	13.211136
2515.0	12.549574
2520.0	12.567934
2525.0	12.512714
2530.0	13.045125
2535.0	13.423721
2540.0	12.931369
2545.0	12.613271
2550.0	12.932350
2555.0	12.843961
2560.0	12.723427
2565.0	12.605470
2570.0	12.614239
2575.0	12.631711
2580.0	11.003408
2585.0	10.779988
2590.0	11.779220
2595.0	12.153422
2600.0	12.251131
2605.0	11.939261
2610.0	12.200558
2615.0	12.537869
2620.0	12.291729
2625.0	12.580055
2630.0	12.291632
2635.0	12.319071
2640.0	12.282742
2645.0	11.891155
2650.0	11.907295
2655.0	12.027767
2660.0	12.150163
2665.0	11.574048
2670.0	11.417302
2675.0	11.604774
2680.0	11.396873
2685.0	11.253456
2690.0	11.491349
2695.0	11.031239
2700.0	10.761078
2705.0	11.098680
2710.0	11.439222
2715.0	10.887998
2720.0	10.908137
2725.0	10.658556
2730.0	10.662763
2735.0	10.522114
2740.0	10.290498
2745.0	10.359046
2750.0	10.570372
2755.0	10.540690
2760.0	10.527526
2765.0	10.800475
2770.0	10.449298
2775.0	10.261609
2780.0	10.048470
2785.0	9.655764
2790.0	9.735158
2795.0	9.927313
2800.0	9.483753
2805.0	9.242266
2810.0	9.526624
2815.0	9.925543
2820.0	10.034882
2825.0	9.810055
2830.0	9.363921
2835.0	9.321168
2840.0	9.602241
2845.0	9.422405
2850.0	9.459540
2855.0	9.283315
2860.0	9.226878
2865.0	9.403942
2870.0	9.262641
2875.0	9.267987
2880.0	9.246622
2885.0	9.267075
2890.0	9.282087
2895.0	9.388605
2900.0	9.365316
2905.0	9.009614
2910.0	8.961186
2915.0	9.001642
2920.0	8.941417
2925.0	8.954116
2930.0	8.912730
2935.0	8.967319
2940.0	8.755107
2945.0	8.705148
2950.0	8.685121
2955.0	8.778163
2960.0	8.794751
2965.0	8.704057
2970.0	8.826329
2975.0	8.706993
2980.0	8.671144
2985.0	8.415255
2990.0	8.263422
2995.0	8.156643
3000.0	8.259529
3005.0	8.255378
3010.0	8.310946
3015.0	8.104469
3020.0	8.111991
3025.0	7.855338
3030.0	7.688312
3035.0	7.823802
3040.0	7.656194
3045.0	7.539006
3050.0	7.491537
3055.0	7.818552
3060.0	7.852964
3065.0	7.725424
3070.0	7.582837
3075.0	7.608283
3080.0	7.590023
3085.0	7.743467
3090.0	7.642740
3095.0	7.524016
3100.0	7.496709
3105.0	7.654686
3110.0	7.597672
3115.0	7.411123
3120.0	7.332458
3125.0	7.412077
3130.0	7.479474
3135.0	7.629660
3140.0	7.594223
3145.0	7.675559
3150.0	7.695664
3155.0	7.460481
3160.0	7.077505
3165.0	7.212498
3170.0	7.171028
3175.0	7.231513
3180.0	6.941649
3185.0	6.897880
3190.0	6.909435
3195.0	7.000394
3200.0	6.836444
3205.0	6.866449
3210.0	6.891450
3215.0	6.883723
3220.0	6.848712
3225.0	6.808105
3230.0	6.815403
3235.0	6.896111
3240.0	6.931962
3245.0	6.814557
3250.0	6.618790
3255.0	6.453895
3260.0	6.383204
3265.0	6.417828
3270.0	6.405902
3275.0	6.223991
3280.0	6.025348
3285.0	5.978713
3290.0	6.038102
3295.0	6.105685
3300.0	6.090966
3305.0	5.951617
3310.0	5.830625
3315.0	5.864068
3320.0	5.975061
3325.0	6.052459
3330.0	6.061017
3335.0	6.001891
3340.0	5.945948
3345.0	5.949544
3350.0	5.941287
3355.0	5.854568
3360.0	5.769661
3365.0	5.768596
3370.0	5.793545
3375.0	5.772685
3380.0	5.718078
3385.0	5.658770
3390.0	5.607872
3395.0	5.567931
3400.0	5.515162
3405.0	5.434171
3410.0	5.369425
3415.0	5.361516
3420.0	5.375663
3425.0	5.365664
3430.0	5.314999
3435.0	5.231898
3440.0	5.193906
3445.0	5.258392
3450.0	5.332714
3455.0	5.322072
3460.0	5.273076
3465.0	5.247588
3470.0	5.227077
3475.0	5.184284
3480.0	5.137433
3485.0	5.113780
3490.0	5.131240
3495.0	5.192427
3500.0	5.248097
3505.0	5.249017
3510.0	5.233984
3515.0	5.204985
3520.0	5.214263
3525.0	5.208269
3530.0	5.149981
3535.0	5.128026
3540.0	5.099576
3545.0	5.082090
3550.0	5.046709
3555.0	4.990070
3560.0	4.958850
3565.0	4.903082
3570.0	4.837192
3575.0	4.791422
3580.0	4.746284
3585.0	4.706326
3590.0	4.672889
3595.0	4.675636
3600.0	4.654701
3605.0	4.602899
3610.0	4.722000
3615.0	4.731930
3620.0	4.721232
3625.0	4.660798
3630.0	4.594349
3635.0	4.563799
3640.0	4.582631
3645.0	4.663242
3650.0	4.689430
3655.0	4.670171
3660.0	4.652092
3665.0	4.568780
3670.0	4.571796
3675.0	4.571488
3680.0	4.525952
3685.0	4.515226
3690.0	4.476038
3695.0	4.438798
3700.0	4.379843
3705.0	4.250410
3710.0	4.252867
3715.0	4.279961
3720.0	4.244530
3725.0	4.256682
3730.0	4.236881
3735.0	4.177470
3740.0	4.328621
3745.0	4.234580
3750.0	3.971226
3755.0	3.975804
3760.0	4.094583
3765.0	4.066711
3770.0	3.847046
3775.0	4.069523
3780.0	4.367551
3785.0	4.464131
3790.0	4.308129
3795.0	3.924467
3800.0	3.910245
3805.0	4.289580
3810.0	4.485993
3815.0	4.402803
3820.0	4.297223
3825.0	4.337879
3830.0	4.030602
3835.0	3.690389
3840.0	3.998755
3845.0	4.262897
3850.0	4.297220
3855.0	4.294210
3860.0	4.249512
3865.0	4.215694
3870.0	4.180891
3875.0	4.114959
3880.0	3.930176
3885.0	3.529706
3890.0	3.391948
3895.0	3.820857
3900.0	4.052138
3905.0	4.082934
3910.0	4.024302
3915.0	3.970863
3920.0	3.894236
3925.0	3.868313
3930.0	3.804325
3935.0	3.800340
3940.0	3.912069
3945.0	3.940056
3950.0	3.879068
3955.0	3.796173
3960.0	3.619074
3965.0	3.205872
3970.0	2.939538
3975.0	3.347288
3980.0	3.604418
3985.0	3.666036
3990.0	3.680474
3995.0	3.650365
4000.0	3.609957
4005.0	3.566877
4010.0	3.547344
4015.0	3.524203
4020.0	3.422527
4025.0	3.254195
4030.0	3.349139
4035.0	3.466274
4040.0	3.478661
4045.0	3.471686
4050.0	3.479060
4055.0	3.446397
4060.0	3.409473
4065.0	3.358595
4070.0	3.257103
4075.0	3.275728
4080.0	3.280984
4085.0	3.217010
4090.0	3.143388
4095.0	2.922381
4100.0	2.580167
4105.0	2.725138
4110.0	3.047139
4115.0	3.096366
4120.0	3.097110
4125.0	3.154619
4130.0	3.169036
4135.0	3.144145
4140.0	3.080570
4145.0	3.031252
4150.0	3.052255
4155.0	3.056781
4160.0	3.062844
4165.0	3.044852
4170.0	3.013366
4175.0	3.003065
4180.0	2.987261
4185.0	2.933322
4190.0	2.903896
4195.0	2.857404
4200.0	2.791508
4205.0	2.861176
4210.0	2.903151
4215.0	2.889888
4220.0	2.882129
4225.0	2.872687
4230.0	2.861209
4235.0	2.845856
4240.0	2.844592
4245.0	2.819978
4250.0	2.787873
4255.0	2.775260
4260.0	2.758334
4265.0	2.759374
4270.0	2.747196
4275.0	2.726089
4280.0	2.729475
4285.0	2.732354
4290.0	2.729307
4295.0	2.729086
4300.0	2.721085
4305.0	2.695602
4310.0	2.689441
4315.0	2.665627
4320.0	2.647453
4325.0	2.630283
4330.0	2.555856
4335.0	2.337124
4340.0	2.078351
4345.0	2.239759
4350.0	2.464085
4355.0	2.561625
4360.0	2.590703
4365.0	2.562072
4370.0	2.551378
4375.0	2.538481
4380.0	2.509840
4385.0	2.443811
4390.0	2.426435
4395.0	2.472776
4400.0	2.474341
4405.0	2.453790
4410.0	2.418223
4415.0	2.386108
4420.0	2.343643
4425.0	2.286526
4430.0	2.262300
4435.0	2.284734
4440.0	2.316667
4445.0	2.346486
4450.0	2.356567
4455.0	2.351800
4460.0	2.342912
4465.0	2.288798
4470.0	2.147690
4475.0	2.197188
4480.0	2.276385
4485.0	2.297863
4490.0	2.302745
4495.0	2.295157
4500.0	2.282541
4505.0	2.260535
4510.0	2.231165
4515.0	2.217782
4520.0	2.243479
4525.0	2.230242
4530.0	2.197246
4535.0	2.176526
4540.0	2.110006
4545.0	2.131759
4550.0	2.178455
4555.0	2.193279
4560.0	2.194759
4565.0	2.179631
4570.0	2.168025
4575.0	2.158021
4580.0	2.156521
4585.0	2.144668
4590.0	2.127295
4595.0	2.113983
4600.0	2.110371
4605.0	2.100893
4610.0	2.115777
4615.0	2.113995
4620.0	2.104079
4625.0	2.081575
4630.0	2.046628
4635.0	2.037228
4640.0	2.035232
4645.0	1.989615
4650.0	1.955944
4655.0	2.011688
4660.0	2.044791
4665.0	2.030337
4670.0	2.011102
4675.0	2.005546
4680.0	1.946633
4685.0	1.871869
4690.0	1.915352
4695.0	1.975508
4700.0	1.969899
4705.0	1.972119
4710.0	1.943720
4715.0	1.929907
4720.0	1.928491
4725.0	1.910281
4730.0	1.920358
4735.0	1.919759
4740.0	1.918367
4745.0	1.909747
4750.0	1.897803
4755.0	1.876648
4760.0	1.865566
4765.0	1.864982
4770.0	1.867391
4775.0	1.846382
4780.0	1.831580
4785.0	1.839038
4790.0	1.835569
4795.0	1.837627
4800.0	1.824876
4805.0	1.814034
4810.0	1.816770
4815.0	1.800140
4820.0	1.787754
4825.0	1.779593
4830.0	1.782073
4835.0	1.790881
4840.0	1.782617
4845.0	1.753371
4850.0	1.695905
4855.0	1.554173
4860.0	1.375898
4865.0	1.447682
4870.0	1.596848
4875.0	1.630112
4880.0	1.637928
4885.0	1.654759
4890.0	1.680660
4895.0	1.682654
4900.0	1.683663
4905.0	1.676329
4910.0	1.682287
4915.0	1.667402
4920.0	1.606461
4925.0	1.616511
4930.0	1.662570
4935.0	1.658383
4940.0	1.653233
4945.0	1.665190
4950.0	1.651980
4955.0	1.630723
4960.0	1.628090
4965.0	1.617963
4970.0	1.604657
4975.0	1.590060
4980.0	1.592771
4985.0	1.597021
4990.0	1.591578
4995.0	1.583814
5000.0	1.575940
5005.0	1.570900
5010.0	1.545692
5015.0	1.496338
5020.0	1.522195
5025.0	1.532452
5030.0	1.529720
5035.0	1.524303
5040.0	1.527572
5045.0	1.516087
5050.0	1.505078
5055.0	1.497329
5060.0	1.477790
5065.0	1.476387
5070.0	1.473745
5075.0	1.464806
5080.0	1.472051
5085.0	1.483326
5090.0	1.474119
5095.0	1.457052
5100.0	1.457422
5105.0	1.439444
5110.0	1.430522
5115.0	1.432641
5120.0	1.422682
5125.0	1.417745
5130.0	1.413179
5135.0	1.411272
5140.0	1.408279
5145.0	1.410716
5150.0	1.402344
5155.0	1.385631
5160.0	1.381225
5165.0	1.371202
5170.0	1.361934
5175.0	1.365792
5180.0	1.363581
5185.0	1.358028
5190.0	1.352919
5195.0	1.351179
5200.0	1.343198
5205.0	1.336009
5210.0	1.332262
5215.0	1.330103
5220.0	1.315433
5225.0	1.311782
5230.0	1.312792
5235.0	1.297938
5240.0	1.282187
5245.0	1.277460
5250.0	1.281575
5255.0	1.278141
5260.0	1.272724
5265.0	1.266587
5270.0	1.263827
5275.0	1.259104
5280.0	1.243382
5285.0	1.236923
5290.0	1.232834
5295.0	1.229504
5300.0	1.232964
5305.0	1.227909
5310.0	1.222402
5315.0	1.210829
5320.0	1.202054
5325.0	1.208756
5330.0	1.206161
5335.0	1.192307
5340.0	1.184444
5345.0	1.183108
5350.0	1.185528
5355.0	1.181420
5360.0	1.165991
5365.0	1.158150
5370.0	1.159809
5375.0	1.157428
5380.0	1.155017
5385.0	1.142223
5390.0	1.139654
5395.0	1.140437
5400.0	1.131816
5405.0	1.103611
5410.0	1.054195
5415.0	1.072244
5420.0	1.108262
5425.0	1.115253
5430.0	1.117436
5435.0	1.111705
5440.0	1.103192
5445.0	1.092103
5450.0	1.083400
5455.0	1.078562
5460.0	1.072725
5465.0	1.072022
5470.0	1.076849
5475.0	1.069530
5480.0	1.055406
5485.0	1.049201
5490.0	1.049281
5495.0	1.054172
5500.0	1.055655
5505.0	1.045919
5510.0	1.039036
5515.0	1.040257
5520.0	1.031872
5525.0	1.021680
5530.0	1.011314
5535.0	1.003216
5540.0	0.998245
5545.0	1.000596
5550.0	1.004819
5555.0	0.998975
5560.0	1.002320
5565.0	0.999565
5570.0	0.993181
5575.0	0.988456
5580.0	0.982937
5585.0	0.981464
5590.0	0.966224
5595.0	0.957050
5600.0	0.968625
5605.0	0.970218
5610.0	0.968613
5615.0	0.958487
5620.0	0.949852
5625.0	0.944739
5630.0	0.939733
5635.0	0.941763
5640.0	0.942248
5645.0	0.935902
5650.0	0.928721
5655.0	0.923778
5660.0	0.918533
5665.0	0.913051
5670.0	0.910034
5675.0	0.910592
5680.0	0.906362
5685.0	0.906944
5690.0	0.903591
5695.0	0.903819
5700.0	0.890318
5705.0	0.878146
5710.0	0.885744
5715.0	0.888298
5720.0	0.881296
5725.0	0.875717
5730.0	0.874756
5735.0	0.872643
5740.0	0.867897
5745.0	0.859146
5750.0	0.857984
5755.0	0.856079
5760.0	0.857593
5765.0	0.855564
5770.0	0.841898
5775.0	0.823873
5780.0	0.790913
5785.0	0.805957
5790.0	0.816161
5795.0	0.809843
5800.0	0.798672
5805.0	0.801118
5810.0	0.803660
5815.0	0.806906
5820.0	0.820881
5825.0	0.821514
5830.0	0.817870
5835.0	0.808640
5840.0	0.803573
5845.0	0.803883
5850.0	0.805761
5855.0	0.804031
5860.0	0.813307
5865.0	0.806478
5870.0	0.776745
5875.0	0.730833
5880.0	0.768269
5885.0	0.760927
5890.0	0.698470
5895.0	0.702944
5900.0	0.747450
5905.0	0.784313
5910.0	0.779193
5915.0	0.775716
5920.0	0.773962
5925.0	0.774147
5930.0	0.771140
5935.0	0.763542
5940.0	0.757722
5945.0	0.755697
5950.0	0.750215
5955.0	0.745311
5960.0	0.748624
5965.0	0.748975
5970.0	0.745763
5975.0	0.741252
5980.0	0.737736
5985.0	0.735359
5990.0	0.731981
5995.0	0.731336
6000.0	0.725824
6005.0	0.722125
6010.0	0.719495
6015.0	0.716964
6020.0	0.716537
6025.0	0.717149
6030.0	0.714191
6035.0	0.709725
6040.0	0.705138
6045.0	0.706542
6050.0	0.705847
6055.0	0.703966
6060.0	0.704090
6065.0	0.701020
6070.0	0.697391
6075.0	0.697092
6080.0	0.694597
6085.0	0.692310
6090.0	0.692513
6095.0	0.688274
6100.0	0.683275
6105.0	0.683862
6110.0	0.683404
6115.0	0.685086
6120.0	0.677410
6125.0	0.675155
6130.0	0.673271
6135.0	0.673294
6140.0	0.670911
6145.0	0.669259
6150.0	0.668983
6155.0	0.667005
6160.0	0.660839
6165.0	0.656119
6170.0	0.653019
6175.0	0.651802
6180.0	0.650735
6185.0	0.647560
6190.0	0.646502
6195.0	0.645943
6200.0	0.642185
6205.0	0.641690
6210.0	0.647265
6215.0	0.645164
6220.0	0.641645
6225.0	0.639545
6230.0	0.637263
6235.0	0.637013
6240.0	0.637123
6245.0	0.639786
6250.0	0.638538
6255.0	0.636039
6260.0	0.634863
6265.0	0.627846
6270.0	0.618575
6275.0	0.599606
6280.0	0.582565
6285.0	0.589735
6290.0	0.606703
6295.0	0.608195
6300.0	0.605265
6305.0	0.604396
6310.0	0.602261
6315.0	0.601223
6320.0	0.603305
6325.0	0.603794
6330.0	0.603713
6335.0	0.600707
6340.0	0.596934
6345.0	0.592750
6350.0	0.594970
6355.0	0.593178
6360.0	0.589604
6365.0	0.586551
6370.0	0.585945
6375.0	0.581032
6380.0	0.577572
6385.0	0.578709
6390.0	0.579047
6395.0	0.577496
6400.0	0.574153
6405.0	0.571437
6410.0	0.570616
6415.0	0.571765
6420.0	0.571806
6425.0	0.570180
6430.0	0.568521
6435.0	0.565435
6440.0	0.562871
6445.0	0.558700
6450.0	0.556580
6455.0	0.556803
6460.0	0.557245
6465.0	0.553707
6470.0	0.553627
6475.0	0.549706
6480.0	0.550707
6485.0	0.547187
6490.0	0.545655
6495.0	0.547265
6500.0	0.552553
6505.0	0.551908
6510.0	0.549479
6515.0	0.544903
6520.0	0.544772
6525.0	0.541674
6530.0	0.540200
6535.0	0.539130
6540.0	0.537618
6545.0	0.532934
6550.0	0.521770
6555.0	0.490327
6560.0	0.436110
6565.0	0.443542
6570.0	0.494271
6575.0	0.518602
6580.0	0.525727
6585.0	0.528427
6590.0	0.530187
6595.0	0.528427
6600.0	0.526748
6605.0	0.526542
6610.0	0.521413
6615.0	0.518700
6620.0	0.519706
6625.0	0.519829
6630.0	0.516714
6635.0	0.513070
6640.0	0.510028
6645.0	0.508489
6650.0	0.507205
6655.0	0.503246
6660.0	0.499518
6665.0	0.496806
6670.0	0.492215
6675.0	0.473122
6680.0	0.469318
6685.0	0.484168
6690.0	0.489698
6695.0	0.491568
6700.0	0.488504
6705.0	0.489797
6710.0	0.488128
6715.0	0.487853
6720.0	0.489084
6725.0	0.488453
6730.0	0.484324
6735.0	0.479374
6740.0	0.477744
6745.0	0.479497
6750.0	0.476523
6755.0	0.475423
6760.0	0.475500
6765.0	0.473880
6770.0	0.469518
6775.0	0.467821
6780.0	0.468487
6785.0	0.466161
6790.0	0.465169
6795.0	0.463914
6800.0	0.462208
6805.0	0.465468
6810.0	0.462614
6815.0	0.461581
6820.0	0.458949
6825.0	0.456775
6830.0	0.457285
6835.0	0.454496
6840.0	0.454657
6845.0	0.453506
6850.0	0.452356
6855.0	0.451206
6860.0	0.450056
6865.0	0.448906
6870.0	0.447756
6875.0	0.446605
6880.0	0.445455
6885.0	0.444305
6890.0	0.443155
6895.0	0.442005
6900.0	0.440855
6905.0	0.439704
6910.0	0.438554
6915.0	0.437404
6920.0	0.436254
6925.0	0.435104
6930.0	0.433954
6935.0	0.432803
6940.0	0.431653
6945.0	0.430503
6950.0	0.429353
6955.0	0.428203
6960.0	0.427053
6965.0	0.425902
6970.0	0.424752
6975.0	0.430830
6980.0	0.429013
6985.0	0.422128
6990.0	0.418498
6995.0	0.420384
7000.0	0.418524
7005.0	0.417786
7010.0	0.416939
7015.0	0.414836
7020.0	0.413312
7025.0	0.409925
7030.0	0.412177
7035.0	0.413997
7040.0	0.412579
7045.0	0.409559
7050.0	0.409128
7055.0	0.407570
7060.0	0.397010
7065.0	0.382226
7070.0	0.399977
7075.0	0.406076
7080.0	0.404778
7085.0	0.405205
7090.0	0.404854
7095.0	0.403322
7100.0	0.399831
7105.0	0.397542
7110.0	0.398030
7115.0	0.399444
7120.0	0.401816
7125.0	0.403262
7130.0	0.402565
7135.0	0.403909
7140.0	0.400276
7145.0	0.395834
7150.0	0.397244
7155.0	0.396145
7160.0	0.392052
7165.0	0.385893
7170.0	0.373471
7175.0	0.365421
7180.0	0.363590
7185.0	0.356508
7190.0	0.362558
7195.0	0.367817
7200.0	0.365706
7205.0	0.371907
7210.0	0.386366
7215.0	0.391191
7220.0	0.391309
7225.0	0.385865
7230.0	0.375056
7235.0	0.367391
7240.0	0.366488
7245.0	0.366492
7250.0	0.366739
7255.0	0.367278
7260.0	0.368353
7265.0	0.365343
7270.0	0.365604
7275.0	0.356210
7280.0	0.357530
7285.0	0.360256
7290.0	0.355978
7295.0	0.361660
7300.0	0.360646
7305.0	0.355349
7310.0	0.357973
7315.0	0.357508
7320.0	0.359190
7325.0	0.360422
7330.0	0.357266
7335.0	0.356870
7340.0	0.355482
7345.0	0.353674
7350.0	0.353199
7355.0	0.353012
7360.0	0.349685
7365.0	0.349088
7370.0	0.348498
7375.0	0.346757
7380.0	0.345748
7385.0	0.345634
7390.0	0.343586
7395.0	0.341850
7400.0	0.340292
7405.0	0.335842
7410.0	0.335187
7415.0	0.339228
7420.0	0.342152
7425.0	0.331381
7430.0	0.330664
7435.0	0.329590
7440.0	0.330021
7445.0	0.328749
7450.0	0.327015
7455.0	0.326905
7460.0	0.325363
7465.0	0.326838
7470.0	0.325365
7475.0	0.323524
7480.0	0.322129
7485.0	0.321597
7490.0	0.320363
7495.0	0.317458
7500.0	0.319729
7505.0	0.318015
7510.0	0.318030
7515.0	0.315999
7520.0	0.315510
7525.0	0.315737
7530.0	0.316139
7535.0	0.315015
7540.0	0.313748
7545.0	0.310408
7550.0	0.310436
7555.0	0.309678
7560.0	0.308919
7565.0	0.308161
7570.0	0.307402
7575.0	0.306644
7580.0	0.305885
7585.0	0.305127
7590.0	0.304368
7595.0	0.303610
7600.0	0.302851
7605.0	0.302093
7610.0	0.301334
7615.0	0.300576
7620.0	0.299817
7625.0	0.299059
7630.0	0.298300
7635.0	0.297542
7640.0	0.296783
7645.0	0.296025
7650.0	0.295266
7655.0	0.294508
7660.0	0.293749
7665.0	0.292991
7670.0	0.292232
7675.0	0.291474
7680.0	0.290715
7685.0	0.289957
7690.0	0.289198
7695.0	0.288440
7700.0	0.287681
7705.0	0.286923
7710.0	0.286164
7715.0	0.285406
7720.0	0.284647
7725.0	0.283889
7730.0	0.283130
7735.0	0.281912
7740.0	0.281746
7745.0	0.281207
7750.0	0.280224
7755.0	0.281088
7760.0	0.278510
7765.0	0.278009
7770.0	0.277399
7775.0	0.278442
7780.0	0.276321
7785.0	0.275995
7790.0	0.274589
7795.0	0.273702
7800.0	0.272630
7805.0	0.271199
7810.0	0.271911
7815.0	0.270441
7820.0	0.268903
7825.0	0.269377
7830.0	0.268464
7835.0	0.267993
7840.0	0.268178
7845.0	0.267651
7850.0	0.267129
7855.0	0.266469
7860.0	0.268362
7865.0	0.264119
7870.0	0.263792
7875.0	0.262120
7880.0	0.264180
7885.0	0.262134
7890.0	0.260842
7895.0	0.260066
7900.0	0.260526
7905.0	0.260637
7910.0	0.258913
7915.0	0.257290
7920.0	0.257336
7925.0	0.258628
7930.0	0.257915
7935.0	0.255037
7940.0	0.256432
7945.0	0.255809
7950.0	0.256588
7955.0	0.253762
7960.0	0.251889
7965.0	0.253195
7970.0	0.252636
7975.0	0.251841
7980.0	0.250334
7985.0	0.251251
7990.0	0.250548
7995.0	0.249664
8000.0	0.248071
8005.0	0.248028
8010.0	0.247722
8015.0	0.247813
8020.0	0.246291
8025.0	0.246112
8030.0	0.246340
8035.0	0.247715
8040.0	0.246887
8045.0	0.247105
8050.0	0.246382
8055.0	0.245868
8060.0	0.244669
8065.0	0.244219
8070.0	0.243179
8075.0	0.242003
8080.0	0.241519
8085.0	0.242189
8090.0	0.238217
8095.0	0.237276
8100.0	0.236166
8105.0	0.235890
8110.0	0.235504
8115.0	0.235171
8120.0	0.236453
8125.0	0.236671
8130.0	0.237140
8135.0	0.236853
8140.0	0.235884
8145.0	0.233789
8150.0	0.230450
8155.0	0.227321
8160.0	0.223433
8165.0	0.222958
8170.0	0.226917
8175.0	0.227291
8180.0	0.228285
8185.0	0.230878
8190.0	0.229592
8195.0	0.228547
8200.0	0.228786
8205.0	0.228355
8210.0	0.227146
8215.0	0.224847
8220.0	0.222287
8225.0	0.216548
8230.0	0.214006
8235.0	0.220089
8240.0	0.222778
8245.0	0.222738
8250.0	0.223572
8255.0	0.220937
8260.0	0.219930
8265.0	0.219085
8270.0	0.217463
8275.0	0.215581
8280.0	0.214881
8285.0	0.214559
8290.0	0.214136
8295.0	0.214747
8300.0	0.215400
8305.0	0.214802
8310.0	0.214383
8315.0	0.213069
8320.0	0.211583
8325.0	0.212686
8330.0	0.210649
8335.0	0.208179
8340.0	0.208023
8345.0	0.208240
8350.0	0.207419
8355.0	0.206291
8360.0	0.206081
8365.0	0.206156
8370.0	0.205156
8375.0	0.204811
8380.0	0.203897
8385.0	0.204458
8390.0	0.204768
8395.0	0.206445
8400.0	0.205428
8405.0	0.205673
8410.0	0.207196
8415.0	0.207437
8420.0	0.205388
8425.0	0.203217
8430.0	0.202727
8435.0	0.200282
8440.0	0.198796
8445.0	0.198433
8450.0	0.198332
8455.0	0.199264
8460.0	0.199205
8465.0	0.197800
8470.0	0.196332
8475.0	0.195597
8480.0	0.195732
8485.0	0.195486
8490.0	0.196883
8495.0	0.197542
8500.0	0.198104
8505.0	0.197666
8510.0	0.197200
8515.0	0.196312
8520.0	0.195464
8525.0	0.195393
8530.0	0.195074
8535.0	0.193740
8540.0	0.193594
8545.0	0.194055
8550.0	0.192682
8555.0	0.192058
8560.0	0.191612
8565.0	0.191785
8570.0	0.190536
8575.0	0.189383
8580.0	0.187209
8585.0	0.185666
8590.0	0.183714
8595.0	0.181666
8600.0	0.180841
8605.0	0.181674
8610.0	0.183916
8615.0	0.186792
8620.0	0.186443
8625.0	0.187061
8630.0	0.186624
8635.0	0.185755
8640.0	0.184000
8645.0	0.182723
8650.0	0.180546
8655.0	0.179420
8660.0	0.177619
8665.0	0.176717
8670.0	0.177200
8675.0	0.178788
8680.0	0.180068
8685.0	0.181238
8690.0	0.181462
8695.0	0.182053
8700.0	0.182862
8705.0	0.183056
8710.0	0.181831
8715.0	0.181699
8720.0	0.181171
8725.0	0.180401
8730.0	0.179533
8735.0	0.178452
8740.0	0.178373
8745.0	0.176061
8750.0	0.174009
8755.0	0.173528
8760.0	0.174346
8765.0	0.174052
8770.0	0.173720
8775.0	0.172094
8780.0	0.171407
8785.0	0.173491
8790.0	0.174114
8795.0	0.175925
8800.0	0.176131
8805.0	0.177771
8810.0	0.178166
8815.0	0.176389
8820.0	0.175244
8825.0	0.172481
8830.0	0.170322
8835.0	0.168269
8840.0	0.166892
8845.0	0.164711
8850.0	0.163300
8855.0	0.163631
8860.0	0.163950
8865.0	0.162362
8870.0	0.164468
8875.0	0.166124
8880.0	0.165427
8885.0	0.167251
8890.0	0.166339
8895.0	0.166067
8900.0	0.166513
8905.0	0.166938
8910.0	0.167977
8915.0	0.168384
8920.0	0.167244
8925.0	0.167654
8930.0	0.165298
8935.0	0.163371
8940.0	0.163565
8945.0	0.164475
8950.0	0.164330
8955.0	0.164660
8960.0	0.164974
8965.0	0.161626
8970.0	0.159167
8975.0	0.156599
8980.0	0.153500
8985.0	0.150612
8990.0	0.148396
8995.0	0.150899
9000.0	0.149754
9005.0	0.149959
9010.0	0.150193
9015.0	0.148422
9020.0	0.150559
9025.0	0.150791
9030.0	0.156867
9035.0	0.158598
9040.0	0.159559
9045.0	0.160934
9050.0	0.161859
9055.0	0.162712
9060.0	0.160713
9065.0	0.157329
9070.0	0.154123
9075.0	0.152847
9080.0	0.151932
9085.0	0.150898
9090.0	0.151097
9095.0	0.151759
9100.0	0.153470
9105.0	0.155002
9110.0	0.154861
9115.0	0.154628
9120.0	0.155497
9125.0	0.155653
9130.0	0.152615
9135.0	0.152248
9140.0	0.154293
9145.0	0.154363
9150.0	0.151737
9155.0	0.148959
9160.0	0.149773
9165.0	0.150278
9170.0	0.149136
9175.0	0.145441
9180.0	0.145987
9185.0	0.147233
9190.0	0.150070
9195.0	0.148896
9200.0	0.148180
9205.0	0.147938
9210.0	0.145196
9215.0	0.142338
9220.0	0.138642
9225.0	0.137217
9230.0	0.135270
9235.0	0.137860
9240.0	0.139337
9245.0	0.138868
9250.0	0.139221
9255.0	0.143556
9260.0	0.144514
9265.0	0.145596
9270.0	0.147255
9275.0	0.150952
9280.0	0.151327
9285.0	0.149545
9290.0	0.147892
9295.0	0.144266
9300.0	0.139718
9305.0	0.139188
9310.0	0.136696
9315.0	0.131684
9320.0	0.132901
9325.0	0.130578
9330.0	0.131990
9335.0	0.124868
9340.0	0.120347
9345.0	0.121008
9350.0	0.128194
9355.0	0.125310
9360.0	0.133107
9365.0	0.133146
9370.0	0.133656
9375.0	0.138244
9380.0	0.138345
9385.0	0.142978
9390.0	0.149342
9395.0	0.151265
9400.0	0.146931
9405.0	0.142753
9410.0	0.136347
9415.0	0.133856
9420.0	0.129190
9425.0	0.124257
9430.0	0.124013
9435.0	0.126629
9440.0	0.123487
9445.0	0.128221
9450.0	0.136588
9455.0	0.132509
9460.0	0.131067
9465.0	0.135667
9470.0	0.132081
9475.0	0.131949
9480.0	0.129505
9485.0	0.133673
9490.0	0.134725
9495.0	0.129329
9500.0	0.128296
9505.0	0.133663
9510.0	0.134387
9515.0	0.126200
9520.0	0.123549
9525.0	0.121631
9530.0	0.118332
9535.0	0.122159
9540.0	0.117010
9545.0	0.118020
9550.0	0.120844
9555.0	0.119386
9560.0	0.124569
9565.0	0.127350
9570.0	0.131608
9575.0	0.129825
9580.0	0.129078
9585.0	0.129917
9590.0	0.129750
9595.0	0.129869
9600.0	0.127250
9605.0	0.129395
9610.0	0.129883
9615.0	0.125889
9620.0	0.123793
9625.0	0.122097
9630.0	0.125510
9635.0	0.130678
9640.0	0.123938
9645.0	0.125219
9650.0	0.125116
9655.0	0.131156
9660.0	0.125904
9665.0	0.122762
9670.0	0.121883
9675.0	0.124377
9680.0	0.123500
9685.0	0.119707
9690.0	0.121075
9695.0	0.120747
9700.0	0.122421
9705.0	0.123420
9710.0	0.122223
9715.0	0.118083
9720.0	0.123849
9725.0	0.121528
9730.0	0.123192
9735.0	0.119076
9740.0	0.119751
9745.0	0.120820
9750.0	0.122050
9755.0	0.119777
9760.0	0.119942
9765.0	0.121226
9770.0	0.119395
9775.0	0.116264
9780.0	0.113748
9785.0	0.111839
9790.0	0.117743
9795.0	0.120455
9800.0	0.117256
9805.0	0.119882
9810.0	0.116877
9815.0	0.116169
9820.0	0.116745
9825.0	0.114142
9830.0	0.116852
9835.0	0.117466
9840.0	0.115863
9845.0	0.115726
9850.0	0.114678
9855.0	0.116396
9860.0	0.117107
9865.0	0.114929
9870.0	0.112779
9875.0	0.115458
9880.0	0.111722
9885.0	0.115487
9890.0	0.111379
9895.0	0.112776
9900.0	0.114079
9905.0	0.111718
9910.0	0.110904
9915.0	0.111130
9920.0	0.111044
9925.0	0.113412
9930.0	0.110320
9935.0	0.110220
9940.0	0.106491
9945.0	0.110058
9950.0	0.107771
9955.0	0.107095
9960.0	0.111378
9965.0	0.108505
9970.0	0.111322
9975.0	0.106010
9980.0	0.112711
9985.0	0.113279
9990.0	0.115336
9995.0	0.108018
10000.0	0.113873
10005.0	0.110378
10010.0	0.112801
10015.0	0.111755
10020.0	0.113268
10025.0	0.100607
10030.0	0.107089
10035.0	0.099649
10040.0	0.095828
10045.0	0.090112
10050.0	0.097663
10055.0	0.103776
10060.0	0.099869
10065.0	0.100252
10070.0	0.101291
10075.0	0.105513
10080.0	0.105647
10085.0	0.105553
10090.0	0.103703
10095.0	0.097551
10100.0	0.103978
10105.0	0.105324
10110.0	0.099488
10115.0	0.099061
10120.0	0.107413
10125.0	0.103952
10130.0	0.100140
10135.0	0.100131
10140.0	0.103740
10145.0	0.103952
10150.0	0.104004
10155.0	0.104131
10160.0	0.104566
10165.0	0.105457
10170.0	0.106610
10175.0	0.107743
10180.0	0.108575
10185.0	0.108877
10190.0	0.108631
10195.0	0.107872
10200.0	0.106633
10205.0	0.105010
10210.0	0.103327
10215.0	0.101969
10220.0	0.101323
10225.0	0.101594
10230.0	0.102275
10235.0	0.102681
10240.0	0.102127
10245.0	0.100199
10250.0	0.097565
10255.0	0.095168
10260.0	0.093947
10265.0	0.094533
10270.0	0.096322
10275.0	0.098395
10280.0	0.099839
10285.0	0.099980
10290.0	0.099124
10295.0	0.097822
10300.0	0.096622
10305.0	0.095970
10310.0	0.095893
10315.0	0.096315
10320.0	0.097159
10325.0	0.098295
10330.0	0.099385
10335.0	0.100035
10340.0	0.099852
10345.0	0.098624
10350.0	0.096854
10355.0	0.095223
10360.0	0.094414
10365.0	0.094868
10370.0	0.096062
10375.0	0.097232
10380.0	0.097614
10385.0	0.096688
10390.0	0.094912
10395.0	0.092988
10400.0	0.091618
10405.0	0.091301
10410.0	0.091727
10415.0	0.092381
10420.0	0.092750
10425.0	0.092472
10430.0	0.091802
10435.0	0.091147
10440.0	0.090916
10445.0	0.091421
10450.0	0.092599
10455.0	0.094293
10460.0	0.096345
10465.0	0.098526
10470.0	0.100322
10475.0	0.101147
10480.0	0.100414
10485.0	0.097819
10490.0	0.094181
10495.0	0.090602
10500.0	0.088182
10505.0	0.087694
10510.0	0.088581
10515.0	0.089959
10520.0	0.090943
10525.0	0.090910
10530.0	0.090288
10535.0	0.089768
10540.0	0.090039
10545.0	0.091525
10550.0	0.093574
10555.0	0.095270
10560.0	0.095694
10565.0	0.094250
10570.0	0.091632
10575.0	0.088859
10580.0	0.086945
10585.0	0.086626
10590.0	0.087510
10595.0	0.088924
10600.0	0.090193
10605.0	0.090792
10610.0	0.090777
10615.0	0.090353
10620.0	0.089724
