# VVDS template produced by T Contini
# from VVDS deep type 2 galaxies on autumn 2004
# templates have been cut between 2400 and 8000 A
# to avoid noisy parts
# it was also part of yaz custom_c template set
# with the name tspec2
# extended from 8000 to 10000 with Mannucci templates 
# lambda   flux
2400 0.000000
2401 0.000000
2402 0.012786
2403 0.012849
2404 0.012782
2405 0.012494
2406 0.012346
2407 0.012362
2408 0.012777
2409 0.013365
2410 0.013831
2411 0.014144
2412 0.014027
2413 0.014117
2414 0.014247
2415 0.014168
2416 0.013898
2417 0.013837
2418 0.013982
2419 0.013566
2420 0.013400
2421 0.013509
2422 0.013686
2423 0.013683
2424 0.013062
2425 0.012980
2426 0.012983
2427 0.012959
2428 0.012805
2429 0.012454
2430 0.012210
2431 0.012541
2432 0.012622
2433 0.012444
2434 0.012209
2435 0.012121
2436 0.012076
2437 0.012160
2438 0.012092
2439 0.012091
2440 0.012167
2441 0.012227
2442 0.012315
2443 0.012693
2444 0.012939
2445 0.013081
2446 0.013129
2447 0.013047
2448 0.012743
2449 0.012536
2450 0.012496
2451 0.012564
2452 0.012692
2453 0.012856
2454 0.013055
2455 0.013089
2456 0.013045
2457 0.013012
2458 0.013011
2459 0.013008
2460 0.012962
2461 0.013122
2462 0.013220
2463 0.013362
2464 0.013412
2465 0.013413
2466 0.013562
2467 0.013575
2468 0.013402
2469 0.013040
2470 0.012772
2471 0.012722
2472 0.012817
2473 0.012923
2474 0.012860
2475 0.012814
2476 0.012840
2477 0.012863
2478 0.012805
2479 0.012810
2480 0.013043
2481 0.013122
2482 0.012890
2483 0.012569
2484 0.012449
2485 0.012511
2486 0.012700
2487 0.012815
2488 0.012857
2489 0.012767
2490 0.012563
2491 0.012437
2492 0.012431
2493 0.012482
2494 0.012860
2495 0.013259
2496 0.013394
2497 0.013310
2498 0.013255
2499 0.013141
2500 0.012865
2501 0.012641
2502 0.012641
2503 0.012839
2504 0.012845
2505 0.012875
2506 0.012998
2507 0.013116
2508 0.013186
2509 0.013210
2510 0.013021
2511 0.012707
2512 0.012430
2513 0.012249
2514 0.012294
2515 0.012580
2516 0.012539
2517 0.012328
2518 0.012185
2519 0.012108
2520 0.012145
2521 0.012304
2522 0.012415
2523 0.012317
2524 0.012275
2525 0.012229
2526 0.012226
2527 0.012301
2528 0.012382
2529 0.012560
2530 0.012541
2531 0.012354
2532 0.012138
2533 0.012012
2534 0.011997
2535 0.012384
2536 0.012589
2537 0.012752
2538 0.012761
2539 0.012537
2540 0.012162
2541 0.011935
2542 0.011913
2543 0.011980
2544 0.012048
2545 0.012123
2546 0.012269
2547 0.012379
2548 0.012472
2549 0.012525
2550 0.012429
2551 0.012131
2552 0.011734
2553 0.011708
2554 0.011817
2555 0.011812
2556 0.012012
2557 0.012308
2558 0.012348
2559 0.011971
2560 0.012067
2561 0.012367
2562 0.012874
2563 0.013108
2564 0.012743
2565 0.012309
2566 0.012215
2567 0.011905
2568 0.011878
2569 0.011989
2570 0.012029
2571 0.012150
2572 0.012529
2573 0.012297
2574 0.012055
2575 0.011854
2576 0.011648
2577 0.011482
2578 0.011442
2579 0.011415
2580 0.011432
2581 0.011411
2582 0.011271
2583 0.011066
2584 0.011626
2585 0.011755
2586 0.011573
2587 0.011410
2588 0.011503
2589 0.011839
2590 0.011869
2591 0.011663
2592 0.011457
2593 0.011344
2594 0.011202
2595 0.010871
2596 0.010542
2597 0.010217
2598 0.010270
2599 0.010592
2600 0.010790
2601 0.010641
2602 0.010668
2603 0.010911
2604 0.011185
2605 0.011344
2606 0.011563
2607 0.011844
2608 0.011626
2609 0.011368
2610 0.011341
2611 0.011573
2612 0.011875
2613 0.012005
2614 0.011818
2615 0.011668
2616 0.011669
2617 0.011890
2618 0.012082
2619 0.012060
2620 0.011876
2621 0.011923
2622 0.011964
2623 0.012054
2624 0.012109
2625 0.012102
2626 0.012076
2627 0.011978
2628 0.012006
2629 0.012051
2630 0.012126
2631 0.012231
2632 0.012319
2633 0.012242
2634 0.012148
2635 0.012036
2636 0.011892
2637 0.011747
2638 0.011687
2639 0.011877
2640 0.011972
2641 0.012056
2642 0.012141
2643 0.012189
2644 0.012143
2645 0.011954
2646 0.011964
2647 0.011816
2648 0.011755
2649 0.011767
2650 0.011752
2651 0.011653
2652 0.011586
2653 0.011700
2654 0.011892
2655 0.012088
2656 0.012233
2657 0.012285
2658 0.012098
2659 0.011882
2660 0.011629
2661 0.011508
2662 0.011564
2663 0.011673
2664 0.011827
2665 0.011877
2666 0.012005
2667 0.012092
2668 0.012097
2669 0.012088
2670 0.012129
2671 0.012033
2672 0.011909
2673 0.011779
2674 0.011634
2675 0.011473
2676 0.011381
2677 0.011505
2678 0.011769
2679 0.011996
2680 0.012050
2681 0.011897
2682 0.011675
2683 0.011465
2684 0.011421
2685 0.011479
2686 0.011585
2687 0.011713
2688 0.011860
2689 0.011785
2690 0.011742
2691 0.011647
2692 0.011501
2693 0.011333
2694 0.011182
2695 0.011176
2696 0.011296
2697 0.011354
2698 0.011535
2699 0.011850
2700 0.012014
2701 0.011836
2702 0.011603
2703 0.011441
2704 0.011369
2705 0.011345
2706 0.011301
2707 0.011221
2708 0.011289
2709 0.011365
2710 0.011289
2711 0.011093
2712 0.010945
2713 0.010957
2714 0.011200
2715 0.011323
2716 0.011484
2717 0.011603
2718 0.011519
2719 0.011309
2720 0.011070
2721 0.010966
2722 0.010982
2723 0.011077
2724 0.011242
2725 0.011530
2726 0.011617
2727 0.011654
2728 0.011599
2729 0.011443
2730 0.011220
2731 0.011010
2732 0.010823
2733 0.010786
2734 0.010943
2735 0.011240
2736 0.011573
2737 0.011807
2738 0.011683
2739 0.011302
2740 0.010960
2741 0.010774
2742 0.010754
2743 0.010832
2744 0.011002
2745 0.011174
2746 0.011168
2747 0.011123
2748 0.011124
2749 0.011159
2750 0.011161
2751 0.011247
2752 0.011204
2753 0.011186
2754 0.011216
2755 0.011216
2756 0.011139
2757 0.011199
2758 0.011271
2759 0.011423
2760 0.011605
2761 0.011724
2762 0.011758
2763 0.011597
2764 0.011483
2765 0.011314
2766 0.011179
2767 0.011216
2768 0.011486
2769 0.011675
2770 0.011683
2771 0.011562
2772 0.011491
2773 0.011546
2774 0.011599
2775 0.011611
2776 0.011512
2777 0.011410
2778 0.011360
2779 0.011368
2780 0.011406
2781 0.011515
2782 0.011527
2783 0.011430
2784 0.011283
2785 0.011078
2786 0.010782
2787 0.010613
2788 0.010560
2789 0.010519
2790 0.010411
2791 0.010223
2792 0.009980
2793 0.009683
2794 0.009291
2795 0.009017
2796 0.008844
2797 0.008745
2798 0.008689
2799 0.008634
2800 0.008646
2801 0.008757
2802 0.008949
2803 0.009203
2804 0.009480
2805 0.009705
2806 0.010043
2807 0.010306
2808 0.010501
2809 0.010593
2810 0.010621
2811 0.010749
2812 0.010875
2813 0.010851
2814 0.010879
2815 0.010931
2816 0.010990
2817 0.011106
2818 0.011086
2819 0.011019
2820 0.010922
2821 0.010824
2822 0.010744
2823 0.010705
2824 0.010858
2825 0.010949
2826 0.010946
2827 0.010922
2828 0.010904
2829 0.010854
2830 0.010656
2831 0.010516
2832 0.010535
2833 0.010704
2834 0.010926
2835 0.011063
2836 0.010985
2837 0.010763
2838 0.010598
2839 0.010530
2840 0.010603
2841 0.010780
2842 0.010848
2843 0.010778
2844 0.010563
2845 0.010361
2846 0.010194
2847 0.010056
2848 0.009987
2849 0.010209
2850 0.010500
2851 0.010665
2852 0.010653
2853 0.010522
2854 0.010405
2855 0.010420
2856 0.010394
2857 0.010401
2858 0.010348
2859 0.010220
2860 0.010129
2861 0.010176
2862 0.010345
2863 0.010534
2864 0.010718
2865 0.010907
2866 0.011090
2867 0.011061
2868 0.010985
2869 0.010819
2870 0.010747
2871 0.010801
2872 0.010869
2873 0.010822
2874 0.010480
2875 0.010232
2876 0.010123
2877 0.010134
2878 0.010209
2879 0.010273
2880 0.010364
2881 0.010436
2882 0.010367
2883 0.010268
2884 0.010262
2885 0.010305
2886 0.010431
2887 0.010497
2888 0.010471
2889 0.010415
2890 0.010401
2891 0.010446
2892 0.010319
2893 0.010212
2894 0.010188
2895 0.010229
2896 0.010290
2897 0.010316
2898 0.010172
2899 0.010164
2900 0.010206
2901 0.010259
2902 0.010345
2903 0.010500
2904 0.010561
2905 0.010632
2906 0.010747
2907 0.010750
2908 0.010661
2909 0.010588
2910 0.010421
2911 0.010368
2912 0.010278
2913 0.010275
2914 0.010344
2915 0.010386
2916 0.010340
2917 0.010293
2918 0.010239
2919 0.010195
2920 0.010147
2921 0.010084
2922 0.010030
2923 0.010032
2924 0.010101
2925 0.010182
2926 0.010241
2927 0.010280
2928 0.010341
2929 0.010444
2930 0.010523
2931 0.010440
2932 0.010302
2933 0.010201
2934 0.010130
2935 0.010203
2936 0.010290
2937 0.010407
2938 0.010436
2939 0.010326
2940 0.010144
2941 0.009996
2942 0.009871
2943 0.009899
2944 0.010026
2945 0.010152
2946 0.010190
2947 0.010156
2948 0.010199
2949 0.010196
2950 0.010213
2951 0.010266
2952 0.010329
2953 0.010373
2954 0.010384
2955 0.010492
2956 0.010567
2957 0.010563
2958 0.010490
2959 0.010380
2960 0.010275
2961 0.010161
2962 0.010108
2963 0.010055
2964 0.009973
2965 0.009981
2966 0.009943
2967 0.010057
2968 0.010133
2969 0.010138
2970 0.010117
2971 0.010152
2972 0.010290
2973 0.010357
2974 0.010420
2975 0.010346
2976 0.010131
2977 0.009960
2978 0.009895
2979 0.009868
2980 0.009829
2981 0.009835
2982 0.009848
2983 0.009792
2984 0.009924
2985 0.009872
2986 0.009880
2987 0.009907
2988 0.009949
2989 0.010029
2990 0.010109
2991 0.010118
2992 0.010173
2993 0.010248
2994 0.010277
2995 0.010229
2996 0.010199
2997 0.010170
2998 0.010043
2999 0.009977
3000 0.010024
3001 0.010132
3002 0.010159
3003 0.010010
3004 0.010023
3005 0.009971
3006 0.009929
3007 0.009969
3008 0.009974
3009 0.009932
3010 0.010045
3011 0.010178
3012 0.010308
3013 0.010405
3014 0.010412
3015 0.010412
3016 0.010317
3017 0.010171
3018 0.010049
3019 0.009982
3020 0.009952
3021 0.010005
3022 0.010176
3023 0.010303
3024 0.010276
3025 0.010145
3026 0.010051
3027 0.009999
3028 0.010055
3029 0.010010
3030 0.009998
3031 0.010051
3032 0.010094
3033 0.010006
3034 0.010023
3035 0.010053
3036 0.010127
3037 0.010168
3038 0.010099
3039 0.009971
3040 0.010017
3041 0.010090
3042 0.010159
3043 0.010169
3044 0.010121
3045 0.010124
3046 0.010109
3047 0.009985
3048 0.009893
3049 0.009902
3050 0.010002
3051 0.010107
3052 0.010141
3053 0.010128
3054 0.010125
3055 0.010161
3056 0.010233
3057 0.010286
3058 0.010170
3059 0.009989
3060 0.009943
3061 0.009953
3062 0.009953
3063 0.009966
3064 0.010131
3065 0.010177
3066 0.010148
3067 0.010046
3068 0.009873
3069 0.009709
3070 0.009852
3071 0.009991
3072 0.010044
3073 0.010083
3074 0.010126
3075 0.010113
3076 0.009890
3077 0.009896
3078 0.009882
3079 0.009898
3080 0.009948
3081 0.010003
3082 0.010019
3083 0.009826
3084 0.009794
3085 0.009880
3086 0.010024
3087 0.010138
3088 0.010126
3089 0.010090
3090 0.009996
3091 0.009844
3092 0.009688
3093 0.009575
3094 0.009515
3095 0.009509
3096 0.009453
3097 0.009380
3098 0.009372
3099 0.009444
3100 0.009529
3101 0.009553
3102 0.009527
3103 0.009552
3104 0.009667
3105 0.009803
3106 0.009853
3107 0.009842
3108 0.009929
3109 0.010091
3110 0.010212
3111 0.010232
3112 0.010160
3113 0.010070
3114 0.009943
3115 0.009873
3116 0.009795
3117 0.009726
3118 0.009710
3119 0.009761
3120 0.009846
3121 0.009946
3122 0.010085
3123 0.010226
3124 0.010308
3125 0.010290
3126 0.010336
3127 0.010139
3128 0.010037
3129 0.010043
3130 0.010097
3131 0.010166
3132 0.010154
3133 0.010174
3134 0.010129
3135 0.010105
3136 0.010122
3137 0.010107
3138 0.010111
3139 0.010230
3140 0.010281
3141 0.010273
3142 0.010208
3143 0.010090
3144 0.010081
3145 0.010206
3146 0.010319
3147 0.010299
3148 0.010146
3149 0.009952
3150 0.009826
3151 0.009649
3152 0.009578
3153 0.009617
3154 0.009755
3155 0.009938
3156 0.010033
3157 0.010009
3158 0.009979
3159 0.010075
3160 0.010165
3161 0.010148
3162 0.010179
3163 0.010144
3164 0.010046
3165 0.010011
3166 0.010060
3167 0.010136
3168 0.010134
3169 0.009992
3170 0.009916
3171 0.009947
3172 0.010078
3173 0.010241
3174 0.010336
3175 0.010419
3176 0.010418
3177 0.010381
3178 0.010280
3179 0.010168
3180 0.010139
3181 0.010035
3182 0.010036
3183 0.009919
3184 0.009745
3185 0.009590
3186 0.009515
3187 0.009580
3188 0.009710
3189 0.009919
3190 0.010057
3191 0.010078
3192 0.010030
3193 0.010015
3194 0.009989
3195 0.010091
3196 0.010191
3197 0.010263
3198 0.010304
3199 0.010229
3200 0.010150
3201 0.010148
3202 0.010199
3203 0.010182
3204 0.010130
3205 0.010330
3206 0.010435
3207 0.010502
3208 0.010442
3209 0.010358
3210 0.010290
3211 0.010142
3212 0.010016
3213 0.010031
3214 0.009999
3215 0.009951
3216 0.009958
3217 0.010052
3218 0.010117
3219 0.010130
3220 0.010063
3221 0.010011
3222 0.010008
3223 0.010036
3224 0.010120
3225 0.010135
3226 0.010117
3227 0.010022
3228 0.009874
3229 0.009747
3230 0.009722
3231 0.009669
3232 0.009638
3233 0.009784
3234 0.009993
3235 0.010086
3236 0.010096
3237 0.010164
3238 0.010196
3239 0.010172
3240 0.010095
3241 0.009998
3242 0.009945
3243 0.009953
3244 0.010037
3245 0.010115
3246 0.010174
3247 0.010205
3248 0.010187
3249 0.010227
3250 0.010313
3251 0.010267
3252 0.010156
3253 0.010063
3254 0.010037
3255 0.010236
3256 0.010538
3257 0.010694
3258 0.010675
3259 0.010525
3260 0.010332
3261 0.010244
3262 0.010260
3263 0.010305
3264 0.010381
3265 0.010459
3266 0.010497
3267 0.010503
3268 0.010526
3269 0.010470
3270 0.010363
3271 0.010270
3272 0.010233
3273 0.010196
3274 0.010245
3275 0.010281
3276 0.010254
3277 0.010176
3278 0.010098
3279 0.010075
3280 0.010120
3281 0.010146
3282 0.010192
3283 0.010266
3284 0.010325
3285 0.010293
3286 0.010373
3287 0.010455
3288 0.010472
3289 0.010422
3290 0.010361
3291 0.010384
3292 0.010517
3293 0.010637
3294 0.010771
3295 0.010819
3296 0.010789
3297 0.010784
3298 0.010698
3299 0.010719
3300 0.010768
3301 0.010775
3302 0.010764
3303 0.010784
3304 0.010664
3305 0.010703
3306 0.010619
3307 0.010553
3308 0.010497
3309 0.010411
3310 0.010504
3311 0.010505
3312 0.010653
3313 0.010688
3314 0.010561
3315 0.010377
3316 0.010295
3317 0.010336
3318 0.010495
3319 0.010478
3320 0.010366
3321 0.010284
3322 0.010160
3323 0.010004
3324 0.010046
3325 0.010091
3326 0.010203
3327 0.010420
3328 0.010628
3329 0.010505
3330 0.010494
3331 0.010452
3332 0.010376
3333 0.010314
3334 0.010305
3335 0.010216
3336 0.010078
3337 0.009952
3338 0.009976
3339 0.010167
3340 0.010417
3341 0.010636
3342 0.010609
3343 0.010544
3344 0.010480
3345 0.010378
3346 0.010226
3347 0.010260
3348 0.010319
3349 0.010389
3350 0.010563
3351 0.010678
3352 0.010563
3353 0.010396
3354 0.010279
3355 0.010287
3356 0.010332
3357 0.010334
3358 0.010280
3359 0.010270
3360 0.010306
3361 0.010218
3362 0.010149
3363 0.010125
3364 0.010084
3365 0.009931
3366 0.009883
3367 0.009839
3368 0.009769
3369 0.009771
3370 0.009835
3371 0.009807
3372 0.009815
3373 0.009646
3374 0.009541
3375 0.009520
3376 0.009527
3377 0.009496
3378 0.009489
3379 0.009491
3380 0.009654
3381 0.009803
3382 0.009860
3383 0.009853
3384 0.009795
3385 0.009913
3386 0.009981
3387 0.010015
3388 0.009984
3389 0.009884
3390 0.009909
3391 0.009756
3392 0.009767
3393 0.009898
3394 0.010034
3395 0.010094
3396 0.010133
3397 0.010125
3398 0.010053
3399 0.010071
3400 0.010151
3401 0.010280
3402 0.010555
3403 0.010482
3404 0.010251
3405 0.010051
3406 0.009937
3407 0.009928
3408 0.010043
3409 0.010222
3410 0.010359
3411 0.010379
3412 0.010392
3413 0.010415
3414 0.010340
3415 0.010184
3416 0.010158
3417 0.010178
3418 0.010207
3419 0.010245
3420 0.010303
3421 0.010333
3422 0.010286
3423 0.010237
3424 0.010200
3425 0.010179
3426 0.010182
3427 0.010246
3428 0.010357
3429 0.010404
3430 0.010434
3431 0.010429
3432 0.010364
3433 0.010301
3434 0.010216
3435 0.010049
3436 0.009935
3437 0.009926
3438 0.010006
3439 0.010116
3440 0.010121
3441 0.010059
3442 0.010010
3443 0.009965
3444 0.009910
3445 0.009864
3446 0.009846
3447 0.009791
3448 0.009722
3449 0.009654
3450 0.009637
3451 0.009746
3452 0.009871
3453 0.009975
3454 0.009989
3455 0.009975
3456 0.009982
3457 0.010014
3458 0.010022
3459 0.010023
3460 0.010004
3461 0.010005
3462 0.010045
3463 0.010116
3464 0.010218
3465 0.010229
3466 0.010240
3467 0.010166
3468 0.010029
3469 0.009901
3470 0.009795
3471 0.009640
3472 0.009553
3473 0.009566
3474 0.009674
3475 0.009826
3476 0.009934
3477 0.009966
3478 0.010030
3479 0.010036
3480 0.010005
3481 0.010000
3482 0.010062
3483 0.010066
3484 0.009973
3485 0.009873
3486 0.009782
3487 0.009717
3488 0.009716
3489 0.009742
3490 0.009748
3491 0.009724
3492 0.009697
3493 0.009687
3494 0.009686
3495 0.009661
3496 0.009703
3497 0.009776
3498 0.009831
3499 0.009869
3500 0.009922
3501 0.009947
3502 0.010028
3503 0.010101
3504 0.010173
3505 0.010192
3506 0.010096
3507 0.009916
3508 0.009881
3509 0.009841
3510 0.009833
3511 0.009871
3512 0.009939
3513 0.010002
3514 0.009930
3515 0.009838
3516 0.009793
3517 0.009790
3518 0.009801
3519 0.009807
3520 0.009871
3521 0.009821
3522 0.009770
3523 0.009748
3524 0.009771
3525 0.009875
3526 0.010050
3527 0.010249
3528 0.010368
3529 0.010417
3530 0.010414
3531 0.010358
3532 0.010187
3533 0.010072
3534 0.010083
3535 0.010164
3536 0.010242
3537 0.010270
3538 0.010265
3539 0.010372
3540 0.010465
3541 0.010457
3542 0.010355
3543 0.010238
3544 0.010196
3545 0.010340
3546 0.010429
3547 0.010479
3548 0.010456
3549 0.010347
3550 0.010278
3551 0.010227
3552 0.010173
3553 0.010076
3554 0.009971
3555 0.009931
3556 0.010030
3557 0.009998
3558 0.009904
3559 0.009803
3560 0.009690
3561 0.009581
3562 0.009539
3563 0.009453
3564 0.009468
3565 0.009584
3566 0.009702
3567 0.009791
3568 0.009919
3569 0.009914
3570 0.009829
3571 0.009789
3572 0.009778
3573 0.009791
3574 0.009840
3575 0.009775
3576 0.009555
3577 0.009373
3578 0.009257
3579 0.009217
3580 0.009258
3581 0.009388
3582 0.009498
3583 0.009581
3584 0.009623
3585 0.009611
3586 0.009561
3587 0.009536
3588 0.009589
3589 0.009676
3590 0.009778
3591 0.009864
3592 0.009919
3593 0.009981
3594 0.009992
3595 0.009999
3596 0.010084
3597 0.010165
3598 0.010157
3599 0.010084
3600 0.010040
3601 0.009992
3602 0.010023
3603 0.010079
3604 0.010086
3605 0.010015
3606 0.009916
3607 0.009889
3608 0.009937
3609 0.010032
3610 0.010112
3611 0.010110
3612 0.010122
3613 0.010124
3614 0.010117
3615 0.010096
3616 0.010081
3617 0.010089
3618 0.010061
3619 0.010070
3620 0.010104
3621 0.010107
3622 0.010044
3623 0.009919
3624 0.009764
3625 0.009594
3626 0.009525
3627 0.009573
3628 0.009695
3629 0.009820
3630 0.009875
3631 0.009904
3632 0.009892
3633 0.009923
3634 0.009989
3635 0.010040
3636 0.010034
3637 0.009951
3638 0.009882
3639 0.009811
3640 0.009773
3641 0.009764
3642 0.009706
3643 0.009691
3644 0.009808
3645 0.009935
3646 0.010026
3647 0.010084
3648 0.010139
3649 0.010127
3650 0.010098
3651 0.010041
3652 0.009996
3653 0.009977
3654 0.009969
3655 0.009994
3656 0.009995
3657 0.010001
3658 0.010049
3659 0.010169
3660 0.010348
3661 0.010430
3662 0.010419
3663 0.010385
3664 0.010374
3665 0.010371
3666 0.010350
3667 0.010362
3668 0.010359
3669 0.010326
3670 0.010272
3671 0.010131
3672 0.009912
3673 0.009836
3674 0.010012
3675 0.010039
3676 0.010004
3677 0.009980
3678 0.009979
3679 0.009933
3680 0.009840
3681 0.009936
3682 0.010081
3683 0.010224
3684 0.010316
3685 0.010291
3686 0.010187
3687 0.010133
3688 0.010139
3689 0.010137
3690 0.010126
3691 0.010180
3692 0.010279
3693 0.010309
3694 0.010285
3695 0.010244
3696 0.010214
3697 0.010211
3698 0.010277
3699 0.010320
3700 0.010277
3701 0.010205
3702 0.010130
3703 0.010058
3704 0.010050
3705 0.010086
3706 0.010146
3707 0.010266
3708 0.010411
3709 0.010517
3710 0.010544
3711 0.010700
3712 0.010835
3713 0.011006
3714 0.011228
3715 0.011515
3716 0.011901
3717 0.012488
3718 0.013135
3719 0.013803
3720 0.014338
3721 0.014731
3722 0.015207
3723 0.015631
3724 0.016050
3725 0.016317
3726 0.016375
3727 0.016316
3728 0.016318
3729 0.016220
3730 0.015939
3731 0.015604
3732 0.015373
3733 0.015086
3734 0.014423
3735 0.013760
3736 0.013056
3737 0.012411
3738 0.011908
3739 0.011543
3740 0.011250
3741 0.010989
3742 0.010772
3743 0.010613
3744 0.010453
3745 0.010326
3746 0.010281
3747 0.010271
3748 0.010434
3749 0.010516
3750 0.010543
3751 0.010568
3752 0.010644
3753 0.010796
3754 0.011021
3755 0.011134
3756 0.011143
3757 0.011068
3758 0.010950
3759 0.010847
3760 0.010821
3761 0.010816
3762 0.010791
3763 0.010771
3764 0.010785
3765 0.010825
3766 0.010871
3767 0.010966
3768 0.011035
3769 0.011098
3770 0.011172
3771 0.011258
3772 0.011363
3773 0.011507
3774 0.011636
3775 0.011728
3776 0.011792
3777 0.011853
3778 0.011953
3779 0.012101
3780 0.012247
3781 0.012279
3782 0.012251
3783 0.012273
3784 0.012265
3785 0.012222
3786 0.012195
3787 0.012105
3788 0.011999
3789 0.011923
3790 0.011772
3791 0.011594
3792 0.011415
3793 0.011230
3794 0.011019
3795 0.010831
3796 0.010819
3797 0.010881
3798 0.011037
3799 0.011256
3800 0.011468
3801 0.011656
3802 0.011870
3803 0.012030
3804 0.012145
3805 0.012275
3806 0.012384
3807 0.012453
3808 0.012508
3809 0.012539
3810 0.012633
3811 0.012669
3812 0.012652
3813 0.012628
3814 0.012612
3815 0.012406
3816 0.012275
3817 0.012239
3818 0.012222
3819 0.012154
3820 0.012010
3821 0.011831
3822 0.011724
3823 0.011639
3824 0.011603
3825 0.011583
3826 0.011528
3827 0.011430
3828 0.011240
3829 0.011062
3830 0.010901
3831 0.010762
3832 0.010643
3833 0.010544
3834 0.010488
3835 0.010484
3836 0.010527
3837 0.010597
3838 0.010694
3839 0.010858
3840 0.010962
3841 0.011173
3842 0.011366
3843 0.011546
3844 0.011739
3845 0.011940
3846 0.012063
3847 0.012253
3848 0.012467
3849 0.012684
3850 0.012881
3851 0.013023
3852 0.013055
3853 0.013079
3854 0.013139
3855 0.013210
3856 0.013268
3857 0.013317
3858 0.013392
3859 0.013515
3860 0.013629
3861 0.013658
3862 0.013677
3863 0.013755
3864 0.013670
3865 0.013628
3866 0.013602
3867 0.013629
3868 0.013641
3869 0.013574
3870 0.013504
3871 0.013392
3872 0.013252
3873 0.013153
3874 0.013069
3875 0.012972
3876 0.012893
3877 0.012799
3878 0.012651
3879 0.012463
3880 0.012282
3881 0.012133
3882 0.011999
3883 0.011871
3884 0.011728
3885 0.011610
3886 0.011568
3887 0.011581
3888 0.011580
3889 0.011700
3890 0.011836
3891 0.011982
3892 0.012121
3893 0.012227
3894 0.012271
3895 0.012245
3896 0.012296
3897 0.012489
3898 0.012730
3899 0.012985
3900 0.013248
3901 0.013415
3902 0.013503
3903 0.013549
3904 0.013549
3905 0.013548
3906 0.013598
3907 0.013704
3908 0.013935
3909 0.014116
3910 0.014270
3911 0.014339
3912 0.014288
3913 0.014205
3914 0.014186
3915 0.014213
3916 0.014156
3917 0.014047
3918 0.013943
3919 0.013851
3920 0.013791
3921 0.013665
3922 0.013529
3923 0.013338
3924 0.013092
3925 0.012875
3926 0.012717
3927 0.012539
3928 0.012323
3929 0.012070
3930 0.011810
3931 0.011583
3932 0.011389
3933 0.011285
3934 0.011267
3935 0.011304
3936 0.011375
3937 0.011476
3938 0.011650
3939 0.011945
3940 0.012185
3941 0.012453
3942 0.012744
3943 0.013011
3944 0.013276
3945 0.013476
3946 0.013630
3947 0.013725
3948 0.013790
3949 0.013815
3950 0.013673
3951 0.013524
3952 0.013365
3953 0.013265
3954 0.013219
3955 0.013184
3956 0.013099
3957 0.012968
3958 0.012773
3959 0.012535
3960 0.012275
3961 0.012017
3962 0.011777
3963 0.011430
3964 0.011122
3965 0.010908
3966 0.010751
3967 0.010654
3968 0.010657
3969 0.010657
3970 0.010698
3971 0.010738
3972 0.010843
3973 0.011048
3974 0.011339
3975 0.011684
3976 0.012095
3977 0.012477
3978 0.012760
3979 0.012953
3980 0.013134
3981 0.013423
3982 0.013682
3983 0.013927
3984 0.014147
3985 0.014334
3986 0.014488
3987 0.014610
3988 0.014651
3989 0.014827
3990 0.014991
3991 0.015132
3992 0.015257
3993 0.015309
3994 0.015353
3995 0.015409
3996 0.015447
3997 0.015474
3998 0.015501
3999 0.015524
4000 0.015519
4001 0.015434
4002 0.015445
4003 0.015484
4004 0.015533
4005 0.015665
4006 0.015739
4007 0.015790
4008 0.015825
4009 0.015858
4010 0.015877
4011 0.015871
4012 0.015957
4013 0.016011
4014 0.016029
4015 0.016033
4016 0.016036
4017 0.016047
4018 0.016072
4019 0.016023
4020 0.015947
4021 0.015926
4022 0.015955
4023 0.015975
4024 0.015914
4025 0.015836
4026 0.015784
4027 0.015703
4028 0.015653
4029 0.015714
4030 0.015870
4031 0.015938
4032 0.015898
4033 0.015839
4034 0.015810
4035 0.015812
4036 0.015799
4037 0.015845
4038 0.015894
4039 0.015936
4040 0.015910
4041 0.015857
4042 0.015921
4043 0.015955
4044 0.015975
4045 0.016065
4046 0.016176
4047 0.016256
4048 0.016278
4049 0.016225
4050 0.016078
4051 0.015935
4052 0.015839
4053 0.015792
4054 0.015756
4055 0.015674
4056 0.015634
4057 0.015609
4058 0.015641
4059 0.015656
4060 0.015584
4061 0.015605
4062 0.015612
4063 0.015595
4064 0.015568
4065 0.015513
4066 0.015438
4067 0.015433
4068 0.015373
4069 0.015364
4070 0.015398
4071 0.015420
4072 0.015387
4073 0.015318
4074 0.015318
4075 0.015454
4076 0.015533
4077 0.015543
4078 0.015503
4079 0.015404
4080 0.015364
4081 0.015362
4082 0.015321
4083 0.015294
4084 0.015280
4085 0.015193
4086 0.015096
4087 0.015020
4088 0.014950
4089 0.014845
4090 0.014723
4091 0.014625
4092 0.014480
4093 0.014385
4094 0.014322
4095 0.014273
4096 0.014201
4097 0.014081
4098 0.013950
4099 0.013933
4100 0.013897
4101 0.013892
4102 0.013882
4103 0.013830
4104 0.013838
4105 0.013810
4106 0.013832
4107 0.013863
4108 0.013930
4109 0.014063
4110 0.014245
4111 0.014358
4112 0.014437
4113 0.014503
4114 0.014581
4115 0.014687
4116 0.014832
4117 0.014986
4118 0.015072
4119 0.015178
4120 0.015264
4121 0.015320
4122 0.015402
4123 0.015430
4124 0.015492
4125 0.015525
4126 0.015479
4127 0.015394
4128 0.015374
4129 0.015380
4130 0.015425
4131 0.015474
4132 0.015541
4133 0.015621
4134 0.015695
4135 0.015759
4136 0.015724
4137 0.015748
4138 0.015794
4139 0.015848
4140 0.015898
4141 0.015876
4142 0.015809
4143 0.015751
4144 0.015688
4145 0.015627
4146 0.015600
4147 0.015645
4148 0.015597
4149 0.015523
4150 0.015482
4151 0.015449
4152 0.015414
4153 0.015445
4154 0.015481
4155 0.015478
4156 0.015434
4157 0.015396
4158 0.015405
4159 0.015466
4160 0.015518
4161 0.015610
4162 0.015646
4163 0.015656
4164 0.015657
4165 0.015626
4166 0.015586
4167 0.015555
4168 0.015464
4169 0.015368
4170 0.015309
4171 0.015295
4172 0.015305
4173 0.015356
4174 0.015396
4175 0.015393
4176 0.015395
4177 0.015444
4178 0.015423
4179 0.015393
4180 0.015338
4181 0.015310
4182 0.015328
4183 0.015383
4184 0.015449
4185 0.015437
4186 0.015446
4187 0.015459
4188 0.015487
4189 0.015534
4190 0.015555
4191 0.015567
4192 0.015561
4193 0.015554
4194 0.015572
4195 0.015580
4196 0.015477
4197 0.015398
4198 0.015307
4199 0.015278
4200 0.015293
4201 0.015316
4202 0.015332
4203 0.015407
4204 0.015411
4205 0.015404
4206 0.015377
4207 0.015368
4208 0.015443
4209 0.015521
4210 0.015539
4211 0.015589
4212 0.015597
4213 0.015543
4214 0.015468
4215 0.015412
4216 0.015393
4217 0.015426
4218 0.015446
4219 0.015443
4220 0.015426
4221 0.015360
4222 0.015288
4223 0.015233
4224 0.015214
4225 0.015215
4226 0.015210
4227 0.015183
4228 0.015147
4229 0.015119
4230 0.015092
4231 0.015077
4232 0.015073
4233 0.015064
4234 0.015097
4235 0.015139
4236 0.015202
4237 0.015253
4238 0.015271
4239 0.015266
4240 0.015276
4241 0.015382
4242 0.015459
4243 0.015496
4244 0.015519
4245 0.015558
4246 0.015567
4247 0.015537
4248 0.015501
4249 0.015339
4250 0.015143
4251 0.015099
4252 0.015001
4253 0.014924
4254 0.014908
4255 0.014909
4256 0.014912
4257 0.014928
4258 0.014962
4259 0.015001
4260 0.015037
4261 0.015069
4262 0.015103
4263 0.015114
4264 0.015015
4265 0.014951
4266 0.014951
4267 0.015039
4268 0.015098
4269 0.015044
4270 0.014962
4271 0.014956
4272 0.014939
4273 0.014923
4274 0.014919
4275 0.014925
4276 0.014908
4277 0.014870
4278 0.014767
4279 0.014732
4280 0.014729
4281 0.014710
4282 0.014677
4283 0.014719
4284 0.014723
4285 0.014698
4286 0.014688
4287 0.014644
4288 0.014487
4289 0.014457
4290 0.014371
4291 0.014354
4292 0.014266
4293 0.014120
4294 0.014019
4295 0.013899
4296 0.013793
4297 0.013722
4298 0.013663
4299 0.013599
4300 0.013505
4301 0.013319
4302 0.013348
4303 0.013356
4304 0.013386
4305 0.013410
4306 0.013404
4307 0.013437
4308 0.013531
4309 0.013647
4310 0.013775
4311 0.013907
4312 0.014029
4313 0.014118
4314 0.014242
4315 0.014281
4316 0.014298
4317 0.014290
4318 0.014263
4319 0.014262
4320 0.014292
4321 0.014340
4322 0.014470
4323 0.014577
4324 0.014601
4325 0.014561
4326 0.014465
4327 0.014378
4328 0.014303
4329 0.014267
4330 0.014263
4331 0.014261
4332 0.014264
4333 0.014262
4334 0.014239
4335 0.014213
4336 0.014186
4337 0.014158
4338 0.014131
4339 0.014105
4340 0.014079
4341 0.014058
4342 0.014066
4343 0.014109
4344 0.014137
4345 0.014095
4346 0.014087
4347 0.014081
4348 0.014090
4349 0.014134
4350 0.014215
4351 0.014267
4352 0.014379
4353 0.014505
4354 0.014658
4355 0.014812
4356 0.014889
4357 0.014932
4358 0.014985
4359 0.015035
4360 0.015088
4361 0.015136
4362 0.015162
4363 0.015187
4364 0.015183
4365 0.015176
4366 0.015159
4367 0.015162
4368 0.015227
4369 0.015295
4370 0.015403
4371 0.015445
4372 0.015455
4373 0.015446
4374 0.015406
4375 0.015303
4376 0.015226
4377 0.015145
4378 0.015073
4379 0.015008
4380 0.014957
4381 0.014958
4382 0.014876
4383 0.014822
4384 0.014799
4385 0.014789
4386 0.014786
4387 0.014829
4388 0.014801
4389 0.014794
4390 0.014796
4391 0.014810
4392 0.014854
4393 0.014953
4394 0.015038
4395 0.015009
4396 0.015028
4397 0.015087
4398 0.015160
4399 0.015250
4400 0.015352
4401 0.015466
4402 0.015496
4403 0.015498
4404 0.015485
4405 0.015422
4406 0.015375
4407 0.015377
4408 0.015364
4409 0.015361
4410 0.015367
4411 0.015365
4412 0.015359
4413 0.015342
4414 0.015338
4415 0.015345
4416 0.015351
4417 0.015341
4418 0.015300
4419 0.015272
4420 0.015273
4421 0.015282
4422 0.015297
4423 0.015319
4424 0.015347
4425 0.015357
4426 0.015386
4427 0.015411
4428 0.015415
4429 0.015406
4430 0.015421
4431 0.015422
4432 0.015424
4433 0.015440
4434 0.015433
4435 0.015410
4436 0.015445
4437 0.015479
4438 0.015493
4439 0.015494
4440 0.015487
4441 0.015480
4442 0.015478
4443 0.015481
4444 0.015474
4445 0.015482
4446 0.015480
4447 0.015461
4448 0.015441
4449 0.015427
4450 0.015420
4451 0.015378
4452 0.015341
4453 0.015330
4454 0.015337
4455 0.015313
4456 0.015303
4457 0.015313
4458 0.015338
4459 0.015352
4460 0.015343
4461 0.015351
4462 0.015354
4463 0.015377
4464 0.015404
4465 0.015429
4466 0.015460
4467 0.015515
4468 0.015542
4469 0.015589
4470 0.015655
4471 0.015730
4472 0.015802
4473 0.015862
4474 0.015881
4475 0.015833
4476 0.015831
4477 0.015869
4478 0.015908
4479 0.015919
4480 0.015903
4481 0.015896
4482 0.015887
4483 0.015873
4484 0.015854
4485 0.015837
4486 0.015822
4487 0.015834
4488 0.015840
4489 0.015859
4490 0.015918
4491 0.016011
4492 0.016037
4493 0.016005
4494 0.016015
4495 0.016017
4496 0.016014
4497 0.016037
4498 0.016093
4499 0.016120
4500 0.016173
4501 0.016238
4502 0.016315
4503 0.016386
4504 0.016391
4505 0.016421
4506 0.016511
4507 0.016535
4508 0.016496
4509 0.016433
4510 0.016368
4511 0.016305
4512 0.016256
4513 0.016224
4514 0.016175
4515 0.016103
4516 0.016048
4517 0.016049
4518 0.016053
4519 0.016012
4520 0.015946
4521 0.015880
4522 0.015830
4523 0.015848
4524 0.015854
4525 0.015842
4526 0.015813
4527 0.015749
4528 0.015643
4529 0.015559
4530 0.015496
4531 0.015473
4532 0.015481
4533 0.015507
4534 0.015538
4535 0.015564
4536 0.015595
4537 0.015617
4538 0.015646
4539 0.015691
4540 0.015747
4541 0.015787
4542 0.015783
4543 0.015742
4544 0.015722
4545 0.015724
4546 0.015731
4547 0.015727
4548 0.015740
4549 0.015756
4550 0.015763
4551 0.015761
4552 0.015761
4553 0.015768
4554 0.015784
4555 0.015836
4556 0.015919
4557 0.015990
4558 0.016038
4559 0.016091
4560 0.016092
4561 0.016062
4562 0.016023
4563 0.015999
4564 0.016002
4565 0.016027
4566 0.016022
4567 0.016043
4568 0.016073
4569 0.016077
4570 0.016074
4571 0.016097
4572 0.016099
4573 0.016098
4574 0.016096
4575 0.016062
4576 0.016016
4577 0.015980
4578 0.015917
4579 0.015905
4580 0.015922
4581 0.015887
4582 0.015843
4583 0.015831
4584 0.015759
4585 0.015740
4586 0.015734
4587 0.015778
4588 0.015830
4589 0.015867
4590 0.015923
4591 0.015925
4592 0.015911
4593 0.015829
4594 0.015773
4595 0.015790
4596 0.015824
4597 0.015867
4598 0.015917
4599 0.015972
4600 0.016039
4601 0.016092
4602 0.016090
4603 0.016039
4604 0.015992
4605 0.016008
4606 0.016045
4607 0.016087
4608 0.016145
4609 0.016200
4610 0.016260
4611 0.016277
4612 0.016294
4613 0.016308
4614 0.016297
4615 0.016271
4616 0.016275
4617 0.016309
4618 0.016344
4619 0.016363
4620 0.016355
4621 0.016311
4622 0.016316
4623 0.016291
4624 0.016286
4625 0.016302
4626 0.016314
4627 0.016300
4628 0.016283
4629 0.016254
4630 0.016249
4631 0.016253
4632 0.016240
4633 0.016198
4634 0.016188
4635 0.016167
4636 0.016151
4637 0.016146
4638 0.016125
4639 0.016045
4640 0.016014
4641 0.016012
4642 0.015987
4643 0.015937
4644 0.015889
4645 0.015870
4646 0.015842
4647 0.015855
4648 0.015893
4649 0.015936
4650 0.015968
4651 0.015983
4652 0.015971
4653 0.015920
4654 0.015893
4655 0.015949
4656 0.015988
4657 0.015932
4658 0.015952
4659 0.015932
4660 0.015952
4661 0.015935
4662 0.015908
4663 0.015909
4664 0.015906
4665 0.015951
4666 0.015906
4667 0.015850
4668 0.015797
4669 0.015752
4670 0.015746
4671 0.015747
4672 0.015749
4673 0.015740
4674 0.015727
4675 0.015734
4676 0.015786
4677 0.015797
4678 0.015815
4679 0.015899
4680 0.016005
4681 0.016069
4682 0.016051
4683 0.016030
4684 0.015976
4685 0.015954
4686 0.015939
4687 0.015931
4688 0.015948
4689 0.015986
4690 0.015951
4691 0.015905
4692 0.015859
4693 0.015829
4694 0.015811
4695 0.015740
4696 0.015739
4697 0.015758
4698 0.015789
4699 0.015843
4700 0.015919
4701 0.015972
4702 0.015964
4703 0.015928
4704 0.015876
4705 0.015815
4706 0.015752
4707 0.015696
4708 0.015691
4709 0.015706
4710 0.015748
4711 0.015787
4712 0.015823
4713 0.015894
4714 0.015950
4715 0.016013
4716 0.016002
4717 0.015960
4718 0.015912
4719 0.015849
4720 0.015842
4721 0.015882
4722 0.015883
4723 0.015894
4724 0.015919
4725 0.015921
4726 0.015937
4727 0.015952
4728 0.015948
4729 0.015935
4730 0.015941
4731 0.015983
4732 0.016021
4733 0.015970
4734 0.015971
4735 0.015949
4736 0.015910
4737 0.015900
4738 0.015921
4739 0.015979
4740 0.016027
4741 0.016068
4742 0.016092
4743 0.016095
4744 0.016099
4745 0.016114
4746 0.016154
4747 0.016194
4748 0.016227
4749 0.016243
4750 0.016222
4751 0.016163
4752 0.016071
4753 0.015977
4754 0.015910
4755 0.015873
4756 0.015850
4757 0.015873
4758 0.015860
4759 0.015860
4760 0.015865
4761 0.015859
4762 0.015829
4763 0.015755
4764 0.015764
4765 0.015780
4766 0.015809
4767 0.015850
4768 0.015882
4769 0.015860
4770 0.015833
4771 0.015820
4772 0.015815
4773 0.015830
4774 0.015874
4775 0.015926
4776 0.015978
4777 0.015980
4778 0.015964
4779 0.015934
4780 0.015888
4781 0.015862
4782 0.015866
4783 0.015892
4784 0.015922
4785 0.015931
4786 0.015907
4787 0.015863
4788 0.015836
4789 0.015807
4790 0.015826
4791 0.015853
4792 0.015851
4793 0.015828
4794 0.015803
4795 0.015784
4796 0.015768
4797 0.015740
4798 0.015710
4799 0.015708
4800 0.015723
4801 0.015761
4802 0.015778
4803 0.015798
4804 0.015821
4805 0.015827
4806 0.015809
4807 0.015824
4808 0.015782
4809 0.015703
4810 0.015651
4811 0.015673
4812 0.015705
4813 0.015699
4814 0.015710
4815 0.015717
4816 0.015715
4817 0.015704
4818 0.015672
4819 0.015677
4820 0.015641
4821 0.015599
4822 0.015561
4823 0.015523
4824 0.015475
4825 0.015442
4826 0.015428
4827 0.015422
4828 0.015416
4829 0.015409
4830 0.015405
4831 0.015472
4832 0.015531
4833 0.015568
4834 0.015571
4835 0.015538
4836 0.015474
4837 0.015359
4838 0.015271
4839 0.015173
4840 0.015099
4841 0.015061
4842 0.015036
4843 0.014978
4844 0.014968
4845 0.014965
4846 0.014980
4847 0.015008
4848 0.015037
4849 0.015075
4850 0.015132
4851 0.015196
4852 0.015260
4853 0.015331
4854 0.015419
4855 0.015507
4856 0.015618
4857 0.015715
4858 0.015797
4859 0.015881
4860 0.015972
4861 0.016022
4862 0.016020
4863 0.015962
4864 0.015891
4865 0.015795
4866 0.015668
4867 0.015536
4868 0.015393
4869 0.015258
4870 0.015122
4871 0.015010
4872 0.014927
4873 0.014846
4874 0.014783
4875 0.014743
4876 0.014726
4877 0.014723
4878 0.014733
4879 0.014757
4880 0.014761
4881 0.014752
4882 0.014742
4883 0.014731
4884 0.014728
4885 0.014756
4886 0.014840
4887 0.014919
4888 0.014998
4889 0.015042
4890 0.015060
4891 0.015071
4892 0.015033
4893 0.015036
4894 0.015101
4895 0.015140
4896 0.015152
4897 0.015179
4898 0.015232
4899 0.015274
4900 0.015276
4901 0.015279
4902 0.015295
4903 0.015312
4904 0.015299
4905 0.015258
4906 0.015179
4907 0.015136
4908 0.015130
4909 0.015146
4910 0.015174
4911 0.015215
4912 0.015247
4913 0.015258
4914 0.015245
4915 0.015221
4916 0.015211
4917 0.015178
4918 0.015158
4919 0.015160
4920 0.015173
4921 0.015202
4922 0.015253
4923 0.015255
4924 0.015218
4925 0.015188
4926 0.015154
4927 0.015116
4928 0.015090
4929 0.015100
4930 0.015143
4931 0.015149
4932 0.015152
4933 0.015156
4934 0.015155
4935 0.015182
4936 0.015232
4937 0.015293
4938 0.015370
4939 0.015442
4940 0.015496
4941 0.015557
4942 0.015573
4943 0.015628
4944 0.015663
4945 0.015696
4946 0.015752
4947 0.015827
4948 0.015895
4949 0.015997
4950 0.016068
4951 0.016149
4952 0.016255
4953 0.016338
4954 0.016390
4955 0.016363
4956 0.016314
4957 0.016261
4958 0.016196
4959 0.016110
4960 0.016062
4961 0.016030
4962 0.016009
4963 0.015994
4964 0.015953
4965 0.015864
4966 0.015800
4967 0.015716
4968 0.015621
4969 0.015538
4970 0.015472
4971 0.015412
4972 0.015340
4973 0.015287
4974 0.015231
4975 0.015212
4976 0.015220
4977 0.015222
4978 0.015199
4979 0.015171
4980 0.015138
4981 0.015101
4982 0.015081
4983 0.015104
4984 0.015169
4985 0.015197
4986 0.015205
4987 0.015202
4988 0.015207
4989 0.015230
4990 0.015263
4991 0.015356
4992 0.015436
4993 0.015510
4994 0.015580
4995 0.015661
4996 0.015780
4997 0.015928
4998 0.016064
4999 0.016205
5000 0.016357
5001 0.016485
5002 0.016542
5003 0.016562
5004 0.016553
5005 0.016466
5006 0.016386
5007 0.016345
5008 0.016326
5009 0.016327
5010 0.016259
5011 0.016214
5012 0.016145
5013 0.016033
5014 0.015883
5015 0.015704
5016 0.015600
5017 0.015439
5018 0.015336
5019 0.015252
5020 0.015141
5021 0.015062
5022 0.014996
5023 0.014968
5024 0.014978
5025 0.015004
5026 0.015029
5027 0.015054
5028 0.015055
5029 0.015044
5030 0.014994
5031 0.014923
5032 0.014857
5033 0.014815
5034 0.014774
5035 0.014735
5036 0.014718
5037 0.014709
5038 0.014713
5039 0.014747
5040 0.014740
5041 0.014754
5042 0.014776
5043 0.014808
5044 0.014849
5045 0.014896
5046 0.014950
5047 0.014973
5048 0.014931
5049 0.014894
5050 0.014898
5051 0.014937
5052 0.014972
5053 0.015028
5054 0.015055
5055 0.015119
5056 0.015173
5057 0.015168
5058 0.015168
5059 0.015150
5060 0.015152
5061 0.015141
5062 0.015127
5063 0.015126
5064 0.015137
5065 0.015126
5066 0.015103
5067 0.015080
5068 0.015052
5069 0.015021
5070 0.015005
5071 0.014998
5072 0.014945
5073 0.014900
5074 0.014870
5075 0.014869
5076 0.014909
5077 0.014897
5078 0.014879
5079 0.014869
5080 0.014861
5081 0.014857
5082 0.014857
5083 0.014844
5084 0.014888
5085 0.014899
5086 0.014891
5087 0.014882
5088 0.014873
5089 0.014831
5090 0.014850
5091 0.014872
5092 0.014906
5093 0.014949
5094 0.014988
5095 0.015011
5096 0.015017
5097 0.014978
5098 0.014959
5099 0.014940
5100 0.014905
5101 0.014898
5102 0.014905
5103 0.014908
5104 0.014893
5105 0.014883
5106 0.014893
5107 0.014901
5108 0.014872
5109 0.014837
5110 0.014822
5111 0.014817
5112 0.014823
5113 0.014854
5114 0.014879
5115 0.014905
5116 0.014909
5117 0.014903
5118 0.014893
5119 0.014881
5120 0.014863
5121 0.014847
5122 0.014812
5123 0.014769
5124 0.014728
5125 0.014692
5126 0.014657
5127 0.014662
5128 0.014696
5129 0.014732
5130 0.014755
5131 0.014764
5132 0.014777
5133 0.014787
5134 0.014796
5135 0.014795
5136 0.014773
5137 0.014720
5138 0.014633
5139 0.014618
5140 0.014577
5141 0.014547
5142 0.014532
5143 0.014525
5144 0.014516
5145 0.014502
5146 0.014473
5147 0.014459
5148 0.014483
5149 0.014524
5150 0.014527
5151 0.014526
5152 0.014522
5153 0.014526
5154 0.014520
5155 0.014501
5156 0.014481
5157 0.014445
5158 0.014391
5159 0.014339
5160 0.014293
5161 0.014247
5162 0.014194
5163 0.014136
5164 0.014063
5165 0.013981
5166 0.013906
5167 0.013832
5168 0.013747
5169 0.013671
5170 0.013618
5171 0.013580
5172 0.013556
5173 0.013551
5174 0.013562
5175 0.013572
5176 0.013604
5177 0.013646
5178 0.013698
5179 0.013765
5180 0.013845
5181 0.013932
5182 0.014002
5183 0.014039
5184 0.014065
5185 0.014088
5186 0.014114
5187 0.014150
5188 0.014214
5189 0.014258
5190 0.014277
5191 0.014297
5192 0.014319
5193 0.014322
5194 0.014376
5195 0.014341
5196 0.014350
5197 0.014381
5198 0.014408
5199 0.014426
5200 0.014478
5201 0.014562
5202 0.014602
5203 0.014613
5204 0.014609
5205 0.014588
5206 0.014531
5207 0.014488
5208 0.014445
5209 0.014410
5210 0.014391
5211 0.014398
5212 0.014432
5213 0.014471
5214 0.014501
5215 0.014545
5216 0.014592
5217 0.014626
5218 0.014657
5219 0.014666
5220 0.014654
5221 0.014652
5222 0.014657
5223 0.014663
5224 0.014670
5225 0.014674
5226 0.014629
5227 0.014575
5228 0.014552
5229 0.014541
5230 0.014476
5231 0.014481
5232 0.014481
5233 0.014482
5234 0.014485
5235 0.014495
5236 0.014512
5237 0.014511
5238 0.014504
5239 0.014489
5240 0.014510
5241 0.014570
5242 0.014639
5243 0.014694
5244 0.014707
5245 0.014724
5246 0.014729
5247 0.014727
5248 0.014734
5249 0.014746
5250 0.014775
5251 0.014796
5252 0.014815
5253 0.014831
5254 0.014837
5255 0.014826
5256 0.014764
5257 0.014691
5258 0.014627
5259 0.014574
5260 0.014532
5261 0.014501
5262 0.014484
5263 0.014463
5264 0.014436
5265 0.014397
5266 0.014350
5267 0.014316
5268 0.014287
5269 0.014285
5270 0.014292
5271 0.014303
5272 0.014311
5273 0.014310
5274 0.014364
5275 0.014462
5276 0.014545
5277 0.014616
5278 0.014676
5279 0.014721
5280 0.014744
5281 0.014744
5282 0.014752
5283 0.014775
5284 0.014802
5285 0.014830
5286 0.014908
5287 0.014934
5288 0.014971
5289 0.015002
5290 0.015012
5291 0.015006
5292 0.015028
5293 0.015009
5294 0.015023
5295 0.015075
5296 0.015144
5297 0.015211
5298 0.015278
5299 0.015221
5300 0.015302
5301 0.015336
5302 0.015318
5303 0.015290
5304 0.015278
5305 0.015273
5306 0.015294
5307 0.015330
5308 0.015354
5309 0.015350
5310 0.015326
5311 0.015312
5312 0.015307
5313 0.015308
5314 0.015308
5315 0.015308
5316 0.015314
5317 0.015299
5318 0.015282
5319 0.015273
5320 0.015250
5321 0.015216
5322 0.015192
5323 0.015195
5324 0.015204
5325 0.015106
5326 0.015029
5327 0.014997
5328 0.014977
5329 0.014977
5330 0.014974
5331 0.014978
5332 0.014972
5333 0.014953
5334 0.014931
5335 0.014912
5336 0.014918
5337 0.014946
5338 0.014941
5339 0.014938
5340 0.014963
5341 0.014981
5342 0.015022
5343 0.015031
5344 0.015052
5345 0.015088
5346 0.015132
5347 0.015181
5348 0.015239
5349 0.015290
5350 0.015316
5351 0.015338
5352 0.015362
5353 0.015378
5354 0.015382
5355 0.015469
5356 0.015454
5357 0.015403
5358 0.015355
5359 0.015311
5360 0.015328
5361 0.015295
5362 0.015275
5363 0.015250
5364 0.015216
5365 0.015174
5366 0.015078
5367 0.015054
5368 0.015059
5369 0.015104
5370 0.015149
5371 0.015163
5372 0.015190
5373 0.015218
5374 0.015242
5375 0.015246
5376 0.015243
5377 0.015221
5378 0.015126
5379 0.015132
5380 0.015174
5381 0.015236
5382 0.015242
5383 0.015192
5384 0.015198
5385 0.015196
5386 0.015168
5387 0.015137
5388 0.015108
5389 0.015086
5390 0.015071
5391 0.015034
5392 0.014994
5393 0.014977
5394 0.014937
5395 0.014876
5396 0.014838
5397 0.014851
5398 0.014863
5399 0.014945
5400 0.014979
5401 0.014922
5402 0.014830
5403 0.014815
5404 0.014803
5405 0.014820
5406 0.014878
5407 0.014956
5408 0.015026
5409 0.015089
5410 0.015080
5411 0.015092
5412 0.015115
5413 0.015117
5414 0.015099
5415 0.015121
5416 0.015049
5417 0.015052
5418 0.015099
5419 0.015159
5420 0.015207
5421 0.015231
5422 0.015242
5423 0.015221
5424 0.015185
5425 0.015147
5426 0.015140
5427 0.015192
5428 0.015122
5429 0.015067
5430 0.015015
5431 0.014968
5432 0.014916
5433 0.014855
5434 0.014894
5435 0.014873
5436 0.014890
5437 0.014910
5438 0.014939
5439 0.014996
5440 0.015000
5441 0.015081
5442 0.015156
5443 0.015205
5444 0.015225
5445 0.015218
5446 0.015185
5447 0.015158
5448 0.015132
5449 0.015103
5450 0.015085
5451 0.015082
5452 0.015059
5453 0.015027
5454 0.015001
5455 0.014985
5456 0.014993
5457 0.015028
5458 0.015070
5459 0.015107
5460 0.015122
5461 0.015111
5462 0.015070
5463 0.015005
5464 0.014939
5465 0.014914
5466 0.014903
5467 0.014902
5468 0.014901
5469 0.014878
5470 0.014812
5471 0.014764
5472 0.014701
5473 0.014653
5474 0.014640
5475 0.014649
5476 0.014653
5477 0.014699
5478 0.014747
5479 0.014787
5480 0.014836
5481 0.014879
5482 0.014895
5483 0.014911
5484 0.014900
5485 0.014908
5486 0.014964
5487 0.015019
5488 0.015020
5489 0.015016
5490 0.014945
5491 0.014916
5492 0.014902
5493 0.014895
5494 0.014888
5495 0.014854
5496 0.014874
5497 0.014877
5498 0.014944
5499 0.015013
5500 0.015038
5501 0.015069
5502 0.015070
5503 0.015011
5504 0.015002
5505 0.015031
5506 0.015039
5507 0.014976
5508 0.014980
5509 0.014998
5510 0.015057
5511 0.015078
5512 0.015049
5513 0.015024
5514 0.014980
5515 0.014946
5516 0.014922
5517 0.014906
5518 0.014910
5519 0.014944
5520 0.014964
5521 0.014935
5522 0.014942
5523 0.014966
5524 0.014987
5525 0.014989
5526 0.014975
5527 0.014932
5528 0.014891
5529 0.014876
5530 0.014869
5531 0.014858
5532 0.014884
5533 0.014950
5534 0.015029
5535 0.015103
5536 0.015146
5537 0.015153
5538 0.015154
5539 0.015149
5540 0.015160
5541 0.015189
5542 0.015221
5543 0.015242
5544 0.015249
5545 0.015243
5546 0.015204
5547 0.015143
5548 0.015082
5549 0.015034
5550 0.014991
5551 0.014958
5552 0.014954
5553 0.014950
5554 0.014934
5555 0.014906
5556 0.014871
5557 0.014833
5558 0.014815
5559 0.014801
5560 0.014789
5561 0.014778
5562 0.014769
5563 0.014764
5564 0.014755
5565 0.014730
5566 0.014697
5567 0.014674
5568 0.014680
5569 0.014719
5570 0.014782
5571 0.014837
5572 0.014853
5573 0.014851
5574 0.014865
5575 0.014900
5576 0.014886
5577 0.014869
5578 0.014865
5579 0.014857
5580 0.014834
5581 0.014806
5582 0.014774
5583 0.014745
5584 0.014730
5585 0.014724
5586 0.014724
5587 0.014733
5588 0.014722
5589 0.014688
5590 0.014651
5591 0.014621
5592 0.014605
5593 0.014604
5594 0.014626
5595 0.014647
5596 0.014662
5597 0.014697
5598 0.014736
5599 0.014744
5600 0.014729
5601 0.014712
5602 0.014653
5603 0.014610
5604 0.014586
5605 0.014571
5606 0.014609
5607 0.014649
5608 0.014693
5609 0.014734
5610 0.014765
5611 0.014782
5612 0.014791
5613 0.014787
5614 0.014793
5615 0.014793
5616 0.014784
5617 0.014769
5618 0.014757
5619 0.014788
5620 0.014791
5621 0.014817
5622 0.014845
5623 0.014860
5624 0.014875
5625 0.014869
5626 0.014851
5627 0.014819
5628 0.014763
5629 0.014696
5630 0.014646
5631 0.014610
5632 0.014574
5633 0.014573
5634 0.014589
5635 0.014596
5636 0.014582
5637 0.014597
5638 0.014603
5639 0.014600
5640 0.014613
5641 0.014655
5642 0.014716
5643 0.014770
5644 0.014817
5645 0.014847
5646 0.014869
5647 0.014877
5648 0.014863
5649 0.014839
5650 0.014812
5651 0.014783
5652 0.014752
5653 0.014723
5654 0.014701
5655 0.014696
5656 0.014714
5657 0.014730
5658 0.014742
5659 0.014750
5660 0.014758
5661 0.014775
5662 0.014796
5663 0.014821
5664 0.014848
5665 0.014878
5666 0.014878
5667 0.014807
5668 0.014793
5669 0.014796
5670 0.014792
5671 0.014793
5672 0.014802
5673 0.014820
5674 0.014852
5675 0.014895
5676 0.014924
5677 0.014947
5678 0.014960
5679 0.014970
5680 0.015045
5681 0.015005
5682 0.014976
5683 0.014941
5684 0.014914
5685 0.014904
5686 0.014880
5687 0.014870
5688 0.014879
5689 0.014882
5690 0.014874
5691 0.014855
5692 0.014818
5693 0.014767
5694 0.014744
5695 0.014726
5696 0.014710
5697 0.014692
5698 0.014663
5699 0.014618
5700 0.014628
5701 0.014683
5702 0.014674
5703 0.014598
5704 0.014579
5705 0.014498
5706 0.014536
5707 0.014585
5708 0.014628
5709 0.014658
5710 0.014665
5711 0.014633
5712 0.014635
5713 0.014633
5714 0.014638
5715 0.014654
5716 0.014684
5717 0.014741
5718 0.014808
5719 0.014870
5720 0.014865
5721 0.014849
5722 0.014901
5723 0.014969
5724 0.015061
5725 0.015073
5726 0.015049
5727 0.014999
5728 0.014934
5729 0.014889
5730 0.014954
5731 0.014958
5732 0.014959
5733 0.014974
5734 0.014993
5735 0.015000
5736 0.015033
5737 0.015036
5738 0.015030
5739 0.015021
5740 0.015013
5741 0.015011
5742 0.015009
5743 0.015000
5744 0.014993
5745 0.014989
5746 0.014989
5747 0.014994
5748 0.014995
5749 0.014994
5750 0.014983
5751 0.014955
5752 0.014910
5753 0.014857
5754 0.014798
5755 0.014777
5756 0.014767
5757 0.014785
5758 0.014820
5759 0.014850
5760 0.014890
5761 0.014917
5762 0.014885
5763 0.014865
5764 0.014860
5765 0.014848
5766 0.014836
5767 0.014871
5768 0.014877
5769 0.014859
5770 0.014830
5771 0.014796
5772 0.014747
5773 0.014732
5774 0.014733
5775 0.014744
5776 0.014764
5777 0.014789
5778 0.014806
5779 0.014811
5780 0.014792
5781 0.014766
5782 0.014733
5783 0.014694
5784 0.014656
5785 0.014618
5786 0.014620
5787 0.014699
5788 0.014739
5789 0.014717
5790 0.014716
5791 0.014721
5792 0.014671
5793 0.014666
5794 0.014673
5795 0.014673
5796 0.014670
5797 0.014672
5798 0.014663
5799 0.014662
5800 0.014686
5801 0.014710
5802 0.014707
5803 0.014704
5804 0.014705
5805 0.014721
5806 0.014747
5807 0.014767
5808 0.014784
5809 0.014850
5810 0.014860
5811 0.014861
5812 0.014849
5813 0.014827
5814 0.014795
5815 0.014747
5816 0.014738
5817 0.014770
5818 0.014806
5819 0.014857
5820 0.014932
5821 0.015011
5822 0.015076
5823 0.015083
5824 0.015079
5825 0.015066
5826 0.015052
5827 0.015046
5828 0.014997
5829 0.014942
5830 0.014896
5831 0.014879
5832 0.014900
5833 0.014949
5834 0.015007
5835 0.015062
5836 0.015130
5837 0.015171
5838 0.015172
5839 0.015142
5840 0.015091
5841 0.015027
5842 0.014947
5843 0.014864
5844 0.014806
5845 0.014788
5846 0.014784
5847 0.014782
5848 0.014775
5849 0.014755
5850 0.014748
5851 0.014756
5852 0.014723
5853 0.014699
5854 0.014678
5855 0.014643
5856 0.014610
5857 0.014576
5858 0.014505
5859 0.014516
5860 0.014541
5861 0.014565
5862 0.014582
5863 0.014595
5864 0.014613
5865 0.014644
5866 0.014682
5867 0.014708
5868 0.014718
5869 0.014722
5870 0.014733
5871 0.014713
5872 0.014704
5873 0.014693
5874 0.014674
5875 0.014657
5876 0.014648
5877 0.014604
5878 0.014519
5879 0.014444
5880 0.014381
5881 0.014329
5882 0.014287
5883 0.014238
5884 0.014199
5885 0.014147
5886 0.014083
5887 0.014010
5888 0.013928
5889 0.013842
5890 0.013770
5891 0.013692
5892 0.013642
5893 0.013619
5894 0.013609
5895 0.013604
5896 0.013604
5897 0.013624
5898 0.013658
5899 0.013705
5900 0.013762
5901 0.013825
5902 0.013906
5903 0.013977
5904 0.014037
5905 0.014086
5906 0.014132
5907 0.014188
5908 0.014207
5909 0.014211
5910 0.014219
5911 0.014193
5912 0.014151
5913 0.014148
5914 0.014159
5915 0.014190
5916 0.014236
5917 0.014287
5918 0.014337
5919 0.014382
5920 0.014419
5921 0.014424
5922 0.014425
5923 0.014421
5924 0.014424
5925 0.014435
5926 0.014421
5927 0.014415
5928 0.014427
5929 0.014436
5930 0.014443
5931 0.014456
5932 0.014474
5933 0.014475
5934 0.014471
5935 0.014463
5936 0.014456
5937 0.014456
5938 0.014462
5939 0.014498
5940 0.014486
5941 0.014469
5942 0.014451
5943 0.014433
5944 0.014423
5945 0.014441
5946 0.014462
5947 0.014490
5948 0.014513
5949 0.014528
5950 0.014537
5951 0.014528
5952 0.014512
5953 0.014500
5954 0.014486
5955 0.014472
5956 0.014469
5957 0.014484
5958 0.014490
5959 0.014488
5960 0.014487
5961 0.014489
5962 0.014493
5963 0.014499
5964 0.014511
5965 0.014525
5966 0.014542
5967 0.014560
5968 0.014571
5969 0.014564
5970 0.014556
5971 0.014538
5972 0.014505
5973 0.014465
5974 0.014423
5975 0.014385
5976 0.014352
5977 0.014319
5978 0.014294
5979 0.014300
5980 0.014320
5981 0.014295
5982 0.014254
5983 0.014208
5984 0.014180
5985 0.014151
5986 0.014140
5987 0.014185
5988 0.014232
5989 0.014250
5990 0.014309
5991 0.014336
5992 0.014317
5993 0.014287
5994 0.014251
5995 0.014214
5996 0.014173
5997 0.014133
5998 0.014109
5999 0.014114
6000 0.014138
6001 0.014184
6002 0.014230
6003 0.014295
6004 0.014364
6005 0.014409
6006 0.014426
6007 0.014420
6008 0.014411
6009 0.014393
6010 0.014372
6011 0.014355
6012 0.014335
6013 0.014327
6014 0.014320
6015 0.014287
6016 0.014272
6017 0.014288
6018 0.014291
6019 0.014279
6020 0.014252
6021 0.014220
6022 0.014192
6023 0.014178
6024 0.014184
6025 0.014196
6026 0.014254
6027 0.014316
6028 0.014373
6029 0.014423
6030 0.014466
6031 0.014491
6032 0.014512
6033 0.014514
6034 0.014496
6035 0.014476
6036 0.014475
6037 0.014487
6038 0.014468
6039 0.014458
6040 0.014458
6041 0.014470
6042 0.014493
6043 0.014507
6044 0.014532
6045 0.014562
6046 0.014587
6047 0.014605
6048 0.014616
6049 0.014621
6050 0.014632
6051 0.014635
6052 0.014655
6053 0.014676
6054 0.014685
6055 0.014690
6056 0.014657
6057 0.014609
6058 0.014548
6059 0.014482
6060 0.014426
6061 0.014398
6062 0.014364
6063 0.014348
6064 0.014333
6065 0.014305
6066 0.014278
6067 0.014276
6068 0.014270
6069 0.014262
6070 0.014252
6071 0.014240
6072 0.014260
6073 0.014332
6074 0.014326
6075 0.014340
6076 0.014348
6077 0.014354
6078 0.014355
6079 0.014335
6080 0.014235
6081 0.014233
6082 0.014235
6083 0.014231
6084 0.014233
6085 0.014248
6086 0.014244
6087 0.014239
6088 0.014241
6089 0.014252
6090 0.014260
6091 0.014257
6092 0.014244
6093 0.014237
6094 0.014192
6095 0.014160
6096 0.014142
6097 0.014131
6098 0.014131
6099 0.014190
6100 0.014201
6101 0.014194
6102 0.014175
6103 0.014145
6104 0.014102
6105 0.014029
6106 0.013943
6107 0.013867
6108 0.013807
6109 0.013769
6110 0.013756
6111 0.013766
6112 0.013792
6113 0.013833
6114 0.013866
6115 0.013899
6116 0.013947
6117 0.014000
6118 0.014048
6119 0.014099
6120 0.014139
6121 0.014161
6122 0.014159
6123 0.014135
6124 0.014119
6125 0.014087
6126 0.014053
6127 0.014026
6128 0.014009
6129 0.013995
6130 0.013979
6131 0.013953
6132 0.013920
6133 0.013889
6134 0.013866
6135 0.013855
6136 0.013865
6137 0.013901
6138 0.013945
6139 0.013989
6140 0.014024
6141 0.014044
6142 0.014033
6143 0.014000
6144 0.013978
6145 0.013934
6146 0.013867
6147 0.013809
6148 0.013764
6149 0.013714
6150 0.013684
6151 0.013661
6152 0.013643
6153 0.013629
6154 0.013599
6155 0.013558
6156 0.013513
6157 0.013464
6158 0.013425
6159 0.013408
6160 0.013414
6161 0.013439
6162 0.013468
6163 0.013477
6164 0.013462
6165 0.013428
6166 0.013377
6167 0.013301
6168 0.013250
6169 0.013217
6170 0.013207
6171 0.013221
6172 0.013258
6173 0.013315
6174 0.013354
6175 0.013393
6176 0.013429
6177 0.013461
6178 0.013497
6179 0.013527
6180 0.013553
6181 0.013567
6182 0.013578
6183 0.013585
6184 0.013586
6185 0.013594
6186 0.013603
6187 0.013616
6188 0.013628
6189 0.013633
6190 0.013628
6191 0.013613
6192 0.013589
6193 0.013552
6194 0.013509
6195 0.013463
6196 0.013409
6197 0.013350
6198 0.013274
6199 0.013211
6200 0.013158
6201 0.013114
6202 0.013082
6203 0.013066
6204 0.013071
6205 0.013221
6206 0.013319
6207 0.013362
6208 0.013401
6209 0.013434
6210 0.013468
6211 0.013493
6212 0.013511
6213 0.013518
6214 0.013526
6215 0.013552
6216 0.013530
6217 0.013498
6218 0.013446
6219 0.013396
6220 0.013312
6221 0.013144
6222 0.013179
6223 0.013213
6224 0.013237
6225 0.013264
6226 0.013292
6227 0.013307
6228 0.013311
6229 0.013330
6230 0.013313
6231 0.013282
6232 0.013253
6233 0.013236
6234 0.013225
6235 0.013225
6236 0.013229
6237 0.013230
6238 0.013215
6239 0.013175
6240 0.013107
6241 0.013083
6242 0.013084
6243 0.013110
6244 0.013146
6245 0.013178
6246 0.013203
6247 0.013203
6248 0.013197
6249 0.013183
6250 0.013163
6251 0.013144
6252 0.013136
6253 0.013152
6254 0.013168
6255 0.013190
6256 0.013208
6257 0.013214
6258 0.013215
6259 0.013208
6260 0.013194
6261 0.013190
6262 0.013188
6263 0.013192
6264 0.013211
6265 0.013232
6266 0.013277
6267 0.013318
6268 0.013356
6269 0.013388
6270 0.013405
6271 0.013410
6272 0.013483
6273 0.013494
6274 0.013507
6275 0.013522
6276 0.013513
6277 0.013493
6278 0.013507
6279 0.013526
6280 0.013549
6281 0.013572
6282 0.013592
6283 0.013599
6284 0.013604
6285 0.013607
6286 0.013607
6287 0.013614
6288 0.013626
6289 0.013622
6290 0.013658
6291 0.013627
6292 0.013638
6293 0.013705
6294 0.013778
6295 0.013779
6296 0.013797
6297 0.013807
6298 0.013822
6299 0.013850
6300 0.013889
6301 0.013925
6302 0.013931
6303 0.013923
6304 0.013915
6305 0.013887
6306 0.013837
6307 0.013781
6308 0.013737
6309 0.013723
6310 0.013722
6311 0.013726
6312 0.013726
6313 0.013713
6314 0.013690
6315 0.013644
6316 0.013580
6317 0.013514
6318 0.013454
6319 0.013406
6320 0.013400
6321 0.013375
6322 0.013360
6323 0.013339
6324 0.013326
6325 0.013343
6326 0.013406
6327 0.013423
6328 0.013444
6329 0.013475
6330 0.013507
6331 0.013535
6332 0.013560
6333 0.013589
6334 0.013616
6335 0.013638
6336 0.013648
6337 0.013640
6338 0.013620
6339 0.013605
6340 0.013579
6341 0.013560
6342 0.013549
6343 0.013545
6344 0.013548
6345 0.013556
6346 0.013560
6347 0.013557
6348 0.013565
6349 0.013574
6350 0.013571
6351 0.013573
6352 0.013604
6353 0.013618
6354 0.013632
6355 0.013649
6356 0.013662
6357 0.013673
6358 0.013684
6359 0.013695
6360 0.013706
6361 0.013716
6362 0.013726
6363 0.013732
6364 0.013743
6365 0.013746
6366 0.013743
6367 0.013746
6368 0.013767
6369 0.013814
6370 0.013806
6371 0.013825
6372 0.013850
6373 0.013866
6374 0.013869
6375 0.013877
6376 0.013884
6377 0.013883
6378 0.013889
6379 0.013896
6380 0.013899
6381 0.013904
6382 0.013936
6383 0.013916
6384 0.013910
6385 0.013909
6386 0.013905
6387 0.013897
6388 0.013896
6389 0.013914
6390 0.013922
6391 0.013935
6392 0.013952
6393 0.013965
6394 0.013958
6395 0.013942
6396 0.013914
6397 0.013883
6398 0.013853
6399 0.013821
6400 0.013797
6401 0.013787
6402 0.013784
6403 0.013790
6404 0.013798
6405 0.013800
6406 0.013799
6407 0.013781
6408 0.013761
6409 0.013742
6410 0.013725
6411 0.013714
6412 0.013710
6413 0.013709
6414 0.013721
6415 0.013735
6416 0.013747
6417 0.013753
6418 0.013754
6419 0.013795
6420 0.013811
6421 0.013817
6422 0.013862
6423 0.013917
6424 0.013909
6425 0.013908
6426 0.013822
6427 0.013807
6428 0.013822
6429 0.013842
6430 0.013864
6431 0.013867
6432 0.013859
6433 0.013851
6434 0.013854
6435 0.013873
6436 0.013907
6437 0.013953
6438 0.014010
6439 0.014053
6440 0.014096
6441 0.014133
6442 0.014158
6443 0.014169
6444 0.014161
6445 0.014130
6446 0.014087
6447 0.014032
6448 0.013967
6449 0.013899
6450 0.013834
6451 0.013784
6452 0.013749
6453 0.013726
6454 0.013720
6455 0.013734
6456 0.013759
6457 0.013783
6458 0.013800
6459 0.013814
6460 0.013825
6461 0.013829
6462 0.013817
6463 0.013841
6464 0.013831
6465 0.013807
6466 0.013781
6467 0.013756
6468 0.013742
6469 0.013744
6470 0.013764
6471 0.013781
6472 0.013794
6473 0.013814
6474 0.013834
6475 0.013858
6476 0.013864
6477 0.013859
6478 0.013849
6479 0.013834
6480 0.013811
6481 0.013803
6482 0.013799
6483 0.013800
6484 0.013804
6485 0.013803
6486 0.013788
6487 0.013764
6488 0.013738
6489 0.013705
6490 0.013668
6491 0.013636
6492 0.013621
6493 0.013610
6494 0.013591
6495 0.013556
6496 0.013519
6497 0.013483
6498 0.013441
6499 0.013389
6500 0.013346
6501 0.013305
6502 0.013275
6503 0.013254
6504 0.013232
6505 0.013227
6506 0.013217
6507 0.013201
6508 0.013186
6509 0.013174
6510 0.013162
6511 0.013153
6512 0.013165
6513 0.013188
6514 0.013223
6515 0.013263
6516 0.013306
6517 0.013358
6518 0.013408
6519 0.013461
6520 0.013507
6521 0.013556
6522 0.013620
6523 0.013704
6524 0.013789
6525 0.013879
6526 0.013977
6527 0.014062
6528 0.014121
6529 0.014164
6530 0.014193
6531 0.014220
6532 0.014259
6533 0.014308
6534 0.014348
6535 0.014367
6536 0.014522
6537 0.014730
6538 0.014985
6539 0.015282
6540 0.015620
6541 0.016000
6542 0.016406
6543 0.016866
6544 0.017343
6545 0.017836
6546 0.018343
6547 0.018867
6548 0.019453
6549 0.019466
6550 0.019802
6551 0.020259
6552 0.020727
6553 0.021189
6554 0.021596
6555 0.022077
6556 0.022507
6557 0.022937
6558 0.023320
6559 0.023627
6560 0.023961
6561 0.024240
6562 0.024584
6563 0.024797
6564 0.024881
6565 0.024877
6566 0.024769
6567 0.024555
6568 0.024308
6569 0.023983
6570 0.023570
6571 0.023254
6572 0.023305
6573 0.022823
6574 0.022178
6575 0.021551
6576 0.020959
6577 0.020389
6578 0.019854
6579 0.019563
6580 0.019224
6581 0.018899
6582 0.018589
6583 0.018265
6584 0.017915
6585 0.017663
6586 0.017437
6587 0.017252
6588 0.017021
6589 0.016744
6590 0.016471
6591 0.016211
6592 0.015918
6593 0.015628
6594 0.015348
6595 0.015080
6596 0.014827
6597 0.014590
6598 0.014384
6599 0.014194
6600 0.014024
6601 0.013878
6602 0.013756
6603 0.013655
6604 0.013643
6605 0.013596
6606 0.013556
6607 0.013533
6608 0.013523
6609 0.013520
6610 0.013527
6611 0.013539
6612 0.013549
6613 0.013559
6614 0.013575
6615 0.013597
6616 0.013618
6617 0.013645
6618 0.013668
6619 0.013691
6620 0.013720
6621 0.013758
6622 0.013794
6623 0.013747
6624 0.013781
6625 0.013813
6626 0.013818
6627 0.013813
6628 0.013756
6629 0.013723
6630 0.013680
6631 0.013632
6632 0.013580
6633 0.013524
6634 0.013468
6635 0.013443
6636 0.013388
6637 0.013338
6638 0.013323
6639 0.013343
6640 0.013340
6641 0.013348
6642 0.013380
6643 0.013396
6644 0.013405
6645 0.013419
6646 0.013432
6647 0.013461
6648 0.013498
6649 0.013531
6650 0.013557
6651 0.013587
6652 0.013647
6653 0.013733
6654 0.013757
6655 0.013765
6656 0.013765
6657 0.013762
6658 0.013768
6659 0.013774
6660 0.013778
6661 0.013775
6662 0.013790
6663 0.013816
6664 0.013823
6665 0.013825
6666 0.013847
6667 0.013854
6668 0.013858
6669 0.013863
6670 0.013867
6671 0.013873
6672 0.013864
6673 0.013846
6674 0.013827
6675 0.013826
6676 0.013845
6677 0.013832
6678 0.013859
6679 0.013867
6680 0.013893
6681 0.013924
6682 0.013939
6683 0.013945
6684 0.013902
6685 0.013856
6686 0.013821
6687 0.013792
6688 0.013764
6689 0.013740
6690 0.013698
6691 0.013668
6692 0.013634
6693 0.013600
6694 0.013579
6695 0.013585
6696 0.013629
6697 0.013714
6698 0.013845
6699 0.014010
6700 0.014192
6701 0.014377
6702 0.014557
6703 0.014726
6704 0.014878
6705 0.015011
6706 0.015137
6707 0.015270
6708 0.015407
6709 0.015576
6710 0.015727
6711 0.015843
6712 0.015949
6713 0.016096
6714 0.016331
6715 0.016466
6716 0.016604
6717 0.016717
6718 0.016799
6719 0.016854
6720 0.016880
6721 0.016859
6722 0.016797
6723 0.016698
6724 0.016570
6725 0.016416
6726 0.016237
6727 0.016065
6728 0.015884
6729 0.015715
6730 0.015565
6731 0.015433
6732 0.015316
6733 0.015208
6734 0.015093
6735 0.014988
6736 0.014858
6737 0.014697
6738 0.014531
6739 0.014355
6740 0.014121
6741 0.013988
6742 0.013906
6743 0.013838
6744 0.013781
6745 0.013718
6746 0.013705
6747 0.013676
6748 0.013652
6749 0.013643
6750 0.013648
6751 0.013665
6752 0.013712
6753 0.013744
6754 0.013765
6755 0.013773
6756 0.013764
6757 0.013740
6758 0.013700
6759 0.013653
6760 0.013599
6761 0.013542
6762 0.013490
6763 0.013454
6764 0.013399
6765 0.013354
6766 0.013318
6767 0.013288
6768 0.013271
6769 0.013281
6770 0.013297
6771 0.013408
6772 0.013458
6773 0.013468
6774 0.013459
6775 0.013422
6776 0.013392
6777 0.013343
6778 0.013286
6779 0.013170
6780 0.013042
6781 0.012998
6782 0.012945
6783 0.012905
6784 0.012873
6785 0.012857
6786 0.012859
6787 0.012880
6788 0.012921
6789 0.012981
6790 0.013043
6791 0.013102
6792 0.013146
6793 0.013169
6794 0.013172
6795 0.013152
6796 0.013135
6797 0.013131
6798 0.013128
6799 0.013124
6800 0.013134
6801 0.013161
6802 0.013189
6803 0.013215
6804 0.013240
6805 0.013268
6806 0.013304
6807 0.013323
6808 0.013341
6809 0.013344
6810 0.013333
6811 0.013309
6812 0.013276
6813 0.013228
6814 0.013167
6815 0.013105
6816 0.013041
6817 0.012983
6818 0.012950
6819 0.012936
6820 0.012941
6821 0.012951
6822 0.012961
6823 0.012972
6824 0.012984
6825 0.012981
6826 0.013002
6827 0.013013
6828 0.013017
6829 0.013015
6830 0.013002
6831 0.012959
6832 0.012908
6833 0.012849
6834 0.012793
6835 0.012745
6836 0.012711
6837 0.012695
6838 0.012695
6839 0.012706
6840 0.012717
6841 0.012728
6842 0.012735
6843 0.012738
6844 0.012737
6845 0.012756
6846 0.012803
6847 0.012865
6848 0.012933
6849 0.013010
6850 0.013085
6851 0.013153
6852 0.013203
6853 0.013230
6854 0.013235
6855 0.013223
6856 0.013199
6857 0.013177
6858 0.013160
6859 0.013150
6860 0.013147
6861 0.013149
6862 0.013146
6863 0.013131
6864 0.013107
6865 0.013080
6866 0.013066
6867 0.013072
6868 0.013071
6869 0.013084
6870 0.013132
6871 0.013195
6872 0.013253
6873 0.013297
6874 0.013328
6875 0.013326
6876 0.013311
6877 0.013286
6878 0.013255
6879 0.013221
6880 0.013187
6881 0.013139
6882 0.013132
6883 0.013126
6884 0.013120
6885 0.013121
6886 0.013132
6887 0.013135
6888 0.013147
6889 0.013138
6890 0.013139
6891 0.013150
6892 0.013123
6893 0.013073
6894 0.013032
6895 0.012997
6896 0.012973
6897 0.012960
6898 0.012950
6899 0.012944
6900 0.012944
6901 0.012943
6902 0.012934
6903 0.012918
6904 0.012897
6905 0.012862
6906 0.012862
6907 0.012828
6908 0.012798
6909 0.012771
6910 0.012735
6911 0.012699
6912 0.012679
6913 0.012645
6914 0.012610
6915 0.012586
6916 0.012578
6917 0.012581
6918 0.012605
6919 0.012696
6920 0.012746
6921 0.012768
6922 0.012790
6923 0.012798
6924 0.012820
6925 0.012819
6926 0.012816
6927 0.012822
6928 0.012839
6929 0.012859
6930 0.012877
6931 0.012903
6932 0.012926
6933 0.012955
6934 0.012996
6935 0.013049
6936 0.013105
6937 0.013146
6938 0.013173
6939 0.013181
6940 0.013164
6941 0.013121
6942 0.013065
6943 0.013009
6944 0.012962
6945 0.012916
6946 0.012889
6947 0.012899
6948 0.012916
6949 0.012933
6950 0.012924
6951 0.012893
6952 0.012848
6953 0.012793
6954 0.012726
6955 0.012661
6956 0.012606
6957 0.012563
6958 0.012533
6959 0.012513
6960 0.012497
6961 0.012482
6962 0.012462
6963 0.012438
6964 0.012409
6965 0.012376
6966 0.012339
6967 0.012302
6968 0.012275
6969 0.012255
6970 0.012243
6971 0.012239
6972 0.012244
6973 0.012250
6974 0.012240
6975 0.012235
6976 0.012231
6977 0.012229
6978 0.012233
6979 0.012241
6980 0.012263
6981 0.012291
6982 0.012328
6983 0.012373
6984 0.012427
6985 0.012481
6986 0.012545
6987 0.012600
6988 0.012661
6989 0.012729
6990 0.012797
6991 0.012854
6992 0.012918
6993 0.012949
6994 0.012971
6995 0.012988
6996 0.013000
6997 0.013014
6998 0.013026
6999 0.013026
7000 0.013017
7001 0.012996
7002 0.012963
7003 0.012920
7004 0.012874
7005 0.012832
7006 0.012790
7007 0.012760
7008 0.012733
7009 0.012684
7010 0.012625
7011 0.012551
7012 0.012474
7013 0.012400
7014 0.012337
7015 0.012293
7016 0.012272
7017 0.012281
7018 0.012311
7019 0.012349
7020 0.012386
7021 0.012415
7022 0.012427
7023 0.012415
7024 0.012395
7025 0.012368
7026 0.012337
7027 0.012312
7028 0.012305
7029 0.012308
7030 0.012322
7031 0.012345
7032 0.012375
7033 0.012409
7034 0.012447
7035 0.012491
7036 0.012530
7037 0.012564
7038 0.012593
7039 0.012615
7040 0.012628
7041 0.012640
7042 0.012658
7043 0.012678
7044 0.012699
7045 0.012720
7046 0.012736
7047 0.012732
7048 0.012720
7049 0.012696
7050 0.012662
7051 0.012622
7052 0.012579
7053 0.012542
7054 0.012502
7055 0.012470
7056 0.012438
7057 0.012404
7058 0.012367
7059 0.012327
7060 0.012304
7061 0.012286
7062 0.012276
7063 0.012278
7064 0.012290
7065 0.012302
7066 0.012314
7067 0.012322
7068 0.012335
7069 0.012339
7070 0.012319
7071 0.012291
7072 0.012261
7073 0.012237
7074 0.012225
7075 0.012229
7076 0.012247
7077 0.012280
7078 0.012318
7079 0.012354
7080 0.012380
7081 0.012394
7082 0.012396
7083 0.012390
7084 0.012378
7085 0.012363
7086 0.012347
7087 0.012333
7088 0.012336
7089 0.012371
7090 0.012378
7091 0.012390
7092 0.012402
7093 0.012413
7094 0.012424
7095 0.012414
7096 0.012255
7097 0.012203
7098 0.012161
7099 0.012118
7100 0.012063
7101 0.011994
7102 0.011967
7103 0.011954
7104 0.011943
7105 0.011932
7106 0.011920
7107 0.011903
7108 0.011880
7109 0.011847
7110 0.011812
7111 0.011839
7112 0.011846
7113 0.011776
7114 0.011738
7115 0.011724
7116 0.011722
7117 0.011720
7118 0.011714
7119 0.011694
7120 0.011642
7121 0.011632
7122 0.011668
7123 0.011697
7124 0.011723
7125 0.011760
7126 0.011807
7127 0.011859
7128 0.011908
7129 0.011964
7130 0.012023
7131 0.012037
7132 0.011955
7133 0.011950
7134 0.011993
7135 0.011999
7136 0.011996
7137 0.012000
7138 0.012007
7139 0.012026
7140 0.012055
7141 0.012121
7142 0.012175
7143 0.012217
7144 0.012272
7145 0.012326
7146 0.012361
7147 0.012397
7148 0.012432
7149 0.012507
7150 0.012610
7151 0.012580
7152 0.012541
7153 0.012509
7154 0.012470
7155 0.012428
7156 0.012394
7157 0.012377
7158 0.012378
7159 0.012384
7160 0.012413
7161 0.012451
7162 0.012483
7163 0.012508
7164 0.012529
7165 0.012540
7166 0.012534
7167 0.012516
7168 0.012493
7169 0.012468
7170 0.012440
7171 0.012400
7172 0.012362
7173 0.012324
7174 0.012284
7175 0.012240
7176 0.012191
7177 0.012099
7178 0.012042
7179 0.012000
7180 0.011973
7181 0.011960
7182 0.011904
7183 0.011834
7184 0.011764
7185 0.011697
7186 0.011637
7187 0.011585
7188 0.011547
7189 0.011534
7190 0.011534
7191 0.011551
7192 0.011578
7193 0.011605
7194 0.011632
7195 0.011645
7196 0.011643
7197 0.011727
7198 0.011798
7199 0.011779
7200 0.011726
7201 0.011663
7202 0.011594
7203 0.011535
7204 0.011490
7205 0.011452
7206 0.011415
7207 0.011398
7208 0.011272
7209 0.011262
7210 0.011324
7211 0.011404
7212 0.011488
7213 0.011565
7214 0.011454
7215 0.011395
7216 0.011367
7217 0.011348
7218 0.011342
7219 0.011360
7220 0.011465
7221 0.011556
7222 0.011634
7223 0.011757
7224 0.011934
7225 0.011958
7226 0.011969
7227 0.011952
7228 0.011903
7229 0.011824
7230 0.011729
7231 0.011644
7232 0.011630
7233 0.011652
7234 0.011692
7235 0.011740
7236 0.011786
7237 0.011809
7238 0.011793
7239 0.011809
7240 0.011819
7241 0.011821
7242 0.011824
7243 0.011836
7244 0.011833
7245 0.011854
7246 0.011912
7247 0.011961
7248 0.011982
7249 0.011997
7250 0.012007
7251 0.012033
7252 0.012068
7253 0.012110
7254 0.012150
7255 0.012177
7256 0.012198
7257 0.012207
7258 0.012205
7259 0.012182
7260 0.012150
7261 0.012128
7262 0.012093
7263 0.012066
7264 0.012026
7265 0.012027
7266 0.012036
7267 0.012005
7268 0.011983
7269 0.011964
7270 0.011938
7271 0.011922
7272 0.011921
7273 0.011937
7274 0.011967
7275 0.011989
7276 0.011986
7277 0.011996
7278 0.012021
7279 0.012053
7280 0.012093
7281 0.012148
7282 0.012149
7283 0.012163
7284 0.012187
7285 0.012210
7286 0.012230
7287 0.012271
7288 0.012283
7289 0.012299
7290 0.012327
7291 0.012367
7292 0.012413
7293 0.012462
7294 0.012509
7295 0.012570
7296 0.012612
7297 0.012633
7298 0.012646
7299 0.012644
7300 0.012638
7301 0.012628
7302 0.012617
7303 0.012611
7304 0.012616
7305 0.012642
7306 0.012622
7307 0.012603
7308 0.012595
7309 0.012571
7310 0.012513
7311 0.012457
7312 0.012400
7313 0.012302
7314 0.012242
7315 0.012191
7316 0.012126
7317 0.012105
7318 0.012260
7319 0.012272
7320 0.012256
7321 0.012264
7322 0.012303
7323 0.012348
7324 0.012400
7325 0.012431
7326 0.012465
7327 0.012497
7328 0.012525
7329 0.012558
7330 0.012585
7331 0.012611
7332 0.012641
7333 0.012670
7334 0.012700
7335 0.012729
7336 0.012750
7337 0.012786
7338 0.012824
7339 0.012927
7340 0.013041
7341 0.013086
7342 0.013126
7343 0.013283
7344 0.013335
7345 0.013418
7346 0.013487
7347 0.013453
7348 0.013358
7349 0.013288
7350 0.013221
7351 0.013146
7352 0.013082
7353 0.013036
7354 0.012985
7355 0.012918
7356 0.012854
7357 0.012711
7358 0.012597
7359 0.012560
7360 0.012494
7361 0.012431
7362 0.012390
7363 0.012362
7364 0.012349
7365 0.012351
7366 0.012366
7367 0.012395
7368 0.012423
7369 0.012406
7370 0.012389
7371 0.012386
7372 0.012378
7373 0.012400
7374 0.012400
7375 0.012425
7376 0.012456
7377 0.012505
7378 0.012588
7379 0.012675
7380 0.012770
7381 0.012862
7382 0.012941
7383 0.012997
7384 0.013024
7385 0.013011
7386 0.012984
7387 0.012935
7388 0.012930
7389 0.012930
7390 0.012890
7391 0.012855
7392 0.012825
7393 0.012776
7394 0.012771
7395 0.012791
7396 0.012809
7397 0.012838
7398 0.012865
7399 0.012870
7400 0.012857
7401 0.012840
7402 0.012820
7403 0.012779
7404 0.012731
7405 0.012694
7406 0.012664
7407 0.012634
7408 0.012593
7409 0.012535
7410 0.012492
7411 0.012447
7412 0.012408
7413 0.012380
7414 0.012370
7415 0.012380
7416 0.012401
7417 0.012513
7418 0.012612
7419 0.012674
7420 0.012695
7421 0.012686
7422 0.012672
7423 0.012646
7424 0.012616
7425 0.012591
7426 0.012596
7427 0.012615
7428 0.012532
7429 0.012556
7430 0.012580
7431 0.012630
7432 0.012672
7433 0.012695
7434 0.012768
7435 0.012812
7436 0.012864
7437 0.012869
7438 0.012833
7439 0.012774
7440 0.012697
7441 0.012594
7442 0.012547
7443 0.012522
7444 0.012518
7445 0.012531
7446 0.012554
7447 0.012586
7448 0.012638
7449 0.012739
7450 0.012804
7451 0.012816
7452 0.012826
7453 0.012834
7454 0.012835
7455 0.012843
7456 0.012858
7457 0.012877
7458 0.012895
7459 0.012912
7460 0.012937
7461 0.012956
7462 0.012970
7463 0.012980
7464 0.012989
7465 0.012980
7466 0.012948
7467 0.012899
7468 0.012849
7469 0.012807
7470 0.012771
7471 0.012724
7472 0.012690
7473 0.012660
7474 0.012625
7475 0.012586
7476 0.012545
7477 0.012499
7478 0.012450
7479 0.012413
7480 0.012392
7481 0.012386
7482 0.012393
7483 0.012412
7484 0.012435
7485 0.012455
7486 0.012465
7487 0.012468
7488 0.012455
7489 0.012422
7490 0.012406
7491 0.012372
7492 0.012385
7493 0.012385
7494 0.012334
7495 0.012250
7496 0.012233
7497 0.012237
7498 0.012256
7499 0.012282
7500 0.012312
7501 0.012344
7502 0.012375
7503 0.012385
7504 0.012407
7505 0.012434
7506 0.012476
7507 0.012537
7508 0.012584
7509 0.012607
7510 0.012627
7511 0.012637
7512 0.012631
7513 0.012609
7514 0.012573
7515 0.012506
7516 0.012451
7517 0.012421
7518 0.012415
7519 0.012445
7520 0.012530
7521 0.012567
7522 0.012606
7523 0.012629
7524 0.012638
7525 0.012641
7526 0.012643
7527 0.012653
7528 0.012682
7529 0.012736
7530 0.012807
7531 0.012881
7532 0.012946
7533 0.012989
7534 0.012991
7535 0.012953
7536 0.012887
7537 0.012807
7538 0.012733
7539 0.012694
7540 0.012652
7541 0.012631
7542 0.012616
7543 0.012590
7544 0.012542
7545 0.012471
7546 0.012360
7547 0.012195
7548 0.012034
7549 0.011890
7550 0.011758
7551 0.011641
7552 0.011581
7553 0.011514
7554 0.011461
7555 0.011426
7556 0.011410
7557 0.011413
7558 0.011434
7559 0.011461
7560 0.011495
7561 0.011528
7562 0.011559
7563 0.011586
7564 0.011606
7565 0.011629
7566 0.011656
7567 0.011691
7568 0.011742
7569 0.011813
7570 0.011872
7571 0.011943
7572 0.012015
7573 0.012087
7574 0.012157
7575 0.012226
7576 0.012297
7577 0.012342
7578 0.012358
7579 0.012361
7580 0.012348
7581 0.012309
7582 0.012244
7583 0.012174
7584 0.012103
7585 0.012036
7586 0.011977
7587 0.011930
7588 0.011899
7589 0.011876
7590 0.011860
7591 0.011850
7592 0.011847
7593 0.011848
7594 0.011850
7595 0.011860
7596 0.011879
7597 0.011911
7598 0.011962
7599 0.012031
7600 0.012115
7601 0.012200
7602 0.012270
7603 0.012309
7604 0.012304
7605 0.012252
7606 0.012164
7607 0.012036
7608 0.011897
7609 0.011767
7610 0.011648
7611 0.011548
7612 0.011473
7613 0.011372
7614 0.011284
7615 0.011173
7616 0.011034
7617 0.010889
7618 0.010773
7619 0.010697
7620 0.010658
7621 0.010665
7622 0.010710
7623 0.010788
7624 0.010889
7625 0.011001
7626 0.011114
7627 0.011221
7628 0.011320
7629 0.011406
7630 0.011474
7631 0.011526
7632 0.011566
7633 0.011577
7634 0.011565
7635 0.011540
7636 0.011509
7637 0.011473
7638 0.011454
7639 0.011478
7640 0.011531
7641 0.011612
7642 0.011720
7643 0.011858
7644 0.012002
7645 0.012122
7646 0.012235
7647 0.012329
7648 0.012395
7649 0.012432
7650 0.012428
7651 0.012382
7652 0.012293
7653 0.012454
7654 0.012643
7655 0.012473
7656 0.012316
7657 0.012155
7658 0.012035
7659 0.011941
7660 0.011859
7661 0.011783
7662 0.011729
7663 0.011700
7664 0.011667
7665 0.011635
7666 0.011615
7667 0.011604
7668 0.011576
7669 0.011552
7670 0.011519
7671 0.011479
7672 0.011437
7673 0.011394
7674 0.011353
7675 0.011297
7676 0.011267
7677 0.011260
7678 0.011282
7679 0.011338
7680 0.011431
7681 0.011558
7682 0.011701
7683 0.011847
7684 0.011992
7685 0.012021
7686 0.011826
7687 0.011871
7688 0.011897
7689 0.011902
7690 0.011889
7691 0.011857
7692 0.011811
7693 0.011760
7694 0.012011
7695 0.012009
7696 0.011933
7697 0.011874
7698 0.011823
7699 0.011779
7700 0.011798
7701 0.011532
7702 0.011388
7703 0.011390
7704 0.011407
7705 0.011437
7706 0.011429
7707 0.011450
7708 0.011410
7709 0.011512
7710 0.011766
7711 0.011707
7712 0.011655
7713 0.011620
7714 0.011602
7715 0.011597
7716 0.011601
7717 0.011608
7718 0.011610
7719 0.011684
7720 0.011692
7721 0.011662
7722 0.011634
7723 0.011616
7724 0.011604
7725 0.011509
7726 0.011444
7727 0.011397
7728 0.011355
7729 0.011324
7730 0.011315
7731 0.011314
7732 0.011333
7733 0.011369
7734 0.011411
7735 0.011463
7736 0.011583
7737 0.011582
7738 0.011554
7739 0.011521
7740 0.011490
7741 0.011463
7742 0.011447
7743 0.011459
7744 0.011505
7745 0.011573
7746 0.011657
7747 0.011741
7748 0.011796
7749 0.011880
7750 0.011945
7751 0.011996
7752 0.012046
7753 0.012089
7754 0.012102
7755 0.012089
7756 0.012058
7757 0.011994
7758 0.011925
7759 0.011866
7760 0.011808
7761 0.011761
7762 0.011661
7763 0.011589
7764 0.011567
7765 0.011577
7766 0.011589
7767 0.011592
7768 0.011576
7769 0.011515
7770 0.011437
7771 0.011377
7772 0.011338
7773 0.011225
7774 0.011051
7775 0.010944
7776 0.010871
7777 0.010839
7778 0.010843
7779 0.010771
7780 0.010757
7781 0.010735
7782 0.010714
7783 0.010734
7784 0.010807
7785 0.010856
7786 0.010812
7787 0.010769
7788 0.010693
7789 0.010624
7790 0.010600
7791 0.010614
7792 0.010773
7793 0.010809
7794 0.010887
7795 0.010954
7796 0.011000
7797 0.011129
7798 0.011256
7799 0.011385
7800 0.011521
7801 0.011663
7802 0.011809
7803 0.011955
7804 0.012093
7805 0.012215
7806 0.012306
7807 0.012416
7808 0.012514
7809 0.012527
7810 0.012512
7811 0.012488
7812 0.012449
7813 0.012419
7814 0.012396
7815 0.012369
7816 0.012334
7817 0.012212
7818 0.012113
7819 0.012020
7820 0.011927
7821 0.011842
7822 0.011769
7823 0.011711
7824 0.011638
7825 0.011579
7826 0.011563
7827 0.011565
7828 0.011494
7829 0.011424
7830 0.011347
7831 0.011267
7832 0.011193
7833 0.011131
7834 0.011079
7835 0.011039
7836 0.011015
7837 0.011007
7838 0.011081
7839 0.011189
7840 0.011185
7841 0.011196
7842 0.011186
7843 0.011174
7844 0.011158
7845 0.011157
7846 0.011211
7847 0.011370
7848 0.011401
7849 0.011429
7850 0.011469
7851 0.011600
7852 0.011857
7853 0.011944
7854 0.011990
7855 0.012032
7856 0.012061
7857 0.012078
7858 0.012086
7859 0.012086
7860 0.011956
7861 0.011896
7862 0.011854
7863 0.011810
7864 0.011766
7865 0.011733
7866 0.011688
7867 0.011661
7868 0.011645
7869 0.011644
7870 0.011682
7871 0.011794
7872 0.011828
7873 0.011886
7874 0.011917
7875 0.011902
7876 0.011852
7877 0.011803
7878 0.011780
7879 0.011730
7880 0.011680
7881 0.011646
7882 0.011633
7883 0.011643
7884 0.011672
7885 0.011705
7886 0.011760
7887 0.011797
7888 0.011800
7889 0.011776
7890 0.011724
7891 0.011651
7892 0.011574
7893 0.011500
7894 0.011440
7895 0.011398
7896 0.011368
7897 0.011384
7898 0.011419
7899 0.011466
7900 0.011517
7901 0.011567
7902 0.011605
7903 0.011630
7904 0.011663
7905 0.011696
7906 0.011725
7907 0.011748
7908 0.011764
7909 0.011780
7910 0.012163
7911 0.012315
7912 0.012298
7913 0.012272
7914 0.012229
7915 0.012030
7916 0.011992
7917 0.011985
7918 0.011990
7919 0.011998
7920 0.011994
7921 0.011991
7922 0.011995
7923 0.011975
7924 0.011959
7925 0.011957
7926 0.011958
7927 0.011959
7928 0.011949
7929 0.011936
7930 0.011939
7931 0.011942
7932 0.011918
7933 0.011896
7934 0.011886
7935 0.011883
7936 0.011889
7937 0.011893
7938 0.011896
7939 0.011921
7940 0.011934
7941 0.011933
7942 0.011919
7943 0.011890
7944 0.011844
7945 0.011783
7946 0.011741
7947 0.011706
7948 0.011688
7949 0.011697
7950 0.011735
7951 0.011798
7952 0.011874
7953 0.011935
7954 0.011989
7955 0.012028
7956 0.012043
7957 0.012035
7958 0.012005
7959 0.011965
7960 0.011906
7961 0.011836
7962 0.011759
7963 0.011674
7964 0.011589
7965 0.011516
7966 0.011585
7967 0.011633
7968 0.011623
7969 0.011606
7970 0.011479
7971 0.011531
7972 0.011703
7973 0.011831
7974 0.011889
7975 0.011929
7976 0.011953
7977 0.011965
7978 0.011971
7979 0.011976
7980 0.011984
7981 0.011998
7982 0.012015
7983 0.012029
7984 0.012035
7985 0.012028
7986 0.012006
7987 0.011971
7988 0.011928
7989 0.011886
7990 0.011850
7991 0.011832
7992 0.011833
7993 0.011842
7994 0.011843
7995 0.011867
7996 0.011888
7997 0.011895
7998 0.011887
7999 0.011887
8000 0.011887
8005 0.011870
8010 0.012029
8015 0.012204
8020 0.012217
8025 0.012149
8030 0.011979
8035 0.011775
8040 0.011829
8045 0.011940
8050 0.011803
8055 0.011635
8060 0.011660
8065 0.011687
8070 0.011571
8075 0.011469
8080 0.011486
8085 0.011492
8090 0.011452
8095 0.011412
8100 0.011380
8105 0.011367
8110 0.011402
8115 0.011506
8120 0.011733
8125 0.011907
8129 0.012006
8135 0.012047
8139 0.012023
8145 0.011948
8149 0.011825
8155 0.011931
8159 0.012217
8165 0.012313
8169 0.012284
8175 0.012183
8179 0.012044
8185 0.011810
8189 0.011535
8195 0.011463
8200 0.011466
8205 0.011453
8210 0.011437
8215 0.011336
8220 0.011215
8225 0.011379
8230 0.011600
8235 0.011639
8240 0.011647
8245 0.011710
8250 0.011778
8255 0.011754
8260 0.011722
8265 0.011697
8270 0.011672
8275 0.011568
8280 0.011461
8285 0.011571
8290 0.011688
8295 0.011588
8300 0.011486
8305 0.011336
8310 0.011195
8315 0.011405
8320 0.011601
8325 0.011336
8330 0.011081
8335 0.011086
8340 0.011088
8345 0.011044
8350 0.011001
8355 0.010956
8360 0.010920
8365 0.011122
8370 0.011316
8375 0.011287
8380 0.011256
8385 0.011131
8390 0.011013
8395 0.011129
8400 0.011243
8405 0.011382
8410 0.011522
8415 0.011353
8420 0.011182
8425 0.011074
8430 0.010967
8435 0.010920
8440 0.010876
8445 0.010919
8450 0.010965
8455 0.011037
8460 0.011111
8465 0.010993
8470 0.010854
8475 0.010875
8480 0.010921
8485 0.010859
8490 0.010774
8495 0.010452
8500 0.010075
8505 0.010293
8510 0.010687
8515 0.010748
8520 0.010688
8525 0.010650
8530 0.010623
8535 0.010078
8540 0.009261
8545 0.009176
8550 0.009562
8555 0.010083
8560 0.010710
8565 0.010996
8570 0.010957
8575 0.010986
8580 0.011094
8585 0.011242
8590 0.011447
8595 0.011563
8600 0.011511
8605 0.011440
8610 0.011321
8615 0.011232
8620 0.011237
8625 0.011254
8630 0.011334
8635 0.011402
8640 0.011367
8645 0.011329
8650 0.011207
8655 0.011085
8660 0.010437
8665 0.009766
8670 0.010096
8675 0.010562
8680 0.010685
8685 0.010726
8690 0.010810
8695 0.010912
8700 0.011071
8705 0.011263
8710 0.011363
8715 0.011389
8720 0.011390
8725 0.011364
8730 0.011384
8735 0.011478
8740 0.011443
8745 0.011096
8750 0.010856
8755 0.011052
8760 0.011227
8765 0.011246
8770 0.011263
8775 0.011330
8780 0.011399
8785 0.011331
8790 0.011249
8795 0.011795
8800 0.012500
8805 0.012146
8810 0.011318
8815 0.011052
8820 0.011191
8825 0.011287
8830 0.011336
8835 0.011358
8840 0.011331
8845 0.011353
8850 0.011529
8855 0.011661
8860 0.011458
8865 0.011256
8870 0.011053
8875 0.010850
8880 0.010933
8885 0.011058
8890 0.011156
8895 0.011244
8900 0.011203
8905 0.011081
8910 0.010992
8915 0.010935
8920 0.010952
8925 0.011105
8930 0.011253
8935 0.011386
8940 0.011486
8945 0.011165
8950 0.010844
8955 0.011025
8960 0.011243
8965 0.011191
8970 0.011065
8975 0.011093
8980 0.011207
8985 0.011308
8990 0.011396
8995 0.011433
9000 0.011370
9005 0.011283
9010 0.011085
9015 0.010891
9020 0.010828
9025 0.010764
9030 0.010923
9035 0.011117
9040 0.011192
9045 0.011213
9050 0.011267
9055 0.011349
9060 0.011382
9065 0.011333
9070 0.011292
9075 0.011288
9080 0.011275
9085 0.010937
9090 0.010600
9095 0.010716
9100 0.010914
9105 0.011029
9110 0.011103
9115 0.011134
9120 0.011119
9125 0.011098
9130 0.011062
9135 0.011037
9140 0.011100
9145 0.011164
9150 0.011095
9155 0.011016
9160 0.011099
9165 0.011242
9170 0.011228
9175 0.011086
9180 0.011004
9185 0.011038
9190 0.011048
9195 0.010919
9200 0.010789
9205 0.010669
9210 0.010548
9215 0.010397
9220 0.010234
9225 0.010093
9230 0.009967
9235 0.009942
9240 0.010130
9245 0.010226
9250 0.009559
9255 0.008894
9260 0.009512
9265 0.010282
9270 0.010649
9275 0.010820
9280 0.010708
9285 0.010256
9290 0.009945
9295 0.010100
9300 0.010253
9305 0.010334
9310 0.010416
9315 0.010493
9320 0.010569
9325 0.010649
9330 0.010732
9335 0.010721
9340 0.010498
9345 0.010266
9350 0.009889
9355 0.009514
9360 0.010701
9365 0.012193
9370 0.012105
9375 0.010940
9380 0.010134
9385 0.009994
9390 0.009776
9395 0.008845
9400 0.007917
9405 0.008644
9410 0.009656
9415 0.010038
9420 0.009999
9425 0.009861
9430 0.009534
9435 0.009263
9440 0.009595
9445 0.009926
9450 0.009965
9455 0.009941
9460 0.010042
9465 0.010241
9470 0.010261
9475 0.009858
9480 0.009473
9485 0.009797
9490 0.010119
9495 0.010171
9500 0.010134
9505 0.010132
9510 0.010169
9515 0.010185
9520 0.010121
9525 0.010059
9530 0.010264
9535 0.010492
9540 0.010355
9545 0.010014
9550 0.009824
9555 0.009912
9560 0.009992
9565 0.009940
9570 0.009887
9575 0.010044
9580 0.010261
9585 0.010343
9590 0.010279
9595 0.010198
9600 0.010037
9605 0.009875
9610 0.010177
9615 0.010538
9620 0.010455
9625 0.010057
9630 0.009838
9635 0.010077
9640 0.010315
9645 0.010200
9650 0.010074
9655 0.010035
9660 0.010039
9665 0.010115
9670 0.010324
9675 0.010519
9680 0.010376
9685 0.010232
9690 0.010152
9695 0.010099
9700 0.010014
9705 0.009885
9710 0.009773
9715 0.009885
9720 0.009998
9725 0.010085
9730 0.010162
9735 0.010095
9740 0.009823
9745 0.009579
9750 0.009628
9755 0.009677
9760 0.009795
9765 0.009937
9770 0.009861
9775 0.009467
9780 0.009145
9785 0.009807
9790 0.010468
9795 0.010570
9800 0.010460
9805 0.009880
9810 0.008527
9815 0.007250
9820 0.008610
9825 0.009970
9830 0.010394
9835 0.010370
9840 0.010308
9845 0.010169
9850 0.010028
9855 0.010351
9860 0.010692
9865 0.010570
9870 0.010145
9875 0.009822
9880 0.009822
9885 0.009820
9890 0.009115
9895 0.008308
9900 0.008335
9905 0.009182
9910 0.009925
9915 0.009987
9920 0.010050
9925 0.010073
9930 0.010083
9935 0.009859
9940 0.009855
9945 0.009851
9950 0.009849
9955 0.009845
9960 0.009841
9965 0.009839
9970 0.009835
9975 0.009832
9980 0.009828
9985 0.009824
9990 0.009822
9995 0.009818
