# ave_Lya_emstr[801][real]: Average spectrum of 110 objects
950.  0.2332289
951.5  0.4085301
953.  0.525333
954.5  0.329641
956.  0.2471065
957.5  0.3448035
959.  0.3546453
960.5  0.5523864
962.  0.5815364
963.5  0.3201863
965.  0.2893089
966.5  0.2707163
968.  0.4556206
969.5  0.2245495
971.  0.3562677
972.5  0.1847926
974.  0.1092205
975.5  0.03041158
977.  0.1324559
978.5  0.3125103
980.  0.3059258
981.5  0.4422773
983.  0.4487019
984.5  0.3960764
986.  0.1721615
987.5  0.1692058
989.  0.4000266
990.5  0.4093358
992.  0.5775129
993.5  0.5748066
995.  0.6352747
996.5  0.5044715
998.  0.5206344
999.5  0.4752235
1001.  0.5209164
1002.5  0.5383453
1004.  0.3930658
1005.5  0.2500264
1007.  0.4919441
1008.5  0.5605382
1010.  0.5298187
1011.5  0.4879774
1013.  0.4140242
1014.5  0.5500826
1016.  0.5114869
1017.5  0.4975175
1019.  0.5661266
1020.5  0.5512318
1022.  0.3436378
1023.5  0.30153
1025.  0.2200232
1026.5  0.4257207
1028.  0.4573541
1029.5  0.3052887
1031.  0.3818075
1032.5  0.5620629
1034.  0.5142528
1035.5  0.5604169
1037.  0.8512149
1038.5  0.9002599
1040.  0.8844168
1041.5  0.7808121
1043.  0.6522102
1044.5  0.8049299
1046.  0.7576147
1047.5  0.6707456
1049.  0.6451047
1050.5  0.5572188
1052.  0.6364075
1053.5  0.665845
1055.  0.5456019
1056.5  0.5495914
1058.  0.6159977
1059.5  0.6359988
1061.  0.6971934
1062.5  0.8208688
1064.  0.8452711
1065.5  0.7153366
1067.  0.8131325
1068.5  0.7663773
1070.  0.7948235
1071.5  0.8496492
1073.  0.8081281
1074.5  0.8191725
1076.  0.7200646
1077.5  0.8449136
1079.  0.7745173
1080.5  0.7283646
1082.  0.7694228
1083.5  0.6817269
1085.  0.557254
1086.5  0.6139221
1088.  0.7041953
1089.5  0.7340026
1091.  0.6056231
1092.5  0.6124344
1094.  0.7137577
1095.5  0.748153
1097.  0.7545128
1098.5  0.5868038
1100.  0.4957176
1101.5  0.6586255
1103.  0.7530119
1104.5  0.6245157
1106.  0.6003662
1107.5  0.6500316
1109.  0.6808121
1110.5  0.6659808
1112.  0.6381117
1113.5  0.591397
1115.  0.7199255
1116.5  0.7157627
1118.  0.6174377
1119.5  0.6098019
1121.  0.7177464
1122.5  0.6611573
1124.  0.6548213
1125.5  0.6948581
1127.  0.6990282
1128.5  0.6434238
1130.  0.6900059
1131.5  0.7059525
1133.  0.5912591
1134.5  0.5804976
1136.  0.6256993
1137.5  0.7080171
1139.  0.7332113
1140.5  0.6237218
1142.  0.5707991
1143.5  0.6163897
1145.  0.6184674
1146.5  0.6477435
1148.  0.6883671
1149.5  0.687351
1151.  0.7290635
1152.5  0.7064307
1154.  0.6770072
1155.5  0.6246612
1157.  0.702253
1158.5  0.6736402
1160.  0.6311614
1161.5  0.6508508
1163.  0.7304881
1164.5  0.6819294
1166.  0.6979056
1167.5  0.6169426
1169.  0.6637777
1170.5  0.7242216
1172.  0.7195884
1173.5  0.5874013
1175.  0.5299059
1176.5  0.5605819
1178.  0.5362676
1179.5  0.605073
1181.  0.5970497
1182.5  0.6337984
1184.  0.6954287
1185.5  0.6559907
1187.  0.5737808
1188.5  0.5338855
1190.  0.5141495
1191.5  0.507435
1193.  0.604429
1194.5  0.6370456
1196.  0.6570501
1197.5  0.6975435
1199.  0.6910959
1200.5  0.6415232
1202.  0.6033344
1203.5  0.5621623
1205.  0.5463061
1206.5  0.5812801
1208.  0.6119964
1209.5  0.739521
1211.  1.140669
1212.5  2.095323
1214.  3.534298
1215.5  5.10431
1217.  5.814563
1218.5  5.19877
1220.  3.851377
1221.5  2.492108
1223.  1.593663
1224.5  1.242797
1226.  0.9948793
1227.5  0.8927904
1229.  0.9186851
1230.5  0.9106073
1232.  0.9081113
1233.5  0.9152797
1235.  0.8436588
1236.5  0.8753839
1238.  0.9685259
1239.5  1.035263
1241.  1.037208
1242.5  1.081076
1244.  1.133331
1245.5  1.08034
1247.  1.034434
1248.5  1.097163
1250.  1.066949
1251.5  1.021766
1253.  0.990822
1254.5  0.9887196
1256.  0.9350612
1257.5  0.8694642
1259.  0.7868567
1260.5  0.7761148
1262.  0.8960555
1263.5  0.9402723
1265.  1.025671
1266.5  1.051409
1268.  1.077877
1269.5  1.076282
1271.  1.068483
1272.5  1.046269
1274.  1.033167
1275.5  1.053744
1277.  1.094096
1278.5  1.055239
1280.  1.00654
1281.5  1.057881
1283.  1.078514
1284.5  1.075533
1286.  1.051329
1287.5  1.041198
1289.  1.01897
1290.5  0.9848548
1292.  1.010995
1293.5  1.017277
1295.  0.9472295
1296.5  0.9146017
1298.  0.9069834
1299.5  0.8776225
1301.  0.8556119
1302.5  0.8027509
1304.  0.8156061
1305.5  0.926791
1307.  1.036185
1308.5  1.045044
1310.  1.039183
1311.5  1.048575
1313.  1.097374
1314.5  1.063084
1316.  1.005291
1317.5  1.007798
1319.  1.043757
1320.5  1.043007
1322.  0.9919508
1323.5  0.9607338
1325.  1.027885
1326.5  1.06272
1328.  1.053964
1329.5  0.9922346
1331.  0.9616393
1332.5  0.8696424
1334.  0.8781061
1335.5  0.8869748
1337.  0.8899399
1338.5  0.9711091
1340.  0.9704665
1341.5  0.9765931
1343.  1.040813
1344.5  1.045479
1346.  1.010787
1347.5  0.9537772
1349.  0.984224
1350.5  1.020787
1352.  1.016243
1353.5  1.080691
1355.  1.110361
1356.5  1.113361
1358.  1.07918
1359.5  1.055646
1361.  0.9959098
1362.5  0.9701973
1364.  1.021848
1365.5  1.071485
1367.  1.024847
1368.5  0.9644898
1370.  0.9928202
1371.5  1.060346
1373.  1.048807
1374.5  1.008111
1376.  1.050825
1377.5  1.099866
1379.  1.091542
1380.5  0.9728079
1382.  0.9801013
1383.5  1.019512
1385.  0.9788342
1386.5  0.9783847
1388.  0.957709
1389.5  0.9438864
1391.  0.9270788
1392.5  0.856832
1394.  0.8208101
1395.5  0.8603057
1397.  0.8868349
1398.5  0.8504716
1400.  0.9018164
1401.5  1.036291
1403.  1.021026
1404.5  0.9759754
1406.  1.004429
1407.5  1.028826
1409.  1.038753
1410.5  1.002296
1412.  1.006836
1413.5  1.03149
1415.  1.037774
1416.5  1.011485
1418.  1.042671
1419.5  0.9593681
1421.  0.9644912
1422.5  1.001245
1424.  1.025496
1425.5  1.000787
1427.  0.9250183
1428.5  0.9107825
1430.  0.9255437
1431.5  0.8870586
1433.  0.8820709
1434.5  0.9315183
1436.  0.9380252
1437.5  0.9717991
1439.  1.036988
1440.5  1.037019
1442.  1.034068
1443.5  1.039293
1445.  1.000346
1446.5  1.035147
1448.  1.014652
1449.5  0.9412903
1451.  0.9336455
1452.5  0.9364645
1454.  0.9366493
1455.5  0.9279695
1457.  0.9557319
1458.5  0.9831458
1460.  1.00013
1461.5  0.9582608
1463.  0.9831595
1464.5  1.022314
1466.  0.9278723
1467.5  0.99475
1469.  0.9584775
1470.5  0.9724797
1472.  0.9864019
1473.5  0.946691
1475.  0.9736515
1476.5  0.9892746
1478.  0.9688203
1479.5  0.979457
1481.  0.9593036
1482.5  0.9209195
1484.  0.9847869
1485.5  0.9635334
1487.  0.9396999
1488.5  0.9373375
1490.  0.9936511
1491.5  0.9910558
1493.  0.9402219
1494.5  0.9379889
1496.  0.9777513
1497.5  0.9605094
1499.  0.9164161
1500.5  0.8898062
1502.  0.8918635
1503.5  0.8801342
1505.  0.9605538
1506.5  0.9721673
1508.  0.9737132
1509.5  0.9175014
1511.  0.9080558
1512.5  0.9394919
1514.  1.00575
1515.5  1.003161
1517.  0.8938144
1518.5  0.8763434
1520.  0.9520509
1521.5  0.9899608
1523.  0.9830295
1524.5  0.8836319
1526.  0.7869669
1527.5  0.782925
1529.  0.8325727
1530.5  0.8994727
1532.  0.9121435
1533.5  0.9620749
1535.  0.9368557
1536.5  0.9914821
1538.  0.9431434
1539.5  0.778317
1541.  0.7286127
1542.5  0.8178903
1544.  0.8502839
1545.5  0.7923602
1547.  0.7983428
1548.5  0.8393306
1550.  0.8455719
1551.5  0.9047695
1553.  0.9669826
1554.5  0.9776387
1556.  0.962327
1557.5  0.9389148
1559.  0.9055227
1560.5  0.8784881
1562.  0.9044436
1563.5  0.9133458
1565.  0.8994879
1566.5  0.9081684
1568.  0.8487093
1569.5  0.8919508
1571.  0.9536214
1572.5  0.9095665
1574.  0.8266072
1575.5  0.8614561
1577.  0.9064754
1578.5  0.8803552
1580.  0.9131246
1581.5  0.9471022
1583.  0.9550019
1584.5  0.9349895
1586.  0.8987729
1587.5  0.7871249
1589.  0.9052048
1590.5  1.007794
1592.  0.9284613
1593.5  0.8401991
1595.  0.8428411
1596.5  0.8974535
1598.  0.9303418
1599.5  0.8746024
1601.  0.8389394
1602.5  0.8407434
1604.  0.8468785
1605.5  0.8377367
1607.  0.8400468
1608.5  0.7706146
1610.  0.7774807
1611.5  0.7834685
1613.  0.827479
1614.5  0.840845
1616.  0.8642676
1617.5  0.8319252
1619.  0.7787223
1620.5  0.8541732
1622.  0.8727748
1623.5  0.8536073
1625.  0.8372108
1626.5  0.8321075
1628.  0.799383
1629.5  0.8293525
1631.  0.8365703
1632.5  0.7932606
1634.  0.816916
1635.5  0.9164868
1637.  0.9416835
1638.5  0.9923558
1640.  1.027317
1641.5  0.9766638
1643.  0.9324949
1644.5  0.9439373
1646.  0.9527075
1647.5  0.8874068
1649.  0.8562976
1650.5  0.8175557
1652.  0.7548715
1653.5  0.7932815
1655.  0.841171
1656.5  0.8548284
1658.  0.8675331
1659.5  0.8821507
1661.  0.8919657
1662.5  0.9232571
1664.  0.9504507
1665.5  0.9439423
1667.  0.8937169
1668.5  0.8665393
1670.  0.8745907
1671.5  0.8060576
1673.  0.7685338
1674.5  0.7702182
1676.  0.8104042
1677.5  0.8315454
1679.  0.8395205
1680.5  0.846481
1682.  0.8402302
1683.5  0.8228518
1685.  0.8220396
1686.5  0.8174416
1688.  0.8165306
1689.5  0.8315555
1691.  0.8121598
1692.5  0.7975504
1694.  0.7324556
1695.5  0.7431715
1697.  0.7883219
1698.5  0.780368
1700.  0.7766044
1701.5  0.7609261
1703.  0.7371906
1704.5  0.7569553
1706.  0.8236575
1707.5  0.7825948
1709.  0.7354324
1710.5  0.7754619
1712.  0.8138795
1713.5  0.7957348
1715.  0.7831703
1716.5  0.794055
1718.  0.75822
1719.5  0.701899
1721.  0.6928613
1722.5  0.8001117
1724.  0.8098227
1725.5  0.8129593
1727.  0.743492
1728.5  0.7334261
1730.  0.8077149
1731.5  0.8199573
1733.  0.787459
1734.5  0.743908
1736.  0.7594674
1737.5  0.754654
1739.  0.7260367
1740.5  0.7345985
1742.  0.7524217
1743.5  0.7713759
1745.  0.7578363
1746.5  0.7895394
1748.  0.8162096
1749.5  0.8088908
1751.  0.7898673
1752.5  0.8014411
1754.  0.734894
1755.5  0.7896531
1757.  0.7944561
1758.5  0.8064471
1760.  0.8610885
1761.5  0.8215001
1763.  0.7456681
1764.5  0.7318208
1766.  0.7418159
1767.5  0.7584594
1769.  0.7111817
1770.5  0.7374908
1772.  0.7773529
1773.5  0.7661142
1775.  0.7699994
1776.5  0.7316892
1778.  0.7111085
1779.5  0.7335209
1781.  0.7417981
1782.5  0.7285685
1784.  0.7509065
1785.5  0.7973722
1787.  0.7735913
1788.5  0.7880247
1790.  0.7996918
1791.5  0.7477102
1793.  0.6958464
1794.5  0.6932835
1796.  0.701102
1797.5  0.7422499
1799.  0.7607062
1800.5  0.7543884
1802.  0.7606163
1803.5  0.7477846
1805.  0.7145159
1806.5  0.7085079
1808.  0.7118355
1809.5  0.7218863
1811.  0.7153272
1812.5  0.7165524
1814.  0.7503099
1815.5  0.7484258
1817.  0.7103309
1818.5  0.7204497
1820.  0.7289368
1821.5  0.7382099
1823.  0.7212288
1824.5  0.7309269
1826.  0.7487649
1827.5  0.750155
1829.  0.7673236
1830.5  0.7699742
1832.  0.6870891
1833.5  0.6748516
1835.  0.6857189
1836.5  0.6673038
1838.  0.6568421
1839.5  0.6661039
1841.  0.7402723
1842.5  0.7542634
1844.  0.6918334
1845.5  0.6230658
1847.  0.6374228
1848.5  0.6629228
1850.  0.708981
1851.5  0.7604309
1853.  0.7130033
1854.5  0.6440808
1856.  0.64899
1857.5  0.6466233
1859.  0.6134423
1860.5  0.6167051
1862.  0.6780322
1863.5  0.7073363
1865.  0.7048395
1866.5  0.6795542
1868.  0.6358693
1869.5  0.694261
1871.  0.7466525
1872.5  0.7184293
1874.  0.6848664
1875.5  0.7336231
1877.  0.7206472
1878.5  0.7088264
1880.  0.7542161
1881.5  0.8475165
1883.  0.860751
1884.5  0.7775301
1886.  0.7150062
1887.5  0.7150319
1889.  0.6711014
1890.5  0.6804852
1892.  0.7592877
1893.5  0.7663361
1895.  0.7400751
1896.5  0.7252687
1898.  0.732582
1899.5  0.6899184
1901.  0.6714113
1902.5  0.6879034
1904.  0.8594641
1905.5  0.9232683
1907.  0.8964693
1908.5  0.9385707
1910.  0.9837617
1911.5  0.8965896
1913.  0.7987226
1914.5  0.7171544
1916.  0.6460172
1917.5  0.6744962
1919.  0.6931529
1920.5  0.6668633
1922.  0.6707315
1923.5  0.6673907
1925.  0.671488
1926.5  0.6759427
1928.  0.6820171
1929.5  0.7086469
1931.  0.6835359
1932.5  0.6304737
1934.  0.6642772
1935.5  0.7675444
1937.  0.8143758
1938.5  0.7673483
1940.  0.6980016
1941.5  0.6504846
1943.  0.608557
1944.5  0.6034966
1946.  0.6476179
1947.5  0.693867
1949.  0.6612645
1950.5  0.6575133
1952.  0.6313735
1953.5  0.5873009
1955.  0.6048985
1956.5  0.6373737
1958.  0.6254627
1959.5  0.6138773
1961.  0.6491413
1962.5  0.6791014
1964.  0.6540422
1965.5  0.66471
1967.  0.6272661
1968.5  0.6133124
1970.  0.6609603
1971.5  0.6770511
1973.  0.7227091
1974.5  0.7083664
1976.  0.6190827
1977.5  0.6170087
1979.  0.6102111
1980.5  0.6617219
1982.  0.6969588
1983.5  0.7303718
1985.  0.6962171
1986.5  0.544808
1988.  0.5071787
1989.5  0.5405711
1991.  0.5643332
1992.5  0.5692887
1994.  0.6339355
1995.5  0.6341219
1997.  0.5292697
1998.5  0.6197188
2000.  0.6568229
2001.5  0.5556049
2003.  0.5715256
2004.5  0.612799
2006.  0.6083879
2007.5  0.6203677
2009.  0.5839641
2010.5  0.5597897
2012.  0.601659
2013.5  0.613753
2015.  0.5906786
2016.5  0.6528703
2018.  0.7085488
2019.5  0.7045294
2021.  0.6558747
2022.5  0.65924
2024.  0.6657043
2025.5  0.676493
2027.  0.6507145
2028.5  0.6268873
2030.  0.6023564
2031.5  0.5822231
2033.  0.5469857
2034.5  0.5778821
2036.  0.65374
2037.5  0.5899794
2039.  0.5320566
2040.5  0.5961717
2042.  0.6813568
2043.5  0.6211218
2045.  0.495245
2046.5  0.5552692
2048.  0.6313035
2049.5  0.6283178
2051.  0.5499222
2052.5  0.5076326
2054.  0.5195039
2055.5  0.5680556
2057.  0.6517428
2058.5  0.7112686
2060.  0.7105301
2061.5  0.6436445
2063.  0.5960238
2064.5  0.6524209
2066.  0.6031641
2067.5  0.5304686
2069.  0.5377341
2070.5  0.591759
2072.  0.5637375
2073.5  0.5512918
2075.  0.5643431
2076.5  0.6004481
2078.  0.6465132
2079.5  0.6878296
2081.  0.7352244
2082.5  0.7153607
2084.  0.6704518
2085.5  0.644238
2087.  0.6366563
2088.5  0.6565145
2090.  0.6178092
2091.5  0.5784723
2093.  0.5627956
2094.5  0.6574521
2096.  0.6543301
2097.5  0.5717176
2099.  0.5668239
2100.5  0.6252356
2102.  0.6042948
2103.5  0.5400316
2105.  0.5898556
2106.5  0.6619177
2108.  0.6665433
2109.5  0.6803285
2111.  0.6662432
2112.5  0.6104935
2114.  0.587896
2115.5  0.6150275
2117.  0.6355676
2118.5  0.6708947
2120.  0.717448
2121.5  0.6264991
2123.  0.5472764
2124.5  0.5615621
2126.  0.5891272
2127.5  0.5574418
2129.  0.5551748
2130.5  0.6749348
2132.  0.7045052
2133.5  0.622923
2135.  0.6315361
2136.5  0.6244704
2138.  0.6221862
2139.5  0.6002691
2141.  0.6439462
2142.5  0.6784175
2144.  0.6718466
2145.5  0.657129
2147.  0.6586583
2148.5  0.6724731
2150.  0.6758133
