# ave_BX_highred[668][real]: Average spectrum of 118 objects
950.  0.2840969
951.5  0.2463471
953.  0.222329
954.5  0.1861552
956.  0.4576318
957.5  0.5604964
959.  0.3109798
960.5  0.3407511
962.  0.4631692
963.5  0.4417667
965.  0.3481074
966.5  0.3145948
968.  0.3111543
969.5  0.1110974
971.  0.2022622
972.5  0.2581627
974.  0.06254274
975.5  0.02698075
977.  0.2230107
978.5  0.3120195
980.  0.23382
981.5  0.2458
983.  0.4036266
984.5  0.3957554
986.  0.3166439
987.5  0.4078134
989.  0.346013
990.5  0.2403033
992.  0.3210495
993.5  0.5677277
995.  0.4958085
996.5  0.5569274
998.  0.4483908
999.5  0.3857203
1001.  0.4683609
1002.5  0.4796308
1004.  0.4825763
1005.5  0.4653294
1007.  0.4865845
1008.5  0.3882858
1010.  0.4125421
1011.5  0.3854783
1013.  0.5217324
1014.5  0.5414397
1016.  0.4841069
1017.5  0.4551913
1019.  0.5133913
1020.5  0.3663798
1022.  0.3696686
1023.5  0.2644495
1025.  0.2185483
1026.5  0.1684417
1028.  0.2398925
1029.5  0.1645449
1031.  0.2763483
1032.5  0.2514941
1034.  0.3107526
1035.5  0.3383714
1037.  0.2490142
1038.5  0.3433604
1040.  0.4685723
1041.5  0.6338573
1043.  0.720256
1044.5  0.7038517
1046.  0.6578057
1047.5  0.7235467
1049.  0.7086879
1050.5  0.6563781
1052.  0.7302532
1053.5  0.773665
1055.  0.6625914
1056.5  0.7075968
1058.  0.6515332
1059.5  0.6356357
1061.  0.6822106
1062.5  0.6276329
1064.  0.573088
1065.5  0.6097822
1067.  0.6552116
1068.5  0.6118439
1070.  0.6275896
1071.5  0.6521805
1073.  0.6477098
1074.5  0.6108891
1076.  0.6308202
1077.5  0.7253549
1079.  0.6532777
1080.5  0.6062093
1082.  0.5439336
1083.5  0.5445707
1085.  0.5586796
1086.5  0.5331542
1088.  0.5728654
1089.5  0.6224634
1091.  0.6406918
1092.5  0.7074837
1094.  0.6005887
1095.5  0.5553795
1097.  0.6042681
1098.5  0.6538088
1100.  0.7266045
1101.5  0.7363257
1103.  0.7095464
1104.5  0.7481214
1106.  0.7767606
1107.5  0.6684389
1109.  0.6103237
1110.5  0.6264563
1112.  0.6194909
1113.5  0.6216101
1115.  0.687407
1116.5  0.7210749
1118.  0.6925956
1119.5  0.724689
1121.  0.6808088
1122.5  0.6081882
1124.  0.6294542
1125.5  0.5811491
1127.  0.5678191
1128.5  0.639434
1130.  0.6465237
1131.5  0.6657843
1133.  0.6944275
1134.5  0.658044
1136.  0.6846323
1137.5  0.7077984
1139.  0.7206643
1140.5  0.710476
1142.  0.6606097
1143.5  0.6057596
1145.  0.6087725
1146.5  0.6403005
1148.  0.6785409
1149.5  0.7020293
1151.  0.758621
1152.5  0.760766
1154.  0.6515348
1155.5  0.6524909
1157.  0.6878746
1158.5  0.7130427
1160.  0.7314805
1161.5  0.6981347
1163.  0.7287382
1164.5  0.7288583
1166.  0.7326383
1167.5  0.7427312
1169.  0.7006398
1170.5  0.6589012
1172.  0.6296874
1173.5  0.5786816
1175.  0.588044
1176.5  0.6135744
1178.  0.6772757
1179.5  0.6724497
1181.  0.7025248
1182.5  0.7281812
1184.  0.713259
1185.5  0.7191773
1187.  0.6794502
1188.5  0.6289009
1190.  0.5071605
1191.5  0.418014
1193.  0.4203201
1194.5  0.514219
1196.  0.5954393
1197.5  0.6511174
1199.  0.6031691
1200.5  0.5321488
1202.  0.4713012
1203.5  0.4368148
1205.  0.3806297
1206.5  0.2950501
1208.  0.2598082
1209.5  0.2716753
1211.  0.321251
1212.5  0.3563771
1214.  0.378333
1215.5  0.430956
1217.  0.5536246
1218.5  0.6065285
1220.  0.6886351
1221.5  0.6718253
1223.  0.6698774
1224.5  0.6779407
1226.  0.6984355
1227.5  0.7467361
1229.  0.7776839
1230.5  0.7551442
1232.  0.788485
1233.5  0.8566503
1235.  0.8597937
1236.5  0.8519982
1238.  0.819172
1239.5  0.8148645
1241.  0.8969779
1242.5  0.9639154
1244.  1.067487
1245.5  1.107131
1247.  1.047434
1248.5  0.9786295
1250.  0.9641545
1251.5  0.9577345
1253.  0.9762248
1254.5  0.9571494
1256.  0.8997694
1257.5  0.869464
1259.  0.7778757
1260.5  0.7245018
1262.  0.7843615
1263.5  0.9360494
1265.  1.04873
1266.5  1.090767
1268.  1.11009
1269.5  1.111232
1271.  1.111973
1272.5  1.081367
1274.  1.105901
1275.5  1.0966
1277.  1.056478
1278.5  1.074663
1280.  1.100246
1281.5  1.112601
1283.  1.116395
1284.5  1.104636
1286.  1.133008
1287.5  1.12272
1289.  1.119477
1290.5  1.122375
1292.  1.088817
1293.5  1.074418
1295.  1.048104
1296.5  0.9875395
1298.  0.8957524
1299.5  0.7810409
1301.  0.6557686
1302.5  0.5904702
1304.  0.6378313
1305.5  0.7908445
1307.  0.9974105
1308.5  1.137726
1310.  1.181268
1311.5  1.229354
1313.  1.186338
1314.5  1.123342
1316.  1.128086
1317.5  1.117503
1319.  1.102976
1320.5  1.12695
1322.  1.14655
1323.5  1.137896
1325.  1.08448
1326.5  1.09523
1328.  1.115822
1329.5  1.049994
1331.  0.9679141
1332.5  0.812164
1334.  0.7037005
1335.5  0.7381231
1337.  0.8261981
1338.5  0.9713331
1340.  1.092585
1341.5  1.088139
1343.  1.068062
1344.5  1.088893
1346.  1.103912
1347.5  1.118498
1349.  1.128983
1350.5  1.1116
1352.  1.086021
1353.5  1.101382
1355.  1.113067
1356.5  1.119956
1358.  1.132584
1359.5  1.113421
1361.  1.088315
1362.5  1.089731
1364.  1.071627
1365.5  1.067855
1367.  1.070668
1368.5  1.065517
1370.  1.105902
1371.5  1.116971
1373.  1.08009
1374.5  1.089497
1376.  1.128636
1377.5  1.088819
1379.  1.068123
1380.5  1.039279
1382.  1.060812
1383.5  1.061187
1385.  1.027638
1386.5  1.040843
1388.  1.000155
1389.5  0.9294558
1391.  0.8469488
1392.5  0.8038198
1394.  0.7841418
1395.5  0.7945983
1397.  0.8878936
1398.5  0.8864993
1400.  0.8757673
1401.5  0.8887029
1403.  0.8666759
1404.5  0.9234677
1406.  1.003112
1407.5  1.071486
1409.  1.075326
1410.5  1.07977
1412.  1.094153
1413.5  1.099436
1415.  1.073497
1416.5  1.051826
1418.  1.017339
1419.5  0.9924632
1421.  1.005957
1422.5  1.029909
1424.  1.04004
1425.5  1.024873
1427.  1.040824
1428.5  1.02058
1430.  0.9814901
1431.5  1.017925
1433.  1.04313
1434.5  1.041553
1436.  1.082865
1437.5  1.069478
1439.  1.047108
1440.5  1.069098
1442.  1.089972
1443.5  1.058669
1445.  1.042227
1446.5  1.069793
1448.  1.048294
1449.5  1.043708
1451.  1.081738
1452.5  1.043566
1454.  0.9766074
1455.5  0.9705304
1457.  1.00767
1458.5  1.019186
1460.  1.016499
1461.5  1.052112
1463.  1.080154
1464.5  1.064299
1466.  1.049663
1467.5  1.026436
1469.  1.011295
1470.5  1.016763
1472.  1.037986
1473.5  1.0227
1475.  1.024636
1476.5  1.03369
1478.  1.02249
1479.5  1.034629
1481.  1.038642
1482.5  1.019804
1484.  1.035503
1485.5  1.044901
1487.  1.068171
1488.5  1.066356
1490.  1.047873
1491.5  1.018801
1493.  1.051228
1494.5  1.026055
1496.  1.025806
1497.5  1.007388
1499.  0.9842698
1500.5  0.9798407
1502.  0.9644016
1503.5  0.9825582
1505.  1.027059
1506.5  1.058354
1508.  1.064076
1509.5  1.029633
1511.  1.025377
1512.5  1.013279
1514.  1.026695
1515.5  1.057621
1517.  1.019741
1518.5  0.9772079
1520.  1.001752
1521.5  0.9957842
1523.  0.9521826
1524.5  0.8419229
1526.  0.723275
1527.5  0.7505353
1529.  0.8116366
1530.5  0.8784539
1532.  0.933418
1533.5  0.9991515
1535.  0.989783
1536.5  0.9373421
1538.  0.9457164
1539.5  0.9037336
1541.  0.835948
1542.5  0.8226224
1544.  0.7353134
1545.5  0.6358347
1547.  0.5827366
1548.5  0.5624025
1550.  0.6166843
1551.5  0.7907496
1553.  0.9427832
1554.5  0.9884175
1556.  0.9652444
1557.5  0.9777696
1559.  0.9892542
1560.5  0.9625273
1562.  0.9617964
1563.5  0.9634858
1565.  0.9687018
1566.5  0.9622598
1568.  0.926661
1569.5  0.9339917
1571.  0.9564646
1572.5  0.9279608
1574.  0.9575309
1575.5  0.9741842
1577.  0.9436281
1578.5  0.9466311
1580.  0.9566249
1581.5  0.9851559
1583.  0.968439
1584.5  0.9807311
1586.  1.003768
1587.5  0.9705794
1589.  0.9449659
1590.5  0.987799
1592.  1.006698
1593.5  0.9618175
1595.  0.940246
1596.5  0.9899531
1598.  0.9940237
1599.5  1.003155
1601.  1.014817
1602.5  0.9655517
1604.  0.8850592
1605.5  0.8262047
1607.  0.7995303
1608.5  0.7396508
1610.  0.6933967
1611.5  0.7563927
1613.  0.8671114
1614.5  0.864449
1616.  0.880828
1617.5  0.9197773
1619.  0.9803146
1620.5  0.9797629
1622.  0.9168988
1623.5  0.8872607
1625.  0.9062762
1626.5  0.9347338
1628.  0.8628827
1629.5  0.8652532
1631.  0.9048428
1632.5  0.9402767
1634.  0.9821095
1635.5  1.017813
1637.  0.9935993
1638.5  0.9818708
1640.  0.9655301
1641.5  0.964083
1643.  1.00878
1644.5  1.01883
1646.  1.005283
1647.5  1.025029
1649.  1.005341
1650.5  0.9534706
1652.  0.9029951
1653.5  0.884449
1655.  0.9165588
1656.5  0.9153638
1658.  0.9137727
1659.5  0.9120197
1661.  0.9162847
1662.5  0.9374876
1664.  0.9267633
1665.5  0.9132256
1667.  0.8659731
1668.5  0.7628695
1670.  0.6642547
1671.5  0.6643739
1673.  0.7402286
1674.5  0.8209805
1676.  0.8789067
1677.5  0.9066274
1679.  0.9115168
1680.5  0.9190757
1682.  0.9434348
1683.5  0.9528986
1685.  0.9409046
1686.5  0.8872871
1688.  0.8927167
1689.5  0.9161584
1691.  0.9139043
1692.5  0.9059994
1694.  0.884483
1695.5  0.8701284
1697.  0.8662584
1698.5  0.8657784
1700.  0.8486751
1701.5  0.881301
1703.  0.8436735
1704.5  0.8507618
1706.  0.8985703
1707.5  0.8660377
1709.  0.8467168
1710.5  0.8396828
1712.  0.8323117
1713.5  0.8522627
1715.  0.8460414
1716.5  0.8535974
1718.  0.8616683
1719.5  0.8085541
1721.  0.7860235
1722.5  0.7995896
1724.  0.8213525
1725.5  0.8560326
1727.  0.8452955
1728.5  0.8359157
1730.  0.8564646
1731.5  0.8967876
1733.  0.9284291
1734.5  0.8973268
1736.  0.8765857
1737.5  0.8852586
1739.  0.8637497
1740.5  0.8548727
1742.  0.8690665
1743.5  0.8665201
1745.  0.8600926
1746.5  0.8167629
1748.  0.8086814
1749.5  0.8399177
1751.  0.8593668
1752.5  0.8600969
1754.  0.858996
1755.5  0.8599666
1757.  0.9101923
1758.5  0.9618468
1760.  0.8803844
1761.5  0.8493199
1763.  0.8679652
1764.5  0.794167
1766.  0.7732933
1767.5  0.8832209
1769.  0.8644102
1770.5  0.8363312
1772.  0.7797574
1773.5  0.8313901
1775.  0.8671964
1776.5  0.8478209
1778.  0.8586634
1779.5  0.8859872
1781.  0.8734931
1782.5  0.8258955
1784.  0.8337721
1785.5  0.8759456
1787.  0.8534553
1788.5  0.8326566
1790.  0.8356494
1791.5  0.8548346
1793.  0.8343042
1794.5  0.7963828
1796.  0.8413935
1797.5  0.8744397
1799.  0.8475028
1800.5  0.8299202
1802.  0.8057578
1803.5  0.8287202
1805.  0.8523019
1806.5  0.8427159
1808.  0.8340337
1809.5  0.8377001
1811.  0.8549542
1812.5  0.8114612
1814.  0.8598103
1815.5  0.817195
1817.  0.8263327
1818.5  0.897574
1820.  0.8819082
1821.5  0.8170873
1823.  0.8053497
1824.5  0.8086479
1826.  0.8162727
1827.5  0.8194607
1829.  0.8282134
1830.5  0.80302
1832.  0.7975559
1833.5  0.8134127
1835.  0.8281038
1836.5  0.8215863
1838.  0.803983
1839.5  0.8406985
1841.  0.83662
1842.5  0.7829573
1844.  0.7701012
1845.5  0.7508067
1847.  0.7812177
1848.5  0.7867399
1850.  0.7309736
1851.5  0.7237203
1853.  0.6535046
1854.5  0.5853902
1856.  0.6047053
1857.5  0.6832867
1859.  0.7165573
1860.5  0.6704288
1862.  0.6703492
1863.5  0.6814424
1865.  0.7031257
1866.5  0.783339
1868.  0.793105
1869.5  0.7793105
1871.  0.7667866
1872.5  0.7472164
1874.  0.7684041
1875.5  0.7871395
1877.  0.7428972
1878.5  0.7716008
1880.  0.8152956
1881.5  0.7854961
1883.  0.7762852
1884.5  0.7810852
1886.  0.7351848
1887.5  0.668344
1889.  0.6792567
1890.5  0.7210367
1892.  0.730172
1893.5  0.7060594
1895.  0.6879696
1896.5  0.6493956
1898.  0.716988
1899.5  0.7866477
1901.  0.7614582
1902.5  0.7457814
1904.  0.7734764
1905.5  0.7982367
1907.  0.8842475
1908.5  0.9093567
1910.  0.8593892
1911.5  0.8094506
1913.  0.7622244
1914.5  0.6960155
1916.  0.6434138
1917.5  0.7159951
1919.  0.751619
1920.5  0.7424679
1922.  0.7335223
1923.5  0.7380678
1925.  0.7004433
1926.5  0.6460431
1928.  0.658133
1929.5  0.6870927
1931.  0.6376597
1932.5  0.6121457
1934.  0.6477461
1935.5  0.6881992
1937.  0.6966755
1938.5  0.7075327
1940.  0.7799065
1941.5  0.7470937
1943.  0.6805648
1944.5  0.6593174
1946.  0.667179
1947.5  0.6612993
1949.  0.7066546
1950.5  0.7480643
