# ave_Lya_abs[801][real]: Average spectrum of 127 objects
950.  0.2077015
951.5  0.1024482
953.  0.1388933
954.5  0.2494461
956.  0.3624217
957.5  0.5284179
959.  0.2986622
960.5  0.2584955
962.  0.2377935
963.5  0.4412077
965.  0.3558405
966.5  0.2461666
968.  0.1950897
969.5  0.1441785
971.  0.150466
972.5  0.127557
974.  0.0966673
975.5  0.1491572
977.  0.1913957
978.5  0.1924071
980.  0.2919013
981.5  0.3396521
983.  0.3636667
984.5  0.3447941
986.  0.2756039
987.5  0.3745237
989.  0.3698063
990.5  0.2146454
992.  0.1988272
993.5  0.2702445
995.  0.4114048
996.5  0.450097
998.  0.4264753
999.5  0.4687629
1001.  0.4435294
1002.5  0.399887
1004.  0.4844372
1005.5  0.4290718
1007.  0.4318759
1008.5  0.3665005
1010.  0.409272
1011.5  0.4026673
1013.  0.3890972
1014.5  0.4692328
1016.  0.3430138
1017.5  0.3619106
1019.  0.3576939
1020.5  0.2143325
1022.  0.2101663
1023.5  0.1708069
1025.  0.1631315
1026.5  0.1328785
1028.  0.1339017
1029.5  0.1715142
1031.  0.2621742
1032.5  0.3529634
1034.  0.2986954
1035.5  0.3214515
1037.  0.2614655
1038.5  0.2991332
1040.  0.3668251
1041.5  0.5932201
1043.  0.6836591
1044.5  0.634178
1046.  0.6727976
1047.5  0.6344804
1049.  0.5782599
1050.5  0.6162748
1052.  0.6567571
1053.5  0.708219
1055.  0.635497
1056.5  0.659703
1058.  0.6128671
1059.5  0.5949709
1061.  0.6242546
1062.5  0.5612937
1064.  0.5434869
1065.5  0.6041093
1067.  0.6105198
1068.5  0.6727759
1070.  0.7045402
1071.5  0.6974039
1073.  0.6679016
1074.5  0.5838075
1076.  0.5863431
1077.5  0.7020393
1079.  0.6157806
1080.5  0.5938367
1082.  0.5630662
1083.5  0.5193876
1085.  0.4879623
1086.5  0.4776756
1088.  0.5734015
1089.5  0.6558349
1091.  0.70087
1092.5  0.6944961
1094.  0.6680848
1095.5  0.6157159
1097.  0.6499145
1098.5  0.6771036
1100.  0.702132
1101.5  0.7382467
1103.  0.6984304
1104.5  0.6813298
1106.  0.7529058
1107.5  0.6348804
1109.  0.6362731
1110.5  0.6189311
1112.  0.6122115
1113.5  0.6180841
1115.  0.7318459
1116.5  0.7068097
1118.  0.6705477
1119.5  0.70178
1121.  0.6341802
1122.5  0.5905839
1124.  0.5720608
1125.5  0.5513433
1127.  0.5858871
1128.5  0.5904469
1130.  0.5795345
1131.5  0.6275764
1133.  0.6416126
1134.5  0.6317618
1136.  0.6872462
1137.5  0.6861685
1139.  0.6835933
1140.5  0.6707066
1142.  0.6457017
1143.5  0.5793907
1145.  0.5989125
1146.5  0.6342522
1148.  0.6615351
1149.5  0.674091
1151.  0.6707759
1152.5  0.7226719
1154.  0.717177
1155.5  0.6918296
1157.  0.7226175
1158.5  0.7333207
1160.  0.7238058
1161.5  0.7247379
1163.  0.7729236
1164.5  0.7419835
1166.  0.7416261
1167.5  0.7459444
1169.  0.6961055
1170.5  0.6934115
1172.  0.7064521
1173.5  0.6255498
1175.  0.545878
1176.5  0.5750501
1178.  0.6341792
1179.5  0.682012
1181.  0.7388495
1182.5  0.7393519
1184.  0.7208955
1185.5  0.7277369
1187.  0.7131147
1188.5  0.6105042
1190.  0.5144776
1191.5  0.4460577
1193.  0.4216289
1194.5  0.5094426
1196.  0.5907746
1197.5  0.5837901
1199.  0.5721049
1200.5  0.5289653
1202.  0.4775541
1203.5  0.4235495
1205.  0.3514771
1206.5  0.2705016
1208.  0.2128318
1209.5  0.1889332
1211.  0.1573604
1212.5  0.1433184
1214.  0.154164
1215.5  0.2056436
1217.  0.2436345
1218.5  0.3366462
1220.  0.3874152
1221.5  0.4348152
1223.  0.505379
1224.5  0.5677779
1226.  0.6341811
1227.5  0.6658503
1229.  0.6893612
1230.5  0.7296189
1232.  0.7468259
1233.5  0.7490402
1235.  0.7600189
1236.5  0.815828
1238.  0.8325748
1239.5  0.8619868
1241.  0.9075684
1242.5  0.965481
1244.  1.011746
1245.5  1.047162
1247.  1.002355
1248.5  0.9901079
1250.  0.9454904
1251.5  0.8940781
1253.  0.9169461
1254.5  0.893553
1256.  0.8676118
1257.5  0.811694
1259.  0.7319117
1260.5  0.6940095
1262.  0.717253
1263.5  0.8499021
1265.  1.003514
1266.5  1.058307
1268.  1.066578
1269.5  1.06096
1271.  1.056502
1272.5  1.076616
1274.  1.090804
1275.5  1.061821
1277.  1.045316
1278.5  1.054167
1280.  1.073561
1281.5  1.060286
1283.  1.061027
1284.5  1.057948
1286.  1.084989
1287.5  1.105982
1289.  1.097912
1290.5  1.095235
1292.  1.063345
1293.5  1.038396
1295.  1.011177
1296.5  0.9722464
1298.  0.8947086
1299.5  0.8057215
1301.  0.6748437
1302.5  0.589115
1304.  0.6187063
1305.5  0.7418326
1307.  0.9148767
1308.5  1.072307
1310.  1.136539
1311.5  1.164393
1313.  1.172556
1314.5  1.146107
1316.  1.101791
1317.5  1.085684
1319.  1.075697
1320.5  1.081681
1322.  1.09932
1323.5  1.100635
1325.  1.098364
1326.5  1.082148
1328.  1.058682
1329.5  1.011527
1331.  0.9287269
1332.5  0.7625391
1334.  0.66258
1335.5  0.6967063
1337.  0.8213497
1338.5  0.9558302
1340.  1.054014
1341.5  1.072304
1343.  1.050005
1344.5  1.063034
1346.  1.077155
1347.5  1.086402
1349.  1.095719
1350.5  1.10589
1352.  1.07327
1353.5  1.069351
1355.  1.079282
1356.5  1.070463
1358.  1.084278
1359.5  1.100597
1361.  1.087907
1362.5  1.030221
1364.  1.020155
1365.5  1.038722
1367.  1.048871
1368.5  1.076383
1370.  1.089845
1371.5  1.068652
1373.  1.043942
1374.5  1.053358
1376.  1.07426
1377.5  1.055099
1379.  1.024744
1380.5  1.018058
1382.  1.031765
1383.5  1.011365
1385.  0.9891616
1386.5  1.004709
1388.  0.9504581
1389.5  0.9007087
1391.  0.8466221
1392.5  0.7837825
1394.  0.7756184
1395.5  0.7850021
1397.  0.8417567
1398.5  0.9007996
1400.  0.9007908
1401.5  0.8598672
1403.  0.8530387
1404.5  0.9009706
1406.  0.9808561
1407.5  1.012026
1409.  1.012419
1410.5  1.012554
1412.  1.01022
1413.5  1.046141
1415.  1.069221
1416.5  1.036802
1418.  0.9946253
1419.5  1.015001
1421.  1.02127
1422.5  0.9956859
1424.  0.9770433
1425.5  0.9802355
1427.  1.01459
1428.5  1.002418
1430.  1.001679
1431.5  1.020422
1433.  1.017898
1434.5  0.9962003
1436.  1.022905
1437.5  1.025954
1439.  1.025903
1440.5  1.035114
1442.  1.023406
1443.5  1.024334
1445.  1.028531
1446.5  1.046595
1448.  1.047017
1449.5  1.044023
1451.  1.042153
1452.5  1.027481
1454.  1.007546
1455.5  0.9828147
1457.  1.00943
1458.5  1.04616
1460.  1.047918
1461.5  1.025049
1463.  1.001851
1464.5  0.978417
1466.  0.9864041
1467.5  0.9761083
1469.  0.9783487
1470.5  1.011566
1472.  1.040908
1473.5  1.034669
1475.  0.9997378
1476.5  1.006145
1478.  1.002775
1479.5  1.005005
1481.  1.006395
1482.5  0.9717173
1484.  0.9782847
1485.5  1.000448
1487.  1.014823
1488.5  1.033761
1490.  1.018165
1491.5  1.023089
1493.  1.01683
1494.5  0.9914743
1496.  0.9888798
1497.5  0.9720789
1499.  0.9548533
1500.5  0.9516432
1502.  0.9297357
1503.5  0.9559788
1505.  0.9783223
1506.5  0.9972804
1508.  1.00497
1509.5  0.9833548
1511.  0.9879368
1512.5  0.9731833
1514.  0.9563394
1515.5  0.944324
1517.  0.9347246
1518.5  0.9557456
1520.  0.9784262
1521.5  0.9636886
1523.  0.8968233
1524.5  0.7785206
1526.  0.6879794
1527.5  0.6899186
1529.  0.7698337
1530.5  0.8508302
1532.  0.9085644
1533.5  0.9534295
1535.  0.9543133
1536.5  0.9076003
1538.  0.8726539
1539.5  0.8542733
1541.  0.8114563
1542.5  0.7602394
1544.  0.6713499
1545.5  0.6194934
1547.  0.583643
1548.5  0.550599
1550.  0.5821168
1551.5  0.7346066
1553.  0.8790188
1554.5  0.9336631
1556.  0.9347415
1557.5  0.9321351
1559.  0.9122301
1560.5  0.9058046
1562.  0.8981326
1563.5  0.8889455
1565.  0.9054573
1566.5  0.894053
1568.  0.8663026
1569.5  0.8755097
1571.  0.9188554
1572.5  0.9115009
1574.  0.893126
1575.5  0.9132468
1577.  0.9344478
1578.5  0.9229116
1580.  0.9281453
1581.5  0.9292715
1583.  0.9127142
1584.5  0.9424047
1586.  0.9563634
1587.5  0.9515491
1589.  0.9306318
1590.5  0.9231513
1592.  0.929383
1593.5  0.8946779
1595.  0.9035026
1596.5  0.9356955
1598.  0.925478
1599.5  0.9244195
1601.  0.9274554
1602.5  0.8868281
1604.  0.8276028
1605.5  0.7676864
1607.  0.7251188
1608.5  0.7038253
1610.  0.6871651
1611.5  0.7393072
1613.  0.7961752
1614.5  0.8266798
1616.  0.8507648
1617.5  0.8977937
1619.  0.8921602
1620.5  0.8852069
1622.  0.870571
1623.5  0.8615817
1625.  0.8951803
1626.5  0.8989686
1628.  0.8364262
1629.5  0.8218705
1631.  0.8672358
1632.5  0.8958251
1634.  0.9061841
1635.5  0.9226209
1637.  0.9323192
1638.5  0.9411836
1640.  0.9397032
1641.5  0.9738999
1643.  0.9974412
1644.5  0.9672894
1646.  0.9440496
1647.5  0.9537324
1649.  0.933918
1650.5  0.8951356
1652.  0.8779716
1653.5  0.8721869
1655.  0.8620964
1656.5  0.857567
1658.  0.8915564
1659.5  0.9017661
1661.  0.8884317
1662.5  0.8512539
1664.  0.8327733
1665.5  0.8549001
1667.  0.8156182
1668.5  0.722104
1670.  0.6616944
1671.5  0.6736853
1673.  0.734456
1674.5  0.7734714
1676.  0.8057954
1677.5  0.8552766
1679.  0.8938929
1680.5  0.9023039
1682.  0.9002216
1683.5  0.89505
1685.  0.8692413
1686.5  0.8339888
1688.  0.843752
1689.5  0.8622511
1691.  0.8627747
1692.5  0.8612344
1694.  0.8479164
1695.5  0.8448462
1697.  0.8235775
1698.5  0.8561368
1700.  0.8389129
1701.5  0.8355328
1703.  0.8352354
1704.5  0.8147065
1706.  0.8245417
1707.5  0.8216647
1709.  0.7857347
1710.5  0.7805551
1712.  0.8106404
1713.5  0.8125426
1715.  0.7676448
1716.5  0.7676426
1718.  0.7694015
1719.5  0.7547907
1721.  0.7436907
1722.5  0.7555146
1724.  0.794481
1725.5  0.8165304
1727.  0.8183312
1728.5  0.8070503
1730.  0.7942339
1731.5  0.8182467
1733.  0.8484015
1734.5  0.8354819
1736.  0.847011
1737.5  0.8648154
1739.  0.8532225
1740.5  0.8396086
1742.  0.8195348
1743.5  0.7953073
1745.  0.797915
1746.5  0.8232969
1748.  0.8219326
1749.5  0.8166903
1751.  0.801451
1752.5  0.8184508
1754.  0.8230309
1755.5  0.8290835
1757.  0.8717598
1758.5  0.880492
1760.  0.8300747
1761.5  0.8121825
1763.  0.8187807
1764.5  0.8077027
1766.  0.8172479
1767.5  0.8478441
1769.  0.8318734
1770.5  0.8221945
1772.  0.8009889
1773.5  0.7975019
1775.  0.8375619
1776.5  0.8274873
1778.  0.8183711
1779.5  0.8454273
1781.  0.8641078
1782.5  0.8583093
1784.  0.8283927
1785.5  0.8245846
1787.  0.8287135
1788.5  0.8181245
1790.  0.8140849
1791.5  0.823326
1793.  0.8272755
1794.5  0.8417108
1796.  0.8336974
1797.5  0.8690302
1799.  0.8592405
1800.5  0.8261765
1802.  0.8047917
1803.5  0.80049
1805.  0.7985312
1806.5  0.8053447
1808.  0.79562
1809.5  0.7676334
1811.  0.7837871
1812.5  0.8268076
1814.  0.8598899
1815.5  0.8526335
1817.  0.8485737
1818.5  0.8646968
1820.  0.8335211
1821.5  0.7705843
1823.  0.774131
1824.5  0.807161
1826.  0.8243925
1827.5  0.8236212
1829.  0.8175143
1830.5  0.814618
1832.  0.8226718
1833.5  0.806111
1835.  0.8026757
1836.5  0.8044498
1838.  0.8182232
1839.5  0.7886199
1841.  0.7535717
1842.5  0.7750316
1844.  0.7807276
1845.5  0.7308105
1847.  0.7292197
1848.5  0.7538345
1850.  0.7316541
1851.5  0.6966677
1853.  0.6364378
1854.5  0.610116
1856.  0.6637196
1857.5  0.7037386
1859.  0.7100692
1860.5  0.6858927
1862.  0.6789508
1863.5  0.7135983
1865.  0.7314451
1866.5  0.759001
1868.  0.7885128
1869.5  0.7617621
1871.  0.7522752
1872.5  0.7809173
1874.  0.7728835
1875.5  0.764138
1877.  0.784966
1878.5  0.7836029
1880.  0.7233447
1881.5  0.7099708
1883.  0.7142753
1884.5  0.7248358
1886.  0.7114009
1887.5  0.6863122
1889.  0.6724576
1890.5  0.6766148
1892.  0.659664
1893.5  0.7139435
1895.  0.6935096
1896.5  0.6262844
1898.  0.673009
1899.5  0.7448645
1901.  0.7291852
1902.5  0.7393616
1904.  0.7893644
1905.5  0.8151686
1907.  0.8059185
1908.5  0.8069793
1910.  0.8180815
1911.5  0.7962837
1913.  0.7558678
1914.5  0.7025352
1916.  0.6574667
1917.5  0.6853187
1919.  0.7163613
1920.5  0.7143717
1922.  0.6872877
1923.5  0.6915811
1925.  0.7028913
1926.5  0.7064894
1928.  0.690255
1929.5  0.6358374
1931.  0.6405064
1932.5  0.7247772
1934.  0.7279049
1935.5  0.7294434
1937.  0.6967121
1938.5  0.6583012
1940.  0.6764753
1941.5  0.6911878
1943.  0.7215207
1944.5  0.6882821
1946.  0.6482078
1947.5  0.6446661
1949.  0.6500892
1950.5  0.6497744
1952.  0.6392865
1953.5  0.6400283
1955.  0.6337529
1956.5  0.6617677
1958.  0.6788425
1959.5  0.6768969
1961.  0.6515362
1962.5  0.6137412
1964.  0.6358793
1965.5  0.6513137
1967.  0.6807055
1968.5  0.7162904
1970.  0.691769
1971.5  0.6887119
1973.  0.6884322
1974.5  0.7251142
1976.  0.7463009
1977.5  0.7317313
1979.  0.7100753
1980.5  0.6762043
1982.  0.650126
1983.5  0.6785929
1985.  0.6883748
1986.5  0.6834987
1988.  0.7003142
1989.5  0.6418615
1991.  0.6036626
1992.5  0.6150488
1994.  0.6308094
1995.5  0.66601
1997.  0.6856022
1998.5  0.6677908
2000.  0.6850781
2001.5  0.6535866
2003.  0.6577474
2004.5  0.6580815
2006.  0.6319382
2007.5  0.6555153
2009.  0.6592821
2010.5  0.636832
2012.  0.611534
2013.5  0.6498049
2015.  0.6987468
2016.5  0.6365005
2018.  0.6279356
2019.5  0.64477
2021.  0.6533569
2022.5  0.6286501
2024.  0.6238754
2025.5  0.6867883
2027.  0.6816221
2028.5  0.655916
2030.  0.6153088
2031.5  0.6339283
2033.  0.6395643
2034.5  0.6376904
2036.  0.5968539
2037.5  0.6200544
2039.  0.6447863
2040.5  0.625431
2042.  0.6379007
2043.5  0.6748248
2045.  0.661463
2046.5  0.6368868
2048.  0.6885172
2049.5  0.659211
2051.  0.6239562
2052.5  0.6115277
2054.  0.6461567
2055.5  0.624433
2057.  0.6357728
2058.5  0.6185901
2060.  0.6226358
2061.5  0.599537
2063.  0.596113
2064.5  0.6294678
2066.  0.6788634
2067.5  0.6784102
2069.  0.6664131
2070.5  0.6193981
2072.  0.6063071
2073.5  0.6624994
2075.  0.672404
2076.5  0.6289266
2078.  0.6270695
2079.5  0.6580939
2081.  0.7027326
2082.5  0.7027835
2084.  0.700726
2085.5  0.6833776
2087.  0.6683728
2088.5  0.6411813
2090.  0.6173545
2091.5  0.6499804
2093.  0.6580704
2094.5  0.6113822
2096.  0.6110959
2097.5  0.6126872
2099.  0.6662458
2100.5  0.6954188
2102.  0.6630795
2103.5  0.6688866
2105.  0.6869095
2106.5  0.6198167
2108.  0.6256376
2109.5  0.6074094
2111.  0.5503907
2112.5  0.5784048
2114.  0.6454765
2115.5  0.6666675
2117.  0.599658
2118.5  0.5336496
2120.  0.5730981
2121.5  0.6334908
2123.  0.6820613
2124.5  0.6821128
2126.  0.5677972
2127.5  0.5824859
2129.  0.6464124
2130.5  0.654642
2132.  0.645199
2133.5  0.6267602
2135.  0.6174657
2136.5  0.6145683
2138.  0.6120604
2139.5  0.6171713
2141.  0.6355726
2142.5  0.663116
2144.  0.639222
2145.5  0.6054602
2147.  0.561343
2148.5  0.5686404
2150.  0.6081778
