# ave_BX_lowblue[768][real]: Average spectrum of 111 objects
1100.  0.5845258
1101.5  0.6857033
1103.  0.7436925
1104.5  0.4533943
1106.  0.466352
1107.5  0.8489509
1109.  0.5142811
1110.5  0.4446406
1112.  0.5074013
1113.5  0.5205389
1115.  0.5107329
1116.5  0.6554751
1118.  0.6509973
1119.5  0.6435534
1121.  0.6792606
1122.5  0.6569417
1124.  0.7992817
1125.5  0.6860431
1127.  0.6361129
1128.5  0.74836
1130.  0.7335092
1131.5  0.7442608
1133.  0.6401364
1134.5  0.7792889
1136.  0.8131266
1137.5  0.6858385
1139.  0.7590375
1140.5  0.8603408
1142.  0.6597019
1143.5  0.5769646
1145.  0.6029473
1146.5  0.5805804
1148.  0.7284769
1149.5  0.7668363
1151.  0.7092217
1152.5  0.6900873
1154.  0.8730022
1155.5  0.935365
1157.  0.861327
1158.5  0.8222263
1160.  0.7855412
1161.5  0.6869776
1163.  0.8525615
1164.5  0.8392875
1166.  0.7799163
1167.5  0.8246945
1169.  0.8511575
1170.5  0.7581689
1172.  0.7340115
1173.5  0.6373733
1175.  0.6474513
1176.5  0.6827759
1178.  0.6748787
1179.5  0.6163999
1181.  0.8719214
1182.5  0.9957262
1184.  0.8802508
1185.5  0.8751409
1187.  0.8423971
1188.5  0.6609959
1190.  0.6228445
1191.5  0.7284666
1193.  0.7525463
1194.5  0.713523
1196.  0.7876612
1197.5  0.8442258
1199.  0.7956191
1200.5  0.6415058
1202.  0.5804313
1203.5  0.4832202
1205.  0.5182329
1206.5  0.4677568
1208.  0.4317374
1209.5  0.5311457
1211.  0.5949869
1212.5  0.6301671
1214.  0.6579316
1215.5  0.6982783
1217.  1.003886
1218.5  1.226598
1220.  1.15342
1221.5  1.035415
1223.  0.9620041
1224.5  0.9194182
1226.  0.8568449
1227.5  0.8827666
1229.  0.8568716
1230.5  0.8575631
1232.  0.9813485
1233.5  1.027064
1235.  0.9144602
1236.5  0.9331699
1238.  0.9702116
1239.5  1.003613
1241.  1.103835
1242.5  1.13203
1244.  1.169876
1245.5  1.222853
1247.  1.204033
1248.5  1.152152
1250.  1.13423
1251.5  1.103576
1253.  1.14736
1254.5  1.129641
1256.  1.057453
1257.5  0.9823477
1259.  0.8966229
1260.5  0.8357304
1262.  0.8519839
1263.5  0.9920229
1265.  1.147243
1266.5  1.209586
1268.  1.266804
1269.5  1.290273
1271.  1.230024
1272.5  1.207734
1274.  1.226312
1275.5  1.232
1277.  1.219967
1278.5  1.185155
1280.  1.217259
1281.5  1.2321
1283.  1.222626
1284.5  1.239861
1286.  1.253823
1287.5  1.300649
1289.  1.264485
1290.5  1.272647
1292.  1.29588
1293.5  1.258046
1295.  1.142304
1296.5  1.062104
1298.  1.058879
1299.5  1.00002
1301.  0.9013529
1302.5  0.8844886
1304.  0.9118509
1305.5  1.015664
1307.  1.193811
1308.5  1.31677
1310.  1.347276
1311.5  1.356359
1313.  1.382996
1314.5  1.334587
1316.  1.288767
1317.5  1.267079
1319.  1.289227
1320.5  1.277695
1322.  1.272991
1323.5  1.292767
1325.  1.294325
1326.5  1.276
1328.  1.250726
1329.5  1.199087
1331.  1.116742
1332.5  1.048445
1334.  0.987636
1335.5  0.9492514
1337.  1.01012
1338.5  1.145891
1340.  1.256046
1341.5  1.303791
1343.  1.297176
1344.5  1.30904
1346.  1.330594
1347.5  1.329999
1349.  1.32976
1350.5  1.337962
1352.  1.317678
1353.5  1.320503
1355.  1.354538
1356.5  1.383335
1358.  1.404725
1359.5  1.376871
1361.  1.327941
1362.5  1.277539
1364.  1.248499
1365.5  1.298137
1367.  1.342223
1368.5  1.328345
1370.  1.290334
1371.5  1.290414
1373.  1.297324
1374.5  1.309535
1376.  1.323269
1377.5  1.315441
1379.  1.287747
1380.5  1.280504
1382.  1.306496
1383.5  1.284169
1385.  1.245723
1386.5  1.261621
1388.  1.214178
1389.5  1.160993
1391.  1.138901
1392.5  1.083632
1394.  1.055867
1395.5  1.023507
1397.  1.042953
1398.5  1.091898
1400.  1.124873
1401.5  1.104337
1403.  1.111496
1404.5  1.152467
1406.  1.147527
1407.5  1.191039
1409.  1.25247
1410.5  1.274029
1412.  1.291453
1413.5  1.300491
1415.  1.30187
1416.5  1.276287
1418.  1.25379
1419.5  1.252832
1421.  1.262732
1422.5  1.252489
1424.  1.231458
1425.5  1.246055
1427.  1.238809
1428.5  1.218979
1430.  1.207879
1431.5  1.214748
1433.  1.255025
1434.5  1.251697
1436.  1.25387
1437.5  1.283585
1439.  1.293545
1440.5  1.283765
1442.  1.279981
1443.5  1.266401
1445.  1.286691
1446.5  1.315774
1448.  1.297744
1449.5  1.278631
1451.  1.250469
1452.5  1.278483
1454.  1.296752
1455.5  1.267269
1457.  1.262992
1458.5  1.269315
1460.  1.280353
1461.5  1.281101
1463.  1.281907
1464.5  1.269288
1466.  1.249014
1467.5  1.221073
1469.  1.203433
1470.5  1.209726
1472.  1.261661
1473.5  1.280257
1475.  1.262664
1476.5  1.277524
1478.  1.264082
1479.5  1.238905
1481.  1.231303
1482.5  1.246151
1484.  1.236605
1485.5  1.242615
1487.  1.240501
1488.5  1.248641
1490.  1.252173
1491.5  1.266157
1493.  1.255723
1494.5  1.223407
1496.  1.206125
1497.5  1.19531
1499.  1.187696
1500.5  1.201269
1502.  1.223057
1503.5  1.191083
1505.  1.190792
1506.5  1.208633
1508.  1.213123
1509.5  1.237195
1511.  1.220654
1512.5  1.203699
1514.  1.221112
1515.5  1.255495
1517.  1.258514
1518.5  1.232797
1520.  1.219526
1521.5  1.178872
1523.  1.109923
1524.5  1.046562
1526.  0.9557738
1527.5  0.9300629
1529.  0.9782696
1530.5  1.073235
1532.  1.147326
1533.5  1.18244
1535.  1.222856
1536.5  1.184974
1538.  1.123734
1539.5  1.088757
1541.  1.05582
1542.5  1.007354
1544.  0.9349483
1545.5  0.8427959
1547.  0.8034807
1548.5  0.8035398
1550.  0.8363361
1551.5  0.9002629
1553.  1.024122
1554.5  1.158395
1556.  1.175582
1557.5  1.14557
1559.  1.141776
1560.5  1.126358
1562.  1.110432
1563.5  1.126941
1565.  1.155697
1566.5  1.132913
1568.  1.104014
1569.5  1.118862
1571.  1.166133
1572.5  1.160266
1574.  1.123629
1575.5  1.122728
1577.  1.152584
1578.5  1.152132
1580.  1.156127
1581.5  1.160868
1583.  1.159487
1584.5  1.135673
1586.  1.124666
1587.5  1.171727
1589.  1.208038
1590.5  1.210624
1592.  1.157162
1593.5  1.149282
1595.  1.150029
1596.5  1.125003
1598.  1.112117
1599.5  1.101799
1601.  1.116757
1602.5  1.100278
1604.  1.060248
1605.5  1.021593
1607.  0.9859652
1608.5  0.9615643
1610.  0.9521903
1611.5  0.9965845
1613.  1.060901
1614.5  1.105626
1616.  1.129623
1617.5  1.122476
1619.  1.117853
1620.5  1.129253
1622.  1.155495
1623.5  1.148304
1625.  1.127518
1626.5  1.115932
1628.  1.101726
1629.5  1.088037
1631.  1.093432
1632.5  1.134178
1634.  1.171384
1635.5  1.149712
1637.  1.140889
1638.5  1.174921
1640.  1.188764
1641.5  1.193592
1643.  1.196545
1644.5  1.199866
1646.  1.192953
1647.5  1.175739
1649.  1.149333
1650.5  1.12113
1652.  1.104095
1653.5  1.095816
1655.  1.10779
1656.5  1.112637
1658.  1.109326
1659.5  1.116437
1661.  1.12722
1662.5  1.140071
1664.  1.136016
1665.5  1.106327
1667.  1.046713
1668.5  0.9811778
1670.  0.9267371
1671.5  0.9201176
1673.  0.9371512
1674.5  0.9884259
1676.  1.075045
1677.5  1.101045
1679.  1.110619
1680.5  1.1373
1682.  1.138586
1683.5  1.13472
1685.  1.124895
1686.5  1.100028
1688.  1.104465
1689.5  1.111733
1691.  1.113832
1692.5  1.128669
1694.  1.118263
1695.5  1.078419
1697.  1.060647
1698.5  1.088357
1700.  1.07415
1701.5  1.09709
1703.  1.079086
1704.5  1.047992
1706.  1.039864
1707.5  1.025529
1709.  1.015199
1710.5  1.018832
1712.  1.019463
1713.5  1.011381
1715.  1.018795
1716.5  1.008424
1718.  0.9858454
1719.5  1.003785
1721.  0.9870187
1722.5  0.9532883
1724.  0.9639639
1725.5  1.008965
1727.  1.024879
1728.5  1.044507
1730.  1.054476
1731.5  1.044979
1733.  1.035233
1734.5  1.042254
1736.  1.050547
1737.5  1.034112
1739.  1.026375
1740.5  1.031844
1742.  1.03127
1743.5  1.022811
1745.  1.013994
1746.5  1.022741
1748.  1.019042
1749.5  1.003091
1751.  1.004669
1752.5  1.009306
1754.  0.9862234
1755.5  0.997269
1757.  1.044988
1758.5  1.059464
1760.  1.035542
1761.5  1.012224
1763.  1.01167
1764.5  0.9960311
1766.  0.9984032
1767.5  1.030921
1769.  1.035335
1770.5  1.028281
1772.  1.03064
1773.5  1.016423
1775.  0.9955009
1776.5  1.014886
1778.  1.006882
1779.5  0.9777454
1781.  0.9970216
1782.5  1.034338
1784.  1.027422
1785.5  1.003283
1787.  0.9868028
1788.5  0.9818537
1790.  0.9811236
1791.5  0.9848358
1793.  0.978798
1794.5  0.9890647
1796.  1.020513
1797.5  1.012964
1799.  0.9763739
1800.5  1.001002
1802.  1.023088
1803.5  0.9863977
1805.  0.9518191
1806.5  0.9808417
1808.  0.9908832
1809.5  0.9728721
1811.  0.9638345
1812.5  0.9696009
1814.  0.9661289
1815.5  0.9818722
1817.  0.9982048
1818.5  1.032444
1820.  1.022702
1821.5  0.9855635
1823.  0.9732617
1824.5  0.9619079
1826.  0.9566282
1827.5  0.9542835
1829.  0.9897757
1830.5  1.013742
1832.  0.9618387
1833.5  0.9457389
1835.  0.9592416
1836.5  0.9361832
1838.  0.9350461
1839.5  0.954759
1841.  0.925994
1842.5  0.9135885
1844.  0.9226595
1845.5  0.9148459
1847.  0.9243057
1848.5  0.9120296
1850.  0.8661033
1851.5  0.8355209
1853.  0.8286912
1854.5  0.8377761
1856.  0.8410824
1857.5  0.8480988
1859.  0.8446346
1860.5  0.8348235
1862.  0.8153941
1863.5  0.8120579
1865.  0.8514264
1866.5  0.8908598
1868.  0.9079279
1869.5  0.9177462
1871.  0.9118944
1872.5  0.9091965
1874.  0.9094698
1875.5  0.9194835
1877.  0.9254071
1878.5  0.9217423
1880.  0.9287159
1881.5  0.9359019
1883.  0.9357507
1884.5  0.9051077
1886.  0.8417625
1887.5  0.8316282
1889.  0.9002551
1890.5  0.9310427
1892.  0.9149922
1893.5  0.9034392
1895.  0.8810545
1896.5  0.8557968
1898.  0.8749165
1899.5  0.9168634
1901.  0.9407433
1902.5  0.9419552
1904.  0.9497514
1905.5  0.9838983
1907.  1.000543
1908.5  0.9969958
1910.  0.99642
1911.5  0.9787148
1913.  0.9256107
1914.5  0.8793758
1916.  0.8689506
1917.5  0.8594854
1919.  0.8463821
1920.5  0.8434743
1922.  0.8363352
1923.5  0.8338281
1925.  0.8412632
1926.5  0.8403395
1928.  0.80893
1929.5  0.7708138
1931.  0.8116792
1932.5  0.8612612
1934.  0.8842741
1935.5  0.8778199
1937.  0.8620979
1938.5  0.835991
1940.  0.8039669
1941.5  0.8202494
1943.  0.8762903
1944.5  0.8854876
1946.  0.8812872
1947.5  0.8467023
1949.  0.8076016
1950.5  0.7945194
1952.  0.8040294
1953.5  0.8075975
1955.  0.802254
1956.5  0.8069838
1958.  0.8264
1959.5  0.828362
1961.  0.7918085
1962.5  0.7652088
1964.  0.7829847
1965.5  0.7944792
1967.  0.8022614
1968.5  0.8302589
1970.  0.8433985
1971.5  0.8381357
1973.  0.8432968
1974.5  0.8482386
1976.  0.8687013
1977.5  0.8781587
1979.  0.858915
1980.5  0.8262153
1982.  0.8013672
1983.5  0.8198493
1985.  0.8100466
1986.5  0.7890905
1988.  0.7871885
1989.5  0.773755
1991.  0.7600902
1992.5  0.7742911
1994.  0.7801154
1995.5  0.7713018
1997.  0.7665713
1998.5  0.75294
2000.  0.7815197
2001.5  0.7993793
2003.  0.8053559
2004.5  0.8177211
2006.  0.8162785
2007.5  0.8060874
2009.  0.7774577
2010.5  0.7477021
2012.  0.7405781
2013.5  0.7698202
2015.  0.7929742
2016.5  0.774989
2018.  0.7854635
2019.5  0.8043088
2021.  0.7730213
2022.5  0.7456144
2024.  0.7418193
2025.5  0.7509221
2027.  0.7438585
2028.5  0.7606732
2030.  0.7459506
2031.5  0.7483264
2033.  0.7603582
2034.5  0.7468363
2036.  0.7084199
2037.5  0.7137911
2039.  0.7297803
2040.5  0.7297965
2042.  0.737847
2043.5  0.7503374
2045.  0.7804733
2046.5  0.7715137
2048.  0.7655239
2049.5  0.7670837
2051.  0.7408274
2052.5  0.7307975
2054.  0.7642013
2055.5  0.7526518
2057.  0.7246252
2058.5  0.730296
2060.  0.7260746
2061.5  0.6970654
2063.  0.6746396
2064.5  0.7001703
2066.  0.7100594
2067.5  0.68599
2069.  0.6870306
2070.5  0.712227
2072.  0.7382233
2073.5  0.768553
2075.  0.7682651
2076.5  0.7492303
2078.  0.7596334
2079.5  0.7766613
2081.  0.7538916
2082.5  0.7200307
2084.  0.7304527
2085.5  0.7342722
2087.  0.7114966
2088.5  0.695632
2090.  0.6989641
2091.5  0.6873685
2093.  0.6918213
2094.5  0.71228
2096.  0.6875854
2097.5  0.6715525
2099.  0.7005192
2100.5  0.7358504
2102.  0.7378464
2103.5  0.7274468
2105.  0.7039681
2106.5  0.7071306
2108.  0.6996439
2109.5  0.6869014
2111.  0.6744288
2112.5  0.6897998
2114.  0.7198231
2115.5  0.7138858
2117.  0.7023734
2118.5  0.691598
2120.  0.6830884
2121.5  0.6770874
2123.  0.6849995
2124.5  0.7128766
2126.  0.7362607
2127.5  0.7350862
2129.  0.7275068
2130.5  0.7003485
2132.  0.6771926
2133.5  0.6982917
2135.  0.7096448
2136.5  0.6833646
2138.  0.6664835
2139.5  0.675078
2141.  0.6858465
2142.5  0.67482
2144.  0.6601935
2145.5  0.6633157
2147.  0.6668961
2148.5  0.6691343
2150.  0.6696258
2151.5  0.6809812
2153.  0.6834628
2154.5  0.6743896
2156.  0.6859463
2157.5  0.7112085
2159.  0.7007732
2160.5  0.6881259
2162.  0.6960001
2163.5  0.6865051
2165.  0.6835824
2166.5  0.6897971
2168.  0.6919591
2169.5  0.6713914
2171.  0.6167229
2172.5  0.6202373
2174.  0.6638325
2175.5  0.6776014
2177.  0.6580729
2178.5  0.629388
2180.  0.6442176
2181.5  0.659643
2183.  0.6726199
2184.5  0.6689321
2186.  0.6518028
2187.5  0.6562296
2189.  0.6560665
2190.5  0.6402742
2192.  0.6438239
2193.5  0.6374361
2195.  0.6442826
2196.5  0.6526641
2198.  0.65268
2199.5  0.6504168
2201.  0.6608907
2202.5  0.6660299
2204.  0.6657242
2205.5  0.6748901
2207.  0.6806073
2208.5  0.6575906
2210.  0.6484955
2211.5  0.6321723
2213.  0.6093688
2214.5  0.6061908
2216.  0.6272595
2217.5  0.6361304
2219.  0.6740415
2220.5  0.6747167
2222.  0.6476222
2223.5  0.6509289
2225.  0.6547844
2226.5  0.6454669
2228.  0.6784129
2229.5  0.6900498
2231.  0.671558
2232.5  0.6397167
2234.  0.6438535
2235.5  0.6526753
2237.  0.6548551
2238.5  0.6230105
2240.  0.6291484
2241.5  0.6527508
2243.  0.6375995
2244.5  0.6044574
2246.  0.6170582
2247.5  0.6336562
2249.  0.6371524
2250.5  0.62558
