# ave_BX_highblue[668][real]: Average spectrum of 110 objects
950.  0.08556052
951.5  0.2123624
953.  0.2140995
954.5  0.3650555
956.  0.2616409
957.5  0.24961
959.  0.2049283
960.5  0.3664379
962.  0.1506899
963.5  0.2701319
965.  0.5079783
966.5  0.3482362
968.  0.2091172
969.5  0.1971456
971.  0.1840341
972.5  0.04921722
974.  0.01541513
975.5  0.1487129
977.  0.2581096
978.5  0.2242652
980.  0.2923362
981.5  0.377587
983.  0.4370786
984.5  0.3750874
986.  0.211694
987.5  0.2392284
989.  0.540593
990.5  0.5064108
992.  0.5219986
993.5  0.599067
995.  0.6318827
996.5  0.5462523
998.  0.6142229
999.5  0.7852831
1001.  0.606906
1002.5  0.5801262
1004.  0.5867832
1005.5  0.3709367
1007.  0.3681823
1008.5  0.6955451
1010.  0.559408
1011.5  0.5183346
1013.  0.4261559
1014.5  0.5753263
1016.  0.580192
1017.5  0.5523473
1019.  0.6292129
1020.5  0.392848
1022.  0.3323402
1023.5  0.3067404
1025.  0.2817899
1026.5  0.435726
1028.  0.3434972
1029.5  0.3312909
1031.  0.4250909
1032.5  0.4907415
1034.  0.4141756
1035.5  0.4951394
1037.  0.652074
1038.5  0.706305
1040.  0.6588418
1041.5  0.7820172
1043.  0.8413357
1044.5  0.777501
1046.  0.7837557
1047.5  0.6981225
1049.  0.6677396
1050.5  0.7513969
1052.  0.7626026
1053.5  0.6713976
1055.  0.6669464
1056.5  0.7148138
1058.  0.7416692
1059.5  0.6895298
1061.  0.6559228
1062.5  0.7881389
1064.  0.6980453
1065.5  0.6283937
1067.  0.73646
1068.5  0.8804541
1070.  0.8993609
1071.5  0.8741417
1073.  0.8652844
1074.5  0.790054
1076.  0.7366924
1077.5  0.7534027
1079.  0.73575
1080.5  0.7663168
1082.  0.7600561
1083.5  0.6726441
1085.  0.619633
1086.5  0.6067204
1088.  0.708419
1089.5  0.8018327
1091.  0.7321808
1092.5  0.7515976
1094.  0.7685368
1095.5  0.8062866
1097.  0.7712065
1098.5  0.6782823
1100.  0.6873934
1101.5  0.8094164
1103.  0.8664774
1104.5  0.8165218
1106.  0.7737965
1107.5  0.7583061
1109.  0.7454692
1110.5  0.734694
1112.  0.6984302
1113.5  0.7407834
1115.  0.8162022
1116.5  0.8155981
1118.  0.7787184
1119.5  0.7958063
1121.  0.8284829
1122.5  0.7735688
1124.  0.7127075
1125.5  0.7565858
1127.  0.7495948
1128.5  0.7032166
1130.  0.7220561
1131.5  0.7758803
1133.  0.7563233
1134.5  0.76607
1136.  0.7978994
1137.5  0.8524823
1139.  0.8662716
1140.5  0.7733569
1142.  0.6632249
1143.5  0.6802883
1145.  0.7458391
1146.5  0.7880599
1148.  0.7971166
1149.5  0.844021
1151.  0.8075057
1152.5  0.8103198
1154.  0.7535747
1155.5  0.7577338
1157.  0.8416169
1158.5  0.8419684
1160.  0.8297843
1161.5  0.8286472
1163.  0.8816354
1164.5  0.8969769
1166.  0.8434388
1167.5  0.7884789
1169.  0.798164
1170.5  0.7431918
1172.  0.7987967
1173.5  0.7550358
1175.  0.6242892
1176.5  0.587599
1178.  0.5791549
1179.5  0.7044101
1181.  0.7774516
1182.5  0.7976594
1184.  0.8664438
1185.5  0.8545776
1187.  0.7678984
1188.5  0.654501
1190.  0.6048595
1191.5  0.6135972
1193.  0.6035337
1194.5  0.6718764
1196.  0.7727205
1197.5  0.8165196
1199.  0.7913078
1200.5  0.7011388
1202.  0.6257637
1203.5  0.5666453
1205.  0.5227836
1206.5  0.4856587
1208.  0.4587012
1209.5  0.5025269
1211.  0.6708197
1212.5  0.9290297
1214.  1.310316
1215.5  1.89258
1217.  2.386998
1218.5  2.522955
1220.  2.014345
1221.5  1.440221
1223.  1.101539
1224.5  0.9822413
1226.  0.92428
1227.5  0.9098654
1229.  0.9211766
1230.5  0.9290276
1232.  0.9243931
1233.5  0.9265236
1235.  0.9010484
1236.5  0.904366
1238.  0.9526181
1239.5  0.9820358
1241.  1.019245
1242.5  1.061065
1244.  1.108012
1245.5  1.115841
1247.  1.108108
1248.5  1.121736
1250.  1.113584
1251.5  1.081194
1253.  1.044752
1254.5  1.05775
1256.  1.048081
1257.5  0.9602937
1259.  0.8667743
1260.5  0.864403
1262.  0.924177
1263.5  1.0884
1265.  1.176608
1266.5  1.148674
1268.  1.162299
1269.5  1.175432
1271.  1.172321
1272.5  1.172072
1274.  1.163758
1275.5  1.1496
1277.  1.169699
1278.5  1.139613
1280.  1.121169
1281.5  1.136225
1283.  1.167519
1284.5  1.147291
1286.  1.147134
1287.5  1.147337
1289.  1.164979
1290.5  1.152411
1292.  1.128484
1293.5  1.135558
1295.  1.083863
1296.5  1.049967
1298.  1.023685
1299.5  0.9517137
1301.  0.852537
1302.5  0.7502182
1304.  0.7862476
1305.5  0.9105892
1307.  1.092529
1308.5  1.209022
1310.  1.244946
1311.5  1.224172
1313.  1.214036
1314.5  1.220514
1316.  1.15412
1317.5  1.110088
1319.  1.115246
1320.5  1.130428
1322.  1.120512
1323.5  1.138712
1325.  1.094559
1326.5  1.091076
1328.  1.129779
1329.5  1.100999
1331.  1.025395
1332.5  0.9089974
1334.  0.8416976
1335.5  0.8482484
1337.  0.955364
1338.5  1.058375
1340.  1.080075
1341.5  1.083066
1343.  1.087634
1344.5  1.076411
1346.  1.097867
1347.5  1.10222
1349.  1.125943
1350.5  1.126015
1352.  1.115764
1353.5  1.103707
1355.  1.134289
1356.5  1.176457
1358.  1.12936
1359.5  1.099833
1361.  1.09268
1362.5  1.06612
1364.  1.093909
1365.5  1.080712
1367.  1.051098
1368.5  1.050236
1370.  1.093305
1371.5  1.123782
1373.  1.116913
1374.5  1.091836
1376.  1.077904
1377.5  1.102216
1379.  1.088219
1380.5  1.093418
1382.  1.147149
1383.5  1.160154
1385.  1.084823
1386.5  1.052275
1388.  1.019788
1389.5  0.99587
1391.  0.9287351
1392.5  0.8212388
1394.  0.7829829
1395.5  0.8486123
1397.  0.9131203
1398.5  0.934358
1400.  0.9455099
1401.5  0.949917
1403.  0.9444056
1404.5  0.9324409
1406.  1.019824
1407.5  1.106485
1409.  1.107938
1410.5  1.075837
1412.  1.071262
1413.5  1.096738
1415.  1.068183
1416.5  1.060884
1418.  1.082702
1419.5  1.056146
1421.  1.074555
1422.5  1.104145
1424.  1.047184
1425.5  1.032407
1427.  1.052413
1428.5  1.058973
1430.  1.041653
1431.5  1.041394
1433.  1.058022
1434.5  1.035527
1436.  1.032634
1437.5  1.030842
1439.  1.062585
1440.5  1.069971
1442.  1.091783
1443.5  1.123317
1445.  1.074819
1446.5  1.087192
1448.  1.105717
1449.5  1.073881
1451.  1.047311
1452.5  1.013358
1454.  0.9987434
1455.5  1.024258
1457.  1.065827
1458.5  1.070343
1460.  1.065646
1461.5  1.050989
1463.  1.03465
1464.5  1.006033
1466.  0.9661575
1467.5  0.9968759
1469.  1.030415
1470.5  1.035929
1472.  1.038343
1473.5  1.036255
1475.  1.042531
1476.5  1.053492
1478.  1.043116
1479.5  1.013236
1481.  1.005062
1482.5  1.014891
1484.  1.023287
1485.5  1.005238
1487.  1.009098
1488.5  1.030727
1490.  1.084732
1491.5  1.060894
1493.  1.024342
1494.5  0.9642561
1496.  0.9778537
1497.5  1.045065
1499.  0.9826454
1500.5  0.9266625
1502.  0.947804
1503.5  1.004873
1505.  1.023914
1506.5  0.9972244
1508.  1.001419
1509.5  0.9781277
1511.  0.9533343
1512.5  1.000193
1514.  0.9977681
1515.5  0.9423244
1517.  0.9279896
1518.5  0.9765278
1520.  0.9783404
1521.5  0.9342666
1523.  0.8939729
1524.5  0.8194554
1526.  0.7648009
1527.5  0.7799381
1529.  0.8454018
1530.5  0.8737708
1532.  0.9196981
1533.5  0.957199
1535.  0.9438676
1536.5  0.9946634
1538.  0.9545258
1539.5  0.8713007
1541.  0.8188044
1542.5  0.8133448
1544.  0.7882586
1545.5  0.7270638
1547.  0.6404039
1548.5  0.6265073
1550.  0.6914542
1551.5  0.7845294
1553.  0.914337
1554.5  0.9967555
1556.  0.9900934
1557.5  0.9499508
1559.  0.9115788
1560.5  0.9060236
1562.  0.9346189
1563.5  0.9486474
1565.  0.923665
1566.5  0.8847575
1568.  0.9197592
1569.5  0.9042357
1571.  0.9102792
1572.5  0.9031705
1574.  0.901203
1575.5  0.925425
1577.  0.9251286
1578.5  0.9105684
1580.  0.9086925
1581.5  0.9386498
1583.  0.9608325
1584.5  0.9392684
1586.  0.9116569
1587.5  0.9005392
1589.  0.9224524
1590.5  0.897173
1592.  0.9064556
1593.5  0.9352723
1595.  0.9560114
1596.5  0.9458249
1598.  0.9247185
1599.5  0.9015024
1601.  0.8768983
1602.5  0.8506645
1604.  0.8636832
1605.5  0.8419864
1607.  0.841099
1608.5  0.7727492
1610.  0.7678015
1611.5  0.802942
1613.  0.7965004
1614.5  0.8209093
1616.  0.8824487
1617.5  0.8999661
1619.  0.8868908
1620.5  0.8940239
1622.  0.8802562
1623.5  0.8504141
1625.  0.8583561
1626.5  0.8808451
1628.  0.8832763
1629.5  0.8905991
1631.  0.8720856
1632.5  0.8681735
1634.  0.8829584
1635.5  0.918189
1637.  0.9356883
1638.5  0.9301403
1640.  0.9761646
1641.5  0.9863462
1643.  0.9750304
1644.5  0.9405262
1646.  0.9083802
1647.5  0.9069248
1649.  0.8894033
1650.5  0.8585294
1652.  0.8339508
1653.5  0.8840442
1655.  0.868591
1656.5  0.8574012
1658.  0.9138277
1659.5  0.9458762
1661.  0.9197206
1662.5  0.8793275
1664.  0.846536
1665.5  0.8476694
1667.  0.8454952
1668.5  0.8124273
1670.  0.7731591
1671.5  0.729977
1673.  0.7624199
1674.5  0.8173062
1676.  0.8354648
1677.5  0.8495304
1679.  0.8406604
1680.5  0.8590649
1682.  0.8647504
1683.5  0.8613235
1685.  0.8534874
1686.5  0.8641893
1688.  0.8602307
1689.5  0.8717457
1691.  0.863015
1692.5  0.8391353
1694.  0.8162859
1695.5  0.8278344
1697.  0.8591728
1698.5  0.8260557
1700.  0.7687806
1701.5  0.7611085
1703.  0.7790311
1704.5  0.7951062
1706.  0.8302583
1707.5  0.8266171
1709.  0.7838563
1710.5  0.7567259
1712.  0.8000067
1713.5  0.8181372
1715.  0.788136
1716.5  0.7977354
1718.  0.7451045
1719.5  0.734639
1721.  0.7743189
1722.5  0.7610454
1724.  0.7494237
1725.5  0.7860224
1727.  0.820844
1728.5  0.8091218
1730.  0.8035188
1731.5  0.7977805
1733.  0.8220088
1734.5  0.8250778
1736.  0.8128839
1737.5  0.8151718
1739.  0.8077945
1740.5  0.7883286
1742.  0.7752344
1743.5  0.7537344
1745.  0.7529144
1746.5  0.7981544
1748.  0.8600603
1749.5  0.8325083
1751.  0.7805802
1752.5  0.7660785
1754.  0.7738656
1755.5  0.8101621
1757.  0.8349738
1758.5  0.8128879
1760.  0.7918068
1761.5  0.7809692
1763.  0.7569297
1764.5  0.7700756
1766.  0.7489735
1767.5  0.7261203
1769.  0.7266552
1770.5  0.7137486
1772.  0.7280879
1773.5  0.7280403
1775.  0.7334798
1776.5  0.7246222
1778.  0.7493064
1779.5  0.7712666
1781.  0.7500139
1782.5  0.7332867
1784.  0.7604749
1785.5  0.8138989
1787.  0.8023387
1788.5  0.7995763
1790.  0.7976007
1791.5  0.7737054
1793.  0.7335678
1794.5  0.733367
1796.  0.7492809
1797.5  0.7636993
1799.  0.7933155
1800.5  0.774442
1802.  0.7378691
1803.5  0.6784256
1805.  0.6773551
1806.5  0.7273248
1808.  0.7030287
1809.5  0.6746524
1811.  0.6805992
1812.5  0.6888191
1814.  0.773934
1815.5  0.7593929
1817.  0.7688382
1818.5  0.7469572
1820.  0.782412
1821.5  0.7441949
1823.  0.7247915
1824.5  0.7273721
1826.  0.7600928
1827.5  0.7250915
1829.  0.6774525
1830.5  0.7404989
1832.  0.7629098
1833.5  0.7535022
1835.  0.7627441
1836.5  0.7458864
1838.  0.7616894
1839.5  0.7079454
1841.  0.6872498
1842.5  0.730916
1844.  0.6875465
1845.5  0.6182402
1847.  0.6528014
1848.5  0.6958829
1850.  0.7089561
1851.5  0.6793752
1853.  0.6417868
1854.5  0.6033328
1856.  0.6032629
1857.5  0.6164877
1859.  0.6453123
1860.5  0.5986579
1862.  0.5962047
1863.5  0.634835
1865.  0.6412273
1866.5  0.6721378
1868.  0.6763235
1869.5  0.6629707
1871.  0.6724407
1872.5  0.6478702
1874.  0.6441002
1875.5  0.6841433
1877.  0.7105643
1878.5  0.7194811
1880.  0.7281218
1881.5  0.7510163
1883.  0.7205585
1884.5  0.688856
1886.  0.6598966
1887.5  0.7021415
1889.  0.6924939
1890.5  0.6314276
1892.  0.6340359
1893.5  0.6574587
1895.  0.6475062
1896.5  0.6134901
1898.  0.6376851
1899.5  0.6648003
1901.  0.6497358
1902.5  0.6478252
1904.  0.738848
1905.5  0.8126475
1907.  0.8262134
1908.5  0.8350803
1910.  0.8147277
1911.5  0.7099118
1913.  0.7093949
1914.5  0.7111289
1916.  0.619417
1917.5  0.5845904
1919.  0.5804364
1920.5  0.5754138
1922.  0.557267
1923.5  0.5604544
1925.  0.5838983
1926.5  0.619404
1928.  0.6178835
1929.5  0.5571211
1931.  0.5845277
1932.5  0.5976989
1934.  0.6029635
1935.5  0.6547132
1937.  0.6589656
1938.5  0.5594144
1940.  0.5989352
1941.5  0.6264316
1943.  0.584482
1944.5  0.5662305
1946.  0.5762663
1947.5  0.5969254
1949.  0.5789509
1950.5  0.6010889
