#       WAVELENGTH             FLUX
#               1E               1E
#        angstroms             flam
1235	 6.068856E-15
1240	 4.538799E-15
1245	  3.10335E-15
1250	 1.421254E-15
1255	 2.096114E-15
1260	 2.290616E-15
1265	 1.800566E-15
1270	 1.319256E-15
1275	 1.512067E-15
1280	 2.065977E-15
1285	 3.305601E-15
1290	 1.107009E-15
1295	   1.3086E-15
1300	 1.184887E-15
1305	 5.971097E-16
1310	 1.835214E-15
1315	 1.789624E-15
1320	 2.147136E-15
1325	 1.586463E-15
1330	 3.818143E-16
1335	 8.808364E-17
1340	 1.357618E-15
1345	 7.675242E-16
1350	 2.305858E-16
1355	  1.00734E-15
1360	  9.56574E-16
1365	 1.431897E-15
1370	 1.432391E-15
1375	 9.220909E-16
1380	 1.835379E-15
1385	  2.62325E-15
1390	 2.614887E-15
1395	 1.654649E-15
1400	   1.4378E-15
1405	 7.346135E-16
1410	 5.097906E-16
1415	 5.992978E-16
1420	 2.664774E-16
1425	 1.954462E-16
1430	 1.155677E-15
1435	 9.914089E-16
1440	 1.478052E-15
1445	 1.950372E-15
1450	 1.518229E-15
1455	 1.609838E-15
1460	 2.533601E-15
1465	 1.327049E-15
1470	 1.300831E-15
1475	 1.307269E-15
1480	 1.482829E-15
1485	 7.599394E-16
1490	  1.84527E-15
1495	 1.096815E-15
1500	 4.361006E-16
1505	 1.452708E-15
1510	 2.461647E-15
1515	 2.170281E-15
1520	  8.98158E-16
1525	 7.306613E-17
1530	 1.844969E-16
1535	 5.296776E-16
1540	 2.119059E-15
1545	 2.136046E-15
1550	 9.550645E-16
1555	 1.696341E-15
1560	 3.407619E-16
1565	 7.381619E-16
1570	 1.116167E-15
1575	 7.498288E-16
1580	  1.10921E-15
1585	 7.522452E-16
1590	 1.053294E-15
1595	 1.985191E-15
1600	  2.41096E-15
1605	  8.70849E-16
1610	 8.286901E-16
1615	 1.609784E-15
1620	 1.454938E-15
1625	 5.102461E-16
1630	 3.853215E-16
1635	  1.92805E-16
1640	  1.77084E-15
1645	 9.847642E-16
1650	 8.093672E-16
1655	  2.93033E-15
1660	 1.273505E-15
1665	 2.109527E-15
1670	 8.276452E-16
1675	 1.088073E-15
1680	 8.724092E-16
1685	  1.42246E-16
1690	 4.529843E-16
1695	 1.168521E-15
1700	 6.833696E-16
1705	 1.013572E-15
1710	 9.434042E-16
1715	 1.317624E-15
1720	 1.188533E-15
1725	 2.240485E-15
1730	 1.831253E-15
1735	 2.442202E-16
1740	 2.472705E-15
1745	 2.634096E-15
1750	 1.596905E-15
1755	 1.612968E-15
1760	 1.293652E-15
1765	 1.193149E-15
1770	 1.536174E-15
1775	 7.353933E-16
1780	 5.075651E-16
1785	 5.200688E-16
1790	 6.083585E-16
1795	  6.78747E-16
1800	 5.896062E-16
1805	 9.196484E-16
1810	 2.251209E-15
1815	 2.145323E-15
1820	 1.699432E-15
1825	 1.013996E-15
1830	 1.233485E-15
1835	 9.121597E-16
1840	 1.201716E-15
1845	  1.40043E-15
1850	 1.076002E-15
1855	 8.092176E-16
1860	 3.358159E-16
1865	 5.897327E-16
1870	 1.064815E-15
1875	 1.547424E-15
1880	 1.758566E-15
1885	 1.298462E-15
1890	  1.63761E-15
1895	 1.682081E-15
1900	 1.036017E-15
1905	 1.774639E-15
1910	 1.277448E-15
1915	 5.457238E-16
1920	 8.245287E-16
1925	  9.99159E-16
1930	 4.236583E-16
1935	 1.339148E-16
1940	 6.427252E-16
1945	 1.223609E-15
1950	 1.189001E-15
1955	 6.800263E-16
1960	 7.827238E-16
1965	 1.927398E-15
1970	 4.357442E-15
1975	 1.816793E-15
1980	 7.082308E-16
1985	 1.732336E-15
1990	 2.690265E-15
1995	 2.228128E-15
2000	 8.632058E-16
2005	 1.169008E-15
2010	 1.535845E-15
2015	 5.122987E-16
2020	 2.592742E-15
2025	 1.838293E-15
2030	 1.474276E-15
2035	 2.426385E-15
2040	 1.784738E-15
2045	 2.440962E-15
2050	 2.313346E-15
2055	 2.748765E-15
2060	 1.652099E-15
2065	 1.085142E-15
2070	 1.287157E-15
2075	 1.826831E-15
2080	 2.363637E-15
2085	 2.080403E-15
2090	 1.552441E-15
2095	 1.069558E-15
2100	 8.174907E-16
2105	 1.675721E-15
2110	  2.61719E-15
2115	 1.215137E-15
2120	 8.858536E-16
2125	  2.19426E-15
2130	 2.666116E-15
2135	 2.606729E-15
2140	 8.778933E-16
2145	 2.160946E-15
2150	 1.999462E-15
2155	 5.981367E-16
2160	 8.980842E-16
2165	 9.156132E-16
2170	  1.95477E-15
2175	 2.367359E-15
2180	 3.137672E-15
2185	 3.351949E-15
2190	 4.004841E-15
2195	 3.168571E-15
2200	 3.385682E-15
2205	 2.785599E-15
2210	 2.671331E-15
2215	 2.528184E-15
2220	 2.327616E-15
2225	 1.543478E-15
2230	 3.353566E-15
2235	 2.715203E-15
2240	 2.189208E-15
2245	 3.624321E-15
2250	 2.481498E-15
2255	 3.399816E-15
2260	 1.982417E-15
2265	 1.593904E-15
2270	 8.846766E-16
2275	  1.76159E-15
2280	 2.592298E-16
2285	  1.46725E-15
2290	 1.408187E-15
2295	 2.448547E-15
2300	 2.410095E-15
2305	 1.580595E-15
2310	 2.307716E-15
2315	 1.718197E-15
2320	  7.81061E-16
2325	 1.993957E-15
2330	 2.376026E-15
2335	 1.329339E-15
2340	 2.240073E-15
2345	 1.946626E-15
2350	 1.317652E-15
2355	 6.733516E-16
2360	 1.156021E-15
2365	 9.850204E-16
2370	 1.489891E-15
2375	 1.740018E-15
2380	 2.286527E-15
2385	 1.030405E-15
2390	 1.705462E-15
2395	 2.606225E-15
2400	 2.037077E-15
2405	 1.196834E-15
2410	  1.21561E-15
2415	 1.549912E-15
2420	 2.374257E-15
2425	 2.280903E-15
2430	 2.288547E-15
2435	 1.594705E-15
2440	 2.098055E-15
2445	 1.711084E-15
2450	 9.719914E-16
2455	 1.858451E-15
2460	 2.342212E-15
2465	 1.782601E-15
2470	 1.752113E-15
2475	   2.0479E-15
2480	 1.558924E-15
2485	 1.127046E-15
2490	 1.553746E-15
2495	 1.427325E-15
2500	 1.895384E-15
2505	 1.702803E-15
2510	  1.51808E-15
2515	 8.475992E-16
2520	 8.808239E-16
2525	 1.282765E-15
2530	 1.411173E-15
2535	  1.49487E-15
2540	 1.502697E-15
2545	 8.980508E-16
2550	 1.026819E-15
2555	 1.866894E-15
2560	 1.918044E-15
2565	 1.760903E-15
2570	 1.240671E-15
2575	   1.6867E-15
2580	 2.298331E-15
2585	  2.41077E-15
2590	 1.654768E-15
2595	 1.551316E-15
2600	 2.346333E-15
2605	 2.105665E-15
2610	 2.142252E-15
2615	 2.185274E-15
2620	 2.254605E-15
2625	 2.292255E-15
2630	 2.136214E-15
2635	 2.129012E-15
2640	 3.011515E-15
2645	 3.439612E-15
2650	 3.830798E-15
2655	 3.324785E-15
2660	 3.025506E-15
2665	 3.045011E-15
2670	  2.95421E-15
2675	  3.22667E-15
2680	 3.289157E-15
2685	   3.0174E-15
2690	 2.687438E-15
2695	 2.895066E-15
2700	  3.16163E-15
2705	 3.574557E-15
2710	 3.618264E-15
2715	  3.17414E-15
2720	 3.041423E-15
2725	 2.739718E-15
2730	 2.545866E-15
2735	 2.783097E-15
2740	 2.849366E-15
2745	 2.393104E-15
2750	  2.43129E-15
2755	 2.619788E-15
2760	  2.61038E-15
2765	 2.926993E-15
2770	  3.12382E-15
2775	 3.021133E-15
2780	 2.959201E-15
2785	 2.895891E-15
2790	 2.400343E-15
2795	 1.821987E-15
2800	 1.778331E-15
2805	 2.132564E-15
2810	 2.608892E-15
2815	 2.924524E-15
2820	 3.362527E-15
2825	 3.696764E-15
2830	 3.864185E-15
2835	  3.82932E-15
2840	 3.397493E-15
2845	 2.677741E-15
2850	 2.210968E-15
2855	 2.244166E-15
2860	 2.830376E-15
2865	 3.250758E-15
2870	 3.539745E-15
2875	 3.888325E-15
2880	 3.869194E-15
2885	 3.986283E-15
2890	 4.708895E-15
2895	 5.220274E-15
2900	 5.426186E-15
2905	 5.544314E-15
2910	 6.166839E-15
2915	 6.127182E-15
2920	 5.891309E-15
2925	 5.667596E-15
2930	 5.123957E-15
2935	 5.166918E-15
2940	 4.895984E-15
2945	 5.607945E-15
2950	 5.540058E-15
2955	 5.414715E-15
2960	 5.809649E-15
2965	 5.881506E-15
2970	 5.716454E-15
2975	 6.138742E-15
2980	 6.115419E-15
2985	 5.757071E-15
2990	 5.768332E-15
2995	 5.219986E-15
3000	 4.743592E-15
3005	 4.689127E-15
3010	  4.92898E-15
3015	 5.459617E-15
3020	 5.685388E-15
3025	 5.193465E-15
3030	 5.772015E-15
3035	 6.517597E-15
3040	  6.59559E-15
3045	 6.036777E-15
3050	 5.570595E-15
3055	 6.264464E-15
3060	 6.013926E-15
3065	 5.975288E-15
3070	 7.153121E-15
3075	 7.502341E-15
3080	 7.630319E-15
3085	 7.564883E-15
3090	 6.797255E-15
3095	 6.261578E-15
3100	  6.08131E-15
3105	 6.201817E-15
3110	  6.85008E-15
3115	   7.7694E-15
3120	 8.275785E-15
3125	 7.948729E-15
3130	 7.859856E-15
3135	 7.987402E-15
3140	 7.852942E-15
3145	 8.408822E-15
3150	 8.703397E-15
3155	 8.286697E-15
3160	 9.007019E-15
3165	 9.229545E-15
3170	 9.461243E-15
3175	 1.029526E-14
3180	 9.223579E-15
3185	  1.02109E-14
3190	 1.013906E-14
3195	 9.198979E-15
3200	 1.028288E-14
3205	 6.421222E-15
3210	 5.665507E-15
3215	 7.379432E-15
3220	 9.216865E-15
3225	 8.745377E-15
3230	 6.953054E-15
3235	 5.180627E-15
3240	 6.290023E-15
3245	 8.250777E-15
3250	 8.240457E-15
3255	  7.47495E-15
3260	 7.589639E-15
3265	 8.209667E-15
3270	 8.807651E-15
3275	 7.746599E-15
3280	  6.32253E-15
3285	 6.450284E-15
3290	 1.025514E-14
3295	 1.139964E-14
3300	 1.158275E-14
3305	 1.183392E-14
3310	  1.12413E-14
3315	 1.183504E-14
3320	 1.079959E-14
3325	 8.823774E-15
3330	 9.316889E-15
3335	 9.092445E-15
3340	 8.439711E-15
3345	 8.245925E-15
3350	 9.282583E-15
3355	 9.097806E-15
3360	 7.506466E-15
3365	 6.406338E-15
3370	 6.768246E-15
3375	 7.261476E-15
3380	 6.137839E-15
3385	 5.847311E-15
3390	 7.656554E-15
3395	 8.811447E-15
3400	 8.992214E-15
3405	 8.734567E-15
3410	 7.614288E-15
3415	 6.937462E-15
3420	 7.922262E-15
3425	 9.174122E-15
3430	 9.802287E-15
3435	 8.253357E-15
3440	 7.040227E-15
3445	 6.689104E-15
3450	 6.762515E-15
3455	 7.169911E-15
3460	 7.426301E-15
3465	 7.311795E-15
3470	 7.440474E-15
3475	 7.196826E-15
3480	 7.214416E-15
3485	 8.334526E-15
3490	 8.787657E-15
3495	 8.317745E-15
3500	 8.290868E-15
3505	  9.29555E-15
3510	 1.004036E-14
3515	 9.893263E-15
3520	 9.245852E-15
3525	  8.64423E-15
3530	 9.097589E-15
3535	 1.058384E-14
3540	 1.132711E-14
3545	 1.136893E-14
3550	 1.042656E-14
3555	 9.098005E-15
3560	 7.741759E-15
3565	 7.171908E-15
3570	 7.428913E-15
3575	 7.742976E-15
3580	 7.755938E-15
3585	 8.044981E-15
3590	 8.729809E-15
3595	 9.313833E-15
3600	 9.687072E-15
3605	 9.442324E-15
3610	 9.367755E-15
3615	 1.083314E-14
3620	 1.262275E-14
3625	 1.173278E-14
3630	 1.002851E-14
3635	 9.217475E-15
3640	 9.285965E-15
3645	 9.577103E-15
3650	 1.007433E-14
3655	 1.133444E-14
3660	 1.233594E-14
3665	 1.267531E-14
3670	 1.283419E-14
3675	 1.322269E-14
3680	 1.360707E-14
3685	 1.335032E-14
3690	 1.228219E-14
3695	 1.154509E-14
3700	 1.175781E-14
3705	 1.174204E-14
3710	 1.188744E-14
3715	 1.218211E-14
3720	 1.132611E-14
3725	 1.077157E-14
3730	 1.172928E-14
3735	 1.081659E-14
3740	 9.456963E-15
3745	 8.462394E-15
3750	 8.370246E-15
3755	 9.303083E-15
3760	 9.995164E-15
3765	 9.971513E-15
3770	 1.069908E-14
3775	 1.263524E-14
3780	 1.339407E-14
3785	 1.299871E-14
3790	 1.181207E-14
3795	 1.071585E-14
3800	 1.057965E-14
3805	 1.082048E-14
3810	 1.092167E-14
3815	 1.064993E-14
3820	 9.657073E-15
3825	 8.427619E-15
3830	 7.504477E-15
3835	  7.00561E-15
3840	 6.981978E-15
3845	 7.738541E-15
3850	 8.770371E-15
3855	 9.029746E-15
3860	 8.840103E-15
3865	  9.13181E-15
3870	 9.527243E-15
3875	 9.539448E-15
3880	 9.721106E-15
3885	   9.9489E-15
3890	 1.119277E-14
3895	 1.292552E-14
3900	 1.327775E-14
3905	 1.319781E-14
3910	 1.356123E-14
3915	 1.363244E-14
3920	 1.235115E-14
3925	 1.031598E-14
3930	 8.134532E-15
3935	 6.345272E-15
3940	 6.643497E-15
3945	 9.125815E-15
3950	 1.191108E-14
3955	 1.344034E-14
3960	  1.25506E-14
3965	 1.002203E-14
3970	 8.573532E-15
3975	 1.029436E-14
3980	 1.321709E-14
3985	 1.582363E-14
3990	 1.775479E-14
3995	 1.888576E-14
4000	 1.929894E-14
4005	 2.002687E-14
4010	 2.097415E-14
4015	 2.138243E-14
4020	 2.142733E-14
4025	 2.139218E-14
4030	 2.097389E-14
4035	  2.02337E-14
4040	 1.971487E-14
4045	 1.942503E-14
4050	 1.955262E-14
4055	 1.981007E-14
4060	 1.912994E-14
4065	   1.8945E-14
4070	 1.947563E-14
4075	 1.985839E-14
4080	 2.035938E-14
4085	 2.158731E-14
4090	 2.251433E-14
4095	 2.150693E-14
4100	 1.998759E-14
4105	 1.899405E-14
4110	 2.001374E-14
4115	 2.139119E-14
4120	 2.218909E-14
4125	 2.143712E-14
4130	 2.037508E-14
4135	 1.984915E-14
4140	 2.043972E-14
4145	 2.002774E-14
4150	 1.909659E-14
4155	  1.91126E-14
4160	 1.967102E-14
4165	 1.979822E-14
4170	 1.935396E-14
4175	 1.913151E-14
4180	 1.937839E-14
4185	 2.008528E-14
4190	 2.029698E-14
4195	  1.98186E-14
4200	 1.966049E-14
4205	 2.040978E-14
4210	  2.13225E-14
4215	 2.168659E-14
4220	 2.197117E-14
4225	 2.142422E-14
4230	 2.093319E-14
4235	 2.128127E-14
4240	 2.216363E-14
4245	  2.30375E-14
4250	 2.252938E-14
4255	 2.217734E-14
4260	 2.261068E-14
4265	 2.371251E-14
4270	 2.258246E-14
4275	  2.06987E-14
4280	 2.140703E-14
4285	 2.228582E-14
4290	 2.150147E-14
4295	 2.009768E-14
4300	 1.872714E-14
4305	 1.767483E-14
4310	 1.825878E-14
4315	 2.109132E-14
4320	 2.374079E-14
4325	 2.485807E-14
4330	 2.549123E-14
4335	 2.582817E-14
4340	 2.555478E-14
4345	 2.538633E-14
4350	 2.573051E-14
4355	 2.636778E-14
4360	  2.71846E-14
4365	 2.770479E-14
4370	 2.729456E-14
4375	 2.604021E-14
4380	 2.463549E-14
4385	 2.386832E-14
4390	 2.433251E-14
4395	 2.567831E-14
4400	 2.622524E-14
4405	 2.552359E-14
4410	 2.586715E-14
4415	 2.704632E-14
4420	 2.809557E-14
4425	 2.844457E-14
4430	  2.85338E-14
4435	 2.876839E-14
4440	 2.926668E-14
4445	 2.965564E-14
4450	 2.939183E-14
4455	 2.860075E-14
4460	 2.806056E-14
4465	 2.831717E-14
4470	 2.935233E-14
4475	 3.064224E-14
4480	 3.134691E-14
4485	 3.089861E-14
4490	 3.026759E-14
4495	 3.008588E-14
4500	 3.137078E-14
4505	 3.328774E-14
4510	 3.461776E-14
4515	 3.462847E-14
4520	 3.315524E-14
4525	 3.096465E-14
4530	 2.938861E-14
4535	 2.922194E-14
4540	 3.018017E-14
4545	 3.134088E-14
4550	 3.136932E-14
4555	 3.141141E-14
4560	 3.261186E-14
4565	 3.379258E-14
4570	 3.409674E-14
4575	 3.345533E-14
4580	 3.258801E-14
4585	 3.242381E-14
4590	 3.286449E-14
4595	 3.287232E-14
4600	  3.24298E-14
4605	 3.277015E-14
4610	 3.367758E-14
4615	 3.426077E-14
4620	 3.423586E-14
4625	  3.36865E-14
4630	 3.339799E-14
4635	 3.310105E-14
4640	 3.240689E-14
4645	 3.162455E-14
4650	 3.128535E-14
4655	 3.147379E-14
4660	 3.220356E-14
4665	 3.152842E-14
4670	 3.106999E-14
4675	 3.101432E-14
4680	 3.091035E-14
4685	 3.057046E-14
4690	 3.029593E-14
4695	 3.032849E-14
4700	 3.028642E-14
4705	 3.062009E-14
4710	 3.066228E-14
4715	 3.064068E-14
4720	 3.107983E-14
4725	 3.159159E-14
4730	 3.191158E-14
4735	 3.218906E-14
4740	 3.261684E-14
4745	 3.286995E-14
4750	 3.323908E-14
4755	 3.327675E-14
4760	  3.28037E-14
4765	 3.237072E-14
4770	 3.263477E-14
4775	 3.349836E-14
4780	 3.416663E-14
4785	  3.40751E-14
4790	 3.358239E-14
4795	 3.382107E-14
4800	 3.402262E-14
4805	 3.418959E-14
4810	  3.43358E-14
4815	 3.448042E-14
4820	 3.459457E-14
4825	 3.437518E-14
4830	 3.380151E-14
4835	 3.351746E-14
4840	 3.383771E-14
4845	  3.38723E-14
4850	 3.315283E-14
4855	 3.186423E-14
4860	 3.039655E-14
4865	  2.97003E-14
4870	 3.056477E-14
4875	 3.174613E-14
4880	 3.248258E-14
4885	 3.240485E-14
4890	 3.195098E-14
4895	 3.255276E-14
4900	 3.360571E-14
4905	 3.384129E-14
4910	 3.384411E-14
4915	 3.364254E-14
4920	 3.341491E-14
4925	 3.347993E-14
4930	 3.392945E-14
4935	 3.366488E-14
4940	 3.383228E-14
4945	 3.450829E-14
4950	 3.517489E-14
4955	 3.529933E-14
4960	 3.476462E-14
4965	 3.410519E-14
4970	 3.409013E-14
4975	 3.387907E-14
4980	 3.336795E-14
4985	 3.295121E-14
4990	 3.315252E-14
4995	 3.341058E-14
5000	 3.303689E-14
5005	 3.294152E-14
5010	 3.276783E-14
5015	 3.224435E-14
5020	 3.145647E-14
5025	 3.116614E-14
5030	 3.187872E-14
5035	 3.207205E-14
5040	 3.183626E-14
5045	 3.170079E-14
5050	 3.225168E-14
5055	 3.313177E-14
5060	 3.355793E-14
5065	 3.332816E-14
5070	 3.294509E-14
5075	 3.270306E-14
5080	 3.237161E-14
5085	 3.213224E-14
5090	 3.249196E-14
5095	 3.250362E-14
5100	 3.213999E-14
5105	  3.18225E-14
5110	 3.209564E-14
5115	 3.250108E-14
5120	  3.25612E-14
5125	 3.202588E-14
5130	 3.132572E-14
5135	 3.163535E-14
5140	 3.198671E-14
5145	 3.183618E-14
5150	 3.164869E-14
5155	 3.152827E-14
5160	 3.128163E-14
5165	 2.999588E-14
5170	 2.801063E-14
5175	 2.688257E-14
5180	  2.67042E-14
5185	 2.723673E-14
5190	 2.886289E-14
5195	 3.088861E-14
5200	 3.217588E-14
5205	 3.248112E-14
5210	 3.213105E-14
5215	 3.271648E-14
5220	 3.350057E-14
5225	 3.384502E-14
5230	 3.394296E-14
5235	 3.420293E-14
5240	 3.540377E-14
5245	 3.580384E-14
5250	 3.574513E-14
5255	 3.535232E-14
5260	 3.466984E-14
5265	 3.340023E-14
5270	  3.26251E-14
5275	 3.311108E-14
5280	 3.457546E-14
5285	 3.637008E-14
5290	 3.747357E-14
5295	 3.726974E-14
5300	 3.710762E-14
5305	 3.752269E-14
5310	 3.868211E-14
5315	 3.904185E-14
5320	 3.880309E-14
5325	 3.757631E-14
5330	 3.573161E-14
5335	 3.532621E-14
5340	 3.582807E-14
5345	 3.649884E-14
5350	 3.748274E-14
5355	 3.895442E-14
5360	  3.97888E-14
5365	 3.918741E-14
5370	 3.814768E-14
5375	 3.746234E-14
5380	 3.824377E-14
5385	 3.834135E-14
5390	 3.767351E-14
5395	 3.678137E-14
5400	 3.626959E-14
5405	 3.574559E-14
5410	 3.620143E-14
5415	 3.716348E-14
5420	 3.814393E-14
5425	 3.806509E-14
5430	 3.752593E-14
5435	 3.744847E-14
5440	 3.781782E-14
5445	 3.825387E-14
5450	 3.747384E-14
5455	 3.701664E-14
5460	   3.6852E-14
5465	 3.686959E-14
5470	 3.739885E-14
5475	 3.780942E-14
5480	 3.798581E-14
5485	 3.789323E-14
5490	 3.779453E-14
5495	 3.769586E-14
5500	 3.759718E-14
5505	 3.746646E-14
5510	  3.71582E-14
5515	 3.659394E-14
5520	 3.646531E-14
5525	 3.666451E-14
5530	 3.630218E-14
5535	 3.692515E-14
5540	 3.779789E-14
5545	  3.85702E-14
5550	 3.867273E-14
5555	 3.890466E-14
5560	  3.92186E-14
5565	 3.945377E-14
5570	 3.923751E-14
5575	 3.877725E-14
5580	 3.834843E-14
5585	 3.796947E-14
5590	 3.759516E-14
5595	 3.751028E-14
5600	 3.757734E-14
5605	 3.775771E-14
5610	 3.800962E-14
5615	  3.78543E-14
5620	 3.770279E-14
5625	  3.76365E-14
5630	 3.765731E-14
5635	 3.780794E-14
5640	 3.786729E-14
5645	 3.783392E-14
5650	 3.811554E-14
5655	 3.823089E-14
5660	 3.827847E-14
5665	 3.831383E-14
5670	 3.855172E-14
5675	  3.86603E-14
5680	 3.869668E-14
5685	 3.870105E-14
5690	 3.865225E-14
5695	 3.849128E-14
5700	 3.806311E-14
5705	 3.704778E-14
5710	 3.679371E-14
5715	 3.735359E-14
5720	 3.837701E-14
5725	 3.828948E-14
5730	 3.759208E-14
5735	 3.728413E-14
5740	 3.779563E-14
5745	 3.848813E-14
5750	 3.865829E-14
5755	 3.849032E-14
5760	 3.814868E-14
5765	 3.828191E-14
5770	 3.847696E-14
5775	 3.859027E-14
5780	 3.814195E-14
5785	 3.769688E-14
5790	 3.765196E-14
5795	   3.8282E-14
5800	 3.925407E-14
5805	 4.004414E-14
5810	 4.061942E-14
5815	 4.085529E-14
5820	 4.030492E-14
5825	  3.95191E-14
5830	 3.868174E-14
5835	 3.881379E-14
5840	 3.911395E-14
5845	 3.928583E-14
5850	 3.868372E-14
5855	  3.85813E-14
5860	 3.852027E-14
5865	 3.835282E-14
5870	 3.721181E-14
5875	 3.668888E-14
5880	 3.623188E-14
5885	 3.457273E-14
5890	 3.203551E-14
5895	 3.048973E-14
5900	 3.083389E-14
5905	 3.379748E-14
5910	 3.606983E-14
5915	 3.750402E-14
5920	 3.744998E-14
5925	 3.739899E-14
5930	 3.740531E-14
5935	 3.753562E-14
5940	 3.771052E-14
5945	 3.774431E-14
5950	 3.764478E-14
5955	 3.824408E-14
5960	 3.886682E-14
5965	 3.937012E-14
5970	 3.930891E-14
5975	 3.884277E-14
5980	 3.825465E-14
5985	 3.767537E-14
5990	 3.788565E-14
5995	  3.81988E-14
6000	 3.851792E-14
6005	 3.849315E-14
6010	 3.805477E-14
6015	  3.74494E-14
6020	 3.751721E-14
6025	 3.796237E-14
6030	 3.868429E-14
6035	 3.974432E-14
6040	 4.058176E-14
6045	 4.102978E-14
6050	 4.091185E-14
6055	 4.082801E-14
6060	  4.08623E-14
6065	 4.101991E-14
6070	 4.106707E-14
6075	 4.080008E-14
6080	 4.030136E-14
6085	 3.981995E-14
6090	  3.92424E-14
6095	 3.877305E-14
6100	  3.89275E-14
6105	 3.964988E-14
6110	 4.034884E-14
6115	 4.047851E-14
6120	 3.996845E-14
6125	 3.934066E-14
6130	 3.876128E-14
6135	 3.853854E-14
6140	 3.844362E-14
6145	 3.846233E-14
6150	 3.889648E-14
6155	 3.851258E-14
6160	 3.717687E-14
6165	 3.700781E-14
6170	 3.714474E-14
6175	 3.755535E-14
6180	 3.787856E-14
6185	 3.751829E-14
6190	 3.676384E-14
6195	 3.759491E-14
6200	 3.864214E-14
6205	 3.959116E-14
6210	  3.86064E-14
6215	 3.828509E-14
6220	 3.820034E-14
6225	 3.709844E-14
6230	 3.639109E-14
6235	 3.606338E-14
6240	 3.663356E-14
6245	 3.658783E-14
6250	 3.607549E-14
6255	 3.479813E-14
6260	 3.476491E-14
6265	 3.539036E-14
6270	 3.620313E-14
6275	  3.67358E-14
6280	  3.71979E-14
6285	 3.801652E-14
6290	 3.815175E-14
6295	 3.794987E-14
6300	 3.784097E-14
6305	 3.779562E-14
6310	 3.780546E-14
6315	 3.794589E-14
6320	 3.835144E-14
6325	 3.886283E-14
6330	 3.891619E-14
6335	 3.881169E-14
6340	 3.862641E-14
6345	 3.878497E-14
6350	 3.873425E-14
6355	  3.85133E-14
6360	 3.821268E-14
6365	 3.833731E-14
6370	 3.886726E-14
6375	 3.929626E-14
6380	 3.979745E-14
6385	 4.038485E-14
6390	 4.033911E-14
6395	 4.006093E-14
6400	 3.950607E-14
6405	 3.924194E-14
6410	 3.899901E-14
6415	 3.871212E-14
6420	 3.882894E-14
6425	 3.906144E-14
6430	 3.933627E-14
6435	 3.927072E-14
6440	 3.906377E-14
6445	 3.880424E-14
6450	 3.902047E-14
6455	 3.952379E-14
6460	 4.020965E-14
6465	 4.063722E-14
6470	   4.0852E-14
6475	 4.131521E-14
6480	 4.137063E-14
6485	 4.092547E-14
6490	 3.924392E-14
6495	 3.806069E-14
6500	 3.810721E-14
6505	 3.856715E-14
6510	 3.911294E-14
6515	 3.957019E-14
6520	 3.983918E-14
6525	 3.999095E-14
6530	 3.994194E-14
6535	 3.997141E-14
6540	 4.006675E-14
6545	 3.990732E-14
6550	 3.961434E-14
6555	 3.913778E-14
6560	 3.890367E-14
6565	 3.879787E-14
6570	 3.891424E-14
6575	 3.935054E-14
6580	 3.991089E-14
6585	 4.037035E-14
6590	 4.047988E-14
6595	 4.029887E-14
6600	 3.936131E-14
6605	 3.881068E-14
6610	  3.89107E-14
6615	 3.947087E-14
6620	 3.990189E-14
6625	 3.948273E-14
6630	 3.894296E-14
6635	 3.838266E-14
6640	 3.881723E-14
6645	 3.933264E-14
6650	 3.994413E-14
6655	 3.969617E-14
6660	 3.925097E-14
6665	 3.863701E-14
6670	 3.853375E-14
6675	 3.869985E-14
6680	  3.91538E-14
6685	  3.92685E-14
6690	 3.901243E-14
6695	 3.817489E-14
6700	 3.749419E-14
6705	 3.744649E-14
6710	 3.807621E-14
6715	 3.901026E-14
6720	 3.947561E-14
6725	 3.949944E-14
6730	 3.898759E-14
6735	 3.877491E-14
6740	 3.867377E-14
6745	 3.875794E-14
6750	 3.848111E-14
6755	 3.797701E-14
6760	 3.797208E-14
6765	 3.787038E-14
6770	 3.760544E-14
6775	 3.796414E-14
6780	 3.843053E-14
6785	 3.830127E-14
6790	 3.818555E-14
6795	 3.808287E-14
6800	 3.799975E-14
6805	 3.801483E-14
6810	 3.830952E-14
6815	 3.876081E-14
6820	 3.930594E-14
6825	 3.905961E-14
6830	 3.894457E-14
6835	 3.907785E-14
6840	 3.789864E-14
6845	 3.619213E-14
6850	 3.424957E-14
6855	 3.369094E-14
6860	 3.487407E-14
6865	 3.604019E-14
6870	 3.693969E-14
6875	 3.642912E-14
6880	   3.6612E-14
6885	 3.746085E-14
6890	 3.773977E-14
6895	 3.798529E-14
6900	 3.844591E-14
6905	 3.895311E-14
6910	 3.949682E-14
6915	 3.992175E-14
6920	 4.024611E-14
6925	 4.030659E-14
6930	 3.981291E-14
6935	 3.893679E-14
6940	 3.916453E-14
6945	 3.963213E-14
6950	 4.052943E-14
6955	 4.098241E-14
6960	  4.11465E-14
6965	 3.975502E-14
6970	 3.864557E-14
6975	 3.855861E-14
6980	  3.90569E-14
6985	 3.994156E-14
6990	 4.108136E-14
6995	 4.200692E-14
7000	 4.225854E-14
7005	 4.185778E-14
7010	 4.098519E-14
7015	 4.137335E-14
7020	 4.163609E-14
7025	 4.098295E-14
7030	 4.107342E-14
7035	 4.179484E-14
7040	  4.18972E-14
7045	 4.180247E-14
7050	 4.125453E-14
7055	 4.037239E-14
7060	 3.913194E-14
7065	 3.897929E-14
7070	 3.913904E-14
7075	 3.953835E-14
7080	  3.97667E-14
7085	 3.974535E-14
7090	 3.907817E-14
7095	 3.815811E-14
7100	 3.816456E-14
7105	 3.819034E-14
7110	 3.825905E-14
7115	 3.806139E-14
7120	  3.76926E-14
7125	 3.828479E-14
7130	 3.859891E-14
7135	 3.737868E-14
7140	 3.622201E-14
7145	 3.513134E-14
7150	 3.572205E-14
7155	 3.661572E-14
7160	 3.508543E-14
7165	  3.38654E-14
7170	 3.321327E-14
7175	  3.38408E-14
7180	 3.519901E-14
7185	 3.629527E-14
7190	  3.72685E-14
7195	 3.783963E-14
7200	 3.818108E-14
7205	 3.826787E-14
7210	 3.809737E-14
7215	 3.782681E-14
7220	  3.69147E-14
7225	 3.650617E-14
7230	 3.731081E-14
7235	 3.753999E-14
7240	 3.732156E-14
7245	 3.702582E-14
7250	 3.676376E-14
7255	 3.697601E-14
7260	 3.778731E-14
7265	 3.967978E-14
7270	 4.106915E-14
7275	  4.21464E-14
7280	 4.168493E-14
7285	 4.074872E-14
7290	 3.812832E-14
7295	 3.669104E-14
7300	 3.712731E-14
7305	 3.751818E-14
7310	 3.788315E-14
7315	 3.869337E-14
7320	  3.93419E-14
7325	 3.862926E-14
7330	 3.822431E-14
7335	  3.83149E-14
7340	 3.830691E-14
7345	 3.824025E-14
7350	 3.772585E-14
7355	 3.730475E-14
7360	 3.820078E-14
7365	 3.881533E-14
7370	 3.889852E-14
7375	 3.910632E-14
7380	 3.940367E-14
7385	 3.916394E-14
7390	 3.885006E-14
7395	 3.951599E-14
7400	 4.000257E-14
7405	 4.001971E-14
7410	 3.972971E-14
7415	 3.913556E-14
7420	 3.977485E-14
7425	 4.087571E-14
7430	 4.036934E-14
7435	 3.998135E-14
7440	 4.057312E-14
7445	 4.103667E-14
7450	  4.12995E-14
7455	 4.126507E-14
7460	 4.103729E-14
7465	 4.105034E-14
7470	 4.109989E-14
7475	 4.065786E-14
7480	 4.047599E-14
7485	 4.110903E-14
7490	  4.13039E-14
7495	  4.09633E-14
7500	 4.101581E-14
7505	 4.127458E-14
7510	 4.220449E-14
7515	 4.316569E-14
7520	 4.292717E-14
7525	 4.289236E-14
7530	 4.344062E-14
7535	 4.275718E-14
7540	 4.061029E-14
7545	 3.958189E-14
7550	  3.91531E-14
7555	 3.895694E-14
7560	 3.881053E-14
7565	 3.885175E-14
7570	 3.909331E-14
7575	 4.003524E-14
7580	 4.053521E-14
7585	 4.039724E-14
7590	 4.022926E-14
7595	 4.004079E-14
7600	 3.985182E-14
7605	 3.966288E-14
7610	 3.946559E-14
7615	  3.92982E-14
7620	 3.932883E-14
7625	 3.930631E-14
7630	 3.916423E-14
7635	 3.909823E-14
7640	 3.911423E-14
7645	 3.887165E-14
7650	  3.84909E-14
7655	 3.797881E-14
7660	 3.743848E-14
7665	 3.720233E-14
7670	 3.708279E-14
7675	 3.759181E-14
7680	  3.79765E-14
7685	 3.808945E-14
7690	 3.801527E-14
7695	 3.773312E-14
7700	 3.753828E-14
7705	 3.739447E-14
7710	 3.725725E-14
7715	 3.712194E-14
7720	 3.750179E-14
7725	 3.789839E-14
7730	 3.813664E-14
7735	 3.830997E-14
7740	 3.827875E-14
7745	 3.815117E-14
7750	 3.787115E-14
7755	 3.794932E-14
7760	 3.834435E-14
7765	  3.86765E-14
7770	 3.897795E-14
7775	 3.872908E-14
7780	 3.835395E-14
7785	 3.834078E-14
7790	 3.835819E-14
7795	 3.850062E-14
7800	 3.864838E-14
7805	 3.881561E-14
7810	 3.897713E-14
7815	 3.912827E-14
7820	 3.915068E-14
7825	 3.903373E-14
7830	 3.873648E-14
7835	 3.832264E-14
7840	 3.832131E-14
7845	 3.847205E-14
7850	 3.853608E-14
7855	 3.858508E-14
7860	  3.87552E-14
7865	 3.888543E-14
7870	 3.858308E-14
7875	   3.8347E-14
7880	 3.836616E-14
7885	 3.832411E-14
7890	 3.815136E-14
7895	 3.794998E-14
7900	  3.77106E-14
7905	 3.752422E-14
7910	  3.73832E-14
7915	 3.714045E-14
7920	 3.684196E-14
7925	 3.669282E-14
7930	 3.659391E-14
7935	 3.633027E-14
7940	   3.6038E-14
7945	  3.62855E-14
7950	 3.657679E-14
7955	 3.718423E-14
7960	 3.773641E-14
7965	 3.795605E-14
7970	 3.809917E-14
7975	 3.799267E-14
7980	 3.794672E-14
7985	 3.802652E-14
7990	 3.800127E-14
7995	  3.78269E-14
8000	 3.798776E-14
8005	 3.848585E-14
8010	 3.888142E-14
8015	 3.920327E-14
8020	 3.927527E-14
8025	 3.922058E-14
8030	 3.949138E-14
8035	 3.987476E-14
8040	 3.963308E-14
8045	 3.925307E-14
8050	 3.950041E-14
8055	 3.982267E-14
8060	 3.979253E-14
8065	 3.973628E-14
8070	 3.931049E-14
8075	 3.895942E-14
8080	 3.925771E-14
8085	 3.937552E-14
8090	 3.859453E-14
8095	 3.796316E-14
8100	 3.783024E-14
8105	 3.774726E-14
8110	  3.77858E-14
8115	 3.789763E-14
8120	 3.814603E-14
8125	 3.834006E-14
8130	 3.845416E-14
8135	 3.864151E-14
8140	 3.891558E-14
8145	 3.918003E-14
8150	  3.94352E-14
8155	 3.970775E-14
8160	   3.9994E-14
8165	 4.051697E-14
8170	 4.119484E-14
8175	 4.096481E-14
8180	 4.024274E-14
8185	 3.975952E-14
8190	 3.938373E-14
8195	 3.861006E-14
8200	 3.768932E-14
8205	 3.819458E-14
8210	 3.913184E-14
8215	 3.938113E-14
8220	 3.945977E-14
8225	 3.986366E-14
8230	 4.033233E-14
8235	 4.003863E-14
8240	 3.962451E-14
8245	 3.937623E-14
8250	 3.914851E-14
8255	  3.94113E-14
8260	 3.971905E-14
8265	  3.97013E-14
8270	 3.966234E-14
8275	 3.935972E-14
8280	 3.904629E-14
8285	   3.8904E-14
8290	 3.876576E-14
8295	 3.845011E-14
8300	 3.813472E-14
8305	 3.800233E-14
8310	 3.787592E-14
8315	 3.807102E-14
8320	 3.824885E-14
8325	 3.780239E-14
8330	 3.736813E-14
8335	 3.728439E-14
8340	 3.721154E-14
8345	 3.742469E-14
8350	 3.763957E-14
8355	 3.790439E-14
8360	  3.81559E-14
8365	 3.807187E-14
8370	 3.798034E-14
8375	 3.767421E-14
8380	 3.737758E-14
8385	 3.739893E-14
8390	 3.742392E-14
8395	 3.762802E-14
8400	 3.783251E-14
8405	 3.809972E-14
8410	 3.836663E-14
8415	  3.80862E-14
8420	 3.780451E-14
8425	 3.753972E-14
8430	 3.727558E-14
8435	 3.664678E-14
8440	 3.600489E-14
8445	 3.641559E-14
8450	  3.68887E-14
8455	 3.670921E-14
8460	 3.647411E-14
8465	   3.6307E-14
8470	 3.614798E-14
8475	 3.635208E-14
8480	 3.661138E-14
8485	 3.624596E-14
8490	 3.576007E-14
8495	 3.518303E-14
8500	 3.458457E-14
8505	 3.497003E-14
8510	 3.564677E-14
8515	 3.583848E-14
8520	 3.585387E-14
8525	  3.53283E-14
8530	  3.45647E-14
8535	 3.319311E-14
8540	 3.149829E-14
8545	 3.197773E-14
8550	 3.385744E-14
8555	 3.540155E-14
8560	 3.668201E-14
8565	 3.735961E-14
8570	 3.746116E-14
8575	  3.75579E-14
8580	 3.764902E-14
8585	 3.779323E-14
8590	 3.801536E-14
8595	 3.812389E-14
8600	 3.801973E-14
8605	 3.799402E-14
8610	 3.816127E-14
8615	 3.838027E-14
8620	 3.877562E-14
8625	 3.912324E-14
8630	 3.922829E-14
8635	 3.931388E-14
8640	 3.921909E-14
8645	 3.908713E-14
8650	 3.761095E-14
8655	 3.613648E-14
8660	 3.501955E-14
8665	 3.392048E-14
8670	 3.515014E-14
8675	 3.669067E-14
8680	 3.738102E-14
8685	 3.786554E-14
8690	 3.831268E-14
8695	 3.874538E-14
8700	 3.891814E-14
8705	 3.894759E-14
8710	  3.91648E-14
8715	 3.952904E-14
8720	 3.973618E-14
8725	 3.976881E-14
8730	 3.963316E-14
8735	 3.922727E-14
8740	  3.90203E-14
8745	 3.929455E-14
8750	 3.956244E-14
8755	 3.980561E-14
8760	 4.000535E-14
8765	 3.982487E-14
8770	 3.964551E-14
8775	 3.988375E-14
8780	 4.012172E-14
8785	 4.026447E-14
8790	 4.039662E-14
8795	 3.987374E-14
8800	 3.918465E-14
8805	   3.9135E-14
8810	 3.937162E-14
8815	 3.973798E-14
8820	 4.019748E-14
8825	 4.050851E-14
8830	 4.065188E-14
8835	  4.07357E-14
8840	 4.071161E-14
8845	 4.064179E-14
8850	 4.042614E-14
8855	 4.014215E-14
8860	 3.935347E-14
8865	 3.856568E-14
8870	 3.818239E-14
8875	 3.780072E-14
8880	 3.787011E-14
8885	 3.800502E-14
8890	 3.816448E-14
8895	 3.833215E-14
8900	 3.868301E-14
8905	 3.914725E-14
8910	 3.947768E-14
8915	 3.966584E-14
8920	 3.971494E-14
8925	 3.950629E-14
8930	 3.933448E-14
8935	 3.929808E-14
8940	 3.928008E-14
8945	  3.94929E-14
8950	  3.97055E-14
8955	 3.937298E-14
8960	 3.900088E-14
8965	 3.897366E-14
8970	 3.904024E-14
8975	 3.932794E-14
8980	 3.974028E-14
8985	 3.998131E-14
8990	 4.004367E-14
8995	 4.009299E-14
9000	 4.011676E-14
9005	 4.004462E-14
9010	 3.953625E-14
9015	 3.903471E-14
9020	 3.880708E-14
9025	 3.857971E-14
9030	 3.957089E-14
9035	 4.075507E-14
9040	 4.130299E-14
9045	 4.157806E-14
9050	  4.16214E-14
9055	 4.146252E-14
9060	 4.133182E-14
9065	 4.124974E-14
9070	 4.117991E-14
9075	 4.116018E-14
9080	 4.112433E-14
9085	 4.038557E-14
9090	 3.964764E-14
9095	 3.987081E-14
9100	 4.026858E-14
9105	 4.027583E-14
9110	 4.008895E-14
9115	 4.003761E-14
9120	 4.012899E-14
9125	 4.025017E-14
9130	 4.043986E-14
9135	  4.05061E-14
9140	 3.964418E-14
9145	 3.878321E-14
9150	 3.878039E-14
9155	 3.884452E-14
9160	 3.881021E-14
9165	 3.874073E-14
9170	 3.885768E-14
9175	 3.913164E-14
9180	 3.932051E-14
9185	 3.934878E-14
9190	 3.937754E-14
9195	 3.940919E-14
9200	 3.944082E-14
9205	 3.846562E-14
9210	 3.743151E-14
9215	 3.752754E-14
9220	 3.802146E-14
9225	 3.819669E-14
9230	 3.809225E-14
9235	  3.78812E-14
9240	 3.744422E-14
9245	 3.704386E-14
9250	 3.694224E-14
9255	 3.684074E-14
9260	 3.746975E-14
9265	 3.818558E-14
9270	 3.868438E-14
9275	  3.90787E-14
9280	 3.893892E-14
9285	 3.816013E-14
9290	 3.776045E-14
9295	 3.862079E-14
9300	 3.947058E-14
9305	 3.850218E-14
9310	 3.753481E-14
9315	 3.733432E-14
9320	 3.735401E-14
9325	 3.779208E-14
9330	 3.857752E-14
9335	   3.8806E-14
9340	  3.78036E-14
9345	 3.684761E-14
9350	  3.64532E-14
9355	  3.60592E-14
9360	 3.637796E-14
9365	 3.683632E-14
9370	 3.703603E-14
9375	 3.705916E-14
9380	 3.731082E-14
9385	 3.798942E-14
9390	 3.854111E-14
9395	 3.797407E-14
9400	 3.740762E-14
9405	 3.623838E-14
9410	 3.496526E-14
9415	 3.484833E-14
9420	 3.550352E-14
9425	 3.589737E-14
9430	 3.579173E-14
9435	 3.567463E-14
9440	 3.543301E-14
9445	 3.519164E-14
9450	 3.590183E-14
9455	 3.681376E-14
9460	 3.685569E-14
9465	 3.621824E-14
9470	 3.623803E-14
9475	 3.782518E-14
9480	 3.934793E-14
9485	 3.846254E-14
9490	 3.757808E-14
9495	 3.799169E-14
9500	 3.882806E-14
9505	 3.908765E-14
9510	 3.872017E-14
9515	 3.846897E-14
9520	 3.867638E-14
9525	 3.888357E-14
9530	  3.82213E-14
9535	  3.74853E-14
9540	 3.724227E-14
9545	 3.727778E-14
9550	 3.721797E-14
9555	 3.698404E-14
9560	 3.680212E-14
9565	 3.735486E-14
9570	 3.790704E-14
9575	  3.79238E-14
9580	 3.778464E-14
9585	 3.788535E-14
9590	 3.824466E-14
9595	 3.845229E-14
9600	 3.799252E-14
9605	 3.753323E-14
9610	 3.731939E-14
9615	 3.713729E-14
9620	 3.727278E-14
9625	 3.763376E-14
9630	 3.775493E-14
9635	 3.725725E-14
9640	 3.676008E-14
9645	 3.711893E-14
9650	 3.750215E-14
9655	 3.774042E-14
9660	 3.790472E-14
9665	 3.805122E-14
9670	 3.816479E-14
9675	 3.828096E-14
9680	 3.847627E-14
9685	 3.867138E-14
9690	 3.803789E-14
9695	 3.707477E-14
9700	 3.654479E-14
9705	 3.668039E-14
9710	 3.684231E-14
9715	 3.735477E-14
9720	 3.786671E-14
9725	 3.812754E-14
9730	 3.830129E-14
9735	 3.843112E-14
9740	 3.849875E-14
9745	 3.852389E-14
9750	 3.806832E-14
9755	 3.761322E-14
9760	 3.762485E-14
9765	 3.779489E-14
9770	 3.784498E-14
9775	 3.772092E-14
9780	 3.757458E-14
9785	 3.711664E-14
9790	 3.665916E-14
9795	 3.694839E-14
9800	 3.752218E-14
9805	 3.780678E-14
9810	 3.761354E-14
9815	 3.743853E-14
9820	 3.789553E-14
9825	 3.835206E-14
9830	 3.817698E-14
9835	  3.76981E-14
9840	 3.758107E-14
9845	 3.823058E-14
9850	 3.887944E-14
9855	 3.822061E-14
9860	  3.75121E-14
9865	 3.745548E-14
9870	 3.782787E-14
9875	  3.81688E-14
9880	 3.841025E-14
9885	 3.865146E-14
9890	  3.89825E-14
9895	 3.932631E-14
9900	 3.902404E-14
9905	  3.80872E-14
9910	 3.736548E-14
9915	 3.804471E-14
9920	 3.872325E-14
9925	 3.836857E-14
9930	 3.768337E-14
9935	 3.130548E-14
9940	 1.564487E-14
9945		    0
9950		    0
9955		    0
9960		    0
9965		    0
9970		    0
