#       WAVELENGTH             FLUX
#               1E               1E
#        angstroms             flam
1235	 5.809136E-15
1240	 6.253728E-15
1245	 5.575472E-15
1250	 3.773356E-15
1255	 3.225582E-15
1260	 2.494574E-15
1265	 3.533604E-15
1270	  3.64131E-15
1275	 4.868715E-15
1280	 5.499121E-15
1285	 4.718299E-15
1290	 3.521562E-15
1295	 3.800277E-15
1300	  3.06634E-15
1305	 1.834559E-15
1310	  3.20353E-15
1315	 3.662544E-15
1320	 3.259179E-15
1325	 2.873949E-15
1330	 2.872362E-15
1335	 2.738162E-15
1340	 2.903262E-15
1345	 3.465047E-15
1350	 3.607989E-15
1355	 3.232434E-15
1360	 2.724988E-15
1365	 2.449116E-15
1370	  3.31569E-15
1375	 2.608617E-15
1380	 3.032368E-15
1385	 2.717528E-15
1390	 2.746879E-15
1395	 2.512453E-15
1400	 2.174485E-15
1405	  1.14859E-15
1410	 2.958755E-15
1415	 2.094651E-15
1420	 2.610012E-15
1425	 3.204827E-15
1430	 3.004203E-15
1435	 3.324382E-15
1440	 3.626987E-15
1445	 4.247154E-15
1450	 3.333205E-15
1455	 3.033034E-15
1460	 5.008523E-15
1465	 4.879672E-15
1470	 3.946525E-15
1475	 3.838908E-15
1480	 2.921865E-15
1485	 4.331782E-15
1490	  4.15703E-15
1495	 4.065931E-15
1500	 3.256564E-15
1505	 2.628198E-15
1510	 2.366069E-15
1515	 4.077112E-15
1520	 3.649816E-15
1525	 3.338468E-15
1530	 4.127757E-15
1535	  3.88212E-15
1540	 3.644038E-15
1545	 3.672665E-15
1550	 3.349555E-15
1555	 1.670201E-15
1560	  4.67243E-15
1565	   2.2773E-15
1570	  2.29362E-15
1575	 2.472847E-15
1580	 8.640881E-16
1585	 3.172764E-15
1590	 2.715156E-15
1595	 3.477741E-15
1600	 3.874436E-15
1605	 2.640679E-15
1610	 3.510354E-15
1615	 3.081378E-15
1620	  3.18991E-15
1625	 2.905471E-15
1630	 2.913403E-15
1635	 3.140323E-15
1640	 2.900092E-15
1645	 2.790564E-15
1650	 3.578077E-15
1655	 4.336743E-15
1660	 3.240247E-15
1665	 2.350362E-15
1670	 2.893007E-15
1675	 2.992196E-15
1680	 3.421162E-15
1685	 3.216283E-15
1690	 1.847367E-15
1695	 2.815795E-15
1700	 3.164149E-15
1705	 3.600781E-15
1710	 3.063022E-15
1715	  3.57392E-15
1720	 3.359087E-15
1725	  2.74717E-15
1730	 4.078978E-15
1735	 4.044183E-15
1740	  4.45582E-15
1745	 4.362534E-15
1750	 3.899579E-15
1755	 3.506095E-15
1760	 3.517842E-15
1765	 3.713614E-15
1770	 3.774488E-15
1775	 3.982073E-15
1780	 3.224181E-15
1785	 3.009803E-15
1790	 3.568204E-15
1795	 3.370895E-15
1800	   3.6117E-15
1805	 3.611112E-15
1810	 3.375567E-15
1815	 3.915707E-15
1820	 3.894488E-15
1825	 3.610822E-15
1830	  3.58152E-15
1835	 3.365675E-15
1840	 3.088911E-15
1845	 3.251818E-15
1850	 3.284027E-15
1855	 3.303401E-15
1860	 3.218688E-15
1865	 2.881973E-15
1870	 3.233233E-15
1875	 3.687876E-15
1880	  3.31991E-15
1885	 3.546699E-15
1890	  3.11591E-15
1895	 3.510995E-15
1900	 3.227538E-15
1905	 4.162573E-15
1910	 3.699491E-15
1915	 2.716338E-15
1920	 2.611831E-15
1925	 2.919338E-15
1930	  2.84704E-15
1935	  2.83884E-15
1940	 2.732738E-15
1945	   3.0523E-15
1950	 3.313992E-15
1955	 3.520612E-15
1960	  3.51384E-15
1965	 3.556281E-15
1970	 3.171033E-15
1975	 2.762022E-15
1980	 4.921156E-15
1985	 3.649088E-15
1990	  4.04668E-15
1995	 4.074005E-15
2000	 4.622549E-15
2005	 4.814266E-15
2010	 3.018003E-15
2015	 3.651399E-15
2020	 3.959037E-15
2025	 4.089301E-15
2030	  2.01283E-15
2035	 3.703445E-15
2040	 3.699366E-15
2045	 3.945757E-15
2050	 3.074074E-15
2055	 3.714987E-15
2060	 4.246476E-15
2065	 3.697838E-15
2070	 4.118675E-15
2075	 3.735637E-15
2080	 4.245303E-15
2085	 4.816103E-15
2090	  4.02146E-15
2095	 3.382748E-15
2100	 9.542261E-16
2105	 3.975386E-15
2110	 4.184055E-15
2115	 3.269586E-15
2120	  4.56601E-15
2125	 4.308449E-15
2130	 4.450667E-15
2135	 3.387541E-15
2140	 4.202853E-15
2145	 2.783496E-15
2150	 4.179338E-15
2155	 4.282452E-15
2160	 2.140808E-15
2165	 2.911217E-15
2170	 2.909573E-15
2175	 3.983092E-15
2180	  4.67442E-15
2185	 4.006075E-15
2190	 4.267651E-15
2195	 4.495775E-15
2200	 4.308561E-15
2205	 4.752294E-15
2210	 3.987195E-15
2215	 1.932299E-15
2220	 7.919088E-16
2225	 3.590261E-15
2230	 3.888253E-15
2235	 4.281683E-15
2240	 3.749087E-15
2245	 4.250079E-15
2250	 5.329187E-15
2255	 4.962809E-15
2260	 4.588539E-15
2265	 4.771243E-15
2270	 5.007005E-15
2275	 3.877869E-15
2280	 1.420739E-15
2285	 3.459281E-15
2290	 4.459672E-15
2295	 3.943282E-15
2300	 3.367019E-15
2305	 4.285185E-15
2310	 5.015764E-15
2315	 4.364969E-15
2320	 3.553944E-15
2325	 4.433769E-15
2330	  4.94629E-15
2335	 3.142776E-15
2340	 4.077806E-15
2345	 3.853808E-15
2350	 4.060477E-15
2355	    4.096E-15
2360	 3.904342E-15
2365	 3.513356E-15
2370	 3.034314E-15
2375	 2.689873E-15
2380	 2.363764E-15
2385	 2.937819E-15
2390	 2.829117E-15
2395	 3.365606E-15
2400	  2.80564E-15
2405	 2.510517E-15
2410	 2.930726E-15
2415	 3.681342E-15
2420	  4.21027E-15
2425	 4.774358E-15
2430	 4.121337E-15
2435	 3.980613E-15
2440	 4.139015E-15
2445	 4.423933E-15
2450	 4.360672E-15
2455	  5.29483E-15
2460	 4.515202E-15
2465	 3.240941E-15
2470	 3.325957E-15
2475	  3.62446E-15
2480	   3.9307E-15
2485	   3.2758E-15
2490	 3.665422E-15
2495	  4.01578E-15
2500	 4.100248E-15
2505	  4.35232E-15
2510	 4.075546E-15
2515	 3.438703E-15
2520	 3.451531E-15
2525	 3.502265E-15
2530	 3.144407E-15
2535	  3.42639E-15
2540	 3.437513E-15
2545	 3.260804E-15
2550	 3.494667E-15
2555	 3.923242E-15
2560	 4.611855E-15
2565	 4.605633E-15
2570	 4.194774E-15
2575	 4.297188E-15
2580	 3.923138E-15
2585	 3.915727E-15
2590	  3.93838E-15
2595	 3.530822E-15
2600	 3.452494E-15
2605	 3.831583E-15
2610	 3.736916E-15
2615	 3.864858E-15
2620	 4.008397E-15
2625	 4.186593E-15
2630	 4.098653E-15
2635	 4.543923E-15
2640	 5.361058E-15
2645	 5.697554E-15
2650	 5.587388E-15
2655	 5.424545E-15
2660	 5.523356E-15
2665	 5.485804E-15
2670	 5.688259E-15
2675	 5.900123E-15
2680	 6.333522E-15
2685	 5.586151E-15
2690	 5.158969E-15
2695	 5.388045E-15
2700	 5.562035E-15
2705	 5.487215E-15
2710	 5.449746E-15
2715	 5.021806E-15
2720	 4.880525E-15
2725	 4.984781E-15
2730	 4.969655E-15
2735	 4.990288E-15
2740	 4.725905E-15
2745	 4.065227E-15
2750	 4.415021E-15
2755	 4.631407E-15
2760	 4.756888E-15
2765	 4.864999E-15
2770	 5.572209E-15
2775	 5.823649E-15
2780	 5.050314E-15
2785	 4.412603E-15
2790	 3.667478E-15
2795	 3.190028E-15
2800	 3.019105E-15
2805	 3.479867E-15
2810	 4.354127E-15
2815	 4.951517E-15
2820	 5.365072E-15
2825	  5.72667E-15
2830	 5.910266E-15
2835	 5.769974E-15
2840	 5.871944E-15
2845	 5.548031E-15
2850	 4.957073E-15
2855	 4.868947E-15
2860	 5.467795E-15
2865	 6.201329E-15
2870	 6.443141E-15
2875	 6.260577E-15
2880	 6.299639E-15
2885	 6.327892E-15
2890	 6.349462E-15
2895	 6.721025E-15
2900	 7.370536E-15
2905	 7.789303E-15
2910	 7.943722E-15
2915	 7.873112E-15
2920	 7.908525E-15
2925	 7.637998E-15
2930	 7.751618E-15
2935	 7.881679E-15
2940	 7.768434E-15
2945	 7.902136E-15
2950	  7.85698E-15
2955	 8.336575E-15
2960	 8.315758E-15
2965	 8.001461E-15
2970	 7.856114E-15
2975	 7.969697E-15
2980	 7.830073E-15
2985	 7.687474E-15
2990	 7.816229E-15
2995	 7.643346E-15
3000	 7.112077E-15
3005	 7.334801E-15
3010	 7.600403E-15
3015	 7.572854E-15
3020	 7.874436E-15
3025	 8.101466E-15
3030	  8.20135E-15
3035	 8.027208E-15
3040	 8.985196E-15
3045	 8.658317E-15
3050	 8.589404E-15
3055	 8.518095E-15
3060	 8.752423E-15
3065	 9.003599E-15
3070	 9.389454E-15
3075	 1.002381E-14
3080	 1.060385E-14
3085	 9.506263E-15
3090	 9.264292E-15
3095	  9.53591E-15
3100	 9.488696E-15
3105	 1.045667E-14
3110	  1.10612E-14
3115	 1.130397E-14
3120	 1.101052E-14
3125	 1.044711E-14
3130	 1.041021E-14
3135	  1.07945E-14
3140	 1.110886E-14
3145	 1.058936E-14
3150	 1.052342E-14
3155	  9.76566E-15
3160	 1.017794E-14
3165	 1.035678E-14
3170	 1.014484E-14
3175	 9.993827E-15
3180	 1.180889E-14
3185	  9.77208E-15
3190	 9.493517E-15
3195	 9.108205E-15
3200	 8.489318E-15
3205	 1.298214E-14
3210	 9.810796E-15
3215	 1.025846E-14
3220	 9.522701E-15
3225	 8.832337E-15
3230	 8.721442E-15
3235	 8.916143E-15
3240	 9.011798E-15
3245	 8.765333E-15
3250	  9.15803E-15
3255	 9.375144E-15
3260	 1.083848E-14
3265	 1.109066E-14
3270	 1.080672E-14
3275	 1.030453E-14
3280	 9.756633E-15
3285	 1.044495E-14
3290	 1.177771E-14
3295	 1.251667E-14
3300	 1.139582E-14
3305	 1.115259E-14
3310	 1.053702E-14
3315	 1.156151E-14
3320	 1.171084E-14
3325	 1.125568E-14
3330	 1.119337E-14
3335	 1.097757E-14
3340	 1.108826E-14
3345	 1.158517E-14
3350	 1.139041E-14
3355	   1.0875E-14
3360	 9.986175E-15
3365	 1.033858E-14
3370	 1.070274E-14
3375	 1.109099E-14
3380	 1.070455E-14
3385	 1.089683E-14
3390	 1.146602E-14
3395	 1.223286E-14
3400	 1.155551E-14
3405	 1.115206E-14
3410	 1.137149E-14
3415	 1.150739E-14
3420	 1.070799E-14
3425	 1.055313E-14
3430	 1.083003E-14
3435	 1.066625E-14
3440	 1.059365E-14
3445	 1.037293E-14
3450	  1.04799E-14
3455	 1.125927E-14
3460	 1.073104E-14
3465	 1.021615E-14
3470	 1.037272E-14
3475	 1.039604E-14
3480	 1.067366E-14
3485	 1.051765E-14
3490	 1.042639E-14
3495	 1.056964E-14
3500	 1.122981E-14
3505	 1.122871E-14
3510	 1.153225E-14
3515	 1.154288E-14
3520	 1.094492E-14
3525	 1.082586E-14
3530	 1.146974E-14
3535	  1.17033E-14
3540	 1.188246E-14
3545	 1.198288E-14
3550	 1.197149E-14
3555	 1.182703E-14
3560	  1.16292E-14
3565	  1.12386E-14
3570	 1.044608E-14
3575	 9.994648E-15
3580	 9.785156E-15
3585	 9.751486E-15
3590	 1.042512E-14
3595	 1.083654E-14
3600	 1.104282E-14
3605	 1.096179E-14
3610	 1.117329E-14
3615	 1.156415E-14
3620	 1.256711E-14
3625	 1.228581E-14
3630	 1.245128E-14
3635	 1.245926E-14
3640	 1.252113E-14
3645	  1.25416E-14
3650	  1.32523E-14
3655	 1.354538E-14
3660	 1.382172E-14
3665	 1.404211E-14
3670	 1.397886E-14
3675	 1.375731E-14
3680	 1.380909E-14
3685	 1.344471E-14
3690	 1.454152E-14
3695	 1.491556E-14
3700	 1.461876E-14
3705	 1.424742E-14
3710	 1.436579E-14
3715	 1.554008E-14
3720	 1.811123E-14
3725	 2.150578E-14
3730	 1.798754E-14
3735	 1.414842E-14
3740	 1.380038E-14
3745	 1.335195E-14
3750	 1.391002E-14
3755	 1.471989E-14
3760	 1.464855E-14
3765	 1.375553E-14
3770	 1.440615E-14
3775	 1.700176E-14
3780	 1.881332E-14
3785	 1.791916E-14
3790	 1.570081E-14
3795	 1.491427E-14
3800	 1.584716E-14
3805	 1.731977E-14
3810	  1.79863E-14
3815	  1.74161E-14
3820	 1.598149E-14
3825	 1.425833E-14
3830	 1.238105E-14
3835	   1.2417E-14
3840	 1.438467E-14
3845	 1.681584E-14
3850	 1.824481E-14
3855	 1.907331E-14
3860	 1.927112E-14
3865	 1.893955E-14
3870	 1.827687E-14
3875	 1.733034E-14
3880	 1.625732E-14
3885	 1.497758E-14
3890	  1.61622E-14
3895	 1.762279E-14
3900	 1.909671E-14
3905	  2.04492E-14
3910	 2.139175E-14
3915	 2.142731E-14
3920	 2.006286E-14
3925	 1.723467E-14
3930	 1.445594E-14
3935	 1.477488E-14
3940	 1.703724E-14
3945	 1.951341E-14
3950	 2.141353E-14
3955	 2.027229E-14
3960	  1.65742E-14
3965	  1.29513E-14
3970	 1.327762E-14
3975	 1.736466E-14
3980	 2.158244E-14
3985	 2.433843E-14
3990	 2.578379E-14
3995	 2.649154E-14
4000	   2.6866E-14
4005	 2.722323E-14
4010	 2.790244E-14
4015	 2.820366E-14
4020	 2.770392E-14
4025	 2.701383E-14
4030	 2.663644E-14
4035	 2.664515E-14
4040	 2.703395E-14
4045	 2.714838E-14
4050	 2.704747E-14
4055	 2.649866E-14
4060	 2.644082E-14
4065	 2.612578E-14
4070	 2.587366E-14
4075	 2.581825E-14
4080	 2.645137E-14
4085	 2.672273E-14
4090	 2.525731E-14
4095	  2.28791E-14
4100	 2.110382E-14
4105	 2.243993E-14
4110	 2.453876E-14
4115	 2.577038E-14
4120	 2.608074E-14
4125	  2.53467E-14
4130	 2.542382E-14
4135	 2.620045E-14
4140	 2.612663E-14
4145	 2.581668E-14
4150	 2.610502E-14
4155	 2.630237E-14
4160	 2.680482E-14
4165	 2.716712E-14
4170	 2.648409E-14
4175	 2.583817E-14
4180	 2.606714E-14
4185	 2.678496E-14
4190	 2.697855E-14
4195	 2.681355E-14
4200	 2.706696E-14
4205	 2.763355E-14
4210	 2.831042E-14
4215	 2.844835E-14
4220	 2.790353E-14
4225	  2.64504E-14
4230	 2.743572E-14
4235	 2.812888E-14
4240	 2.861066E-14
4245	 2.822471E-14
4250	 2.762317E-14
4255	 2.754427E-14
4260	 2.864354E-14
4265	   2.8548E-14
4270	 2.764137E-14
4275	 2.770807E-14
4280	  2.77065E-14
4285	 2.724655E-14
4290	  2.69093E-14
4295	  2.64934E-14
4300	 2.545866E-14
4305	 2.489185E-14
4310	 2.637929E-14
4315	 2.863262E-14
4320	  2.94224E-14
4325	 2.922064E-14
4330	 2.866714E-14
4335	 2.748434E-14
4340	 2.653785E-14
4345	 2.651849E-14
4350	 2.728314E-14
4355	 2.883571E-14
4360	 3.057629E-14
4365	 3.124808E-14
4370	 3.064161E-14
4375	 2.953873E-14
4380	 2.848256E-14
4385	 2.753703E-14
4390	 2.831575E-14
4395	 2.948541E-14
4400	 2.921729E-14
4405	 2.893413E-14
4410	 2.899849E-14
4415	 2.981159E-14
4420	 3.105532E-14
4425	  3.14689E-14
4430	 3.094368E-14
4435	 3.033648E-14
4440	  3.02216E-14
4445	 3.057555E-14
4450	 3.051522E-14
4455	 2.970979E-14
4460	 2.903987E-14
4465	 2.920272E-14
4470	 3.030854E-14
4475	 3.187473E-14
4480	 3.221747E-14
4485	 3.216196E-14
4490	 3.242305E-14
4495	 3.299058E-14
4500	 3.336038E-14
4505	 3.418901E-14
4510	 3.403588E-14
4515	 3.317174E-14
4520	 3.213734E-14
4525	 3.118945E-14
4530	 3.085768E-14
4535	 3.149753E-14
4540	 3.228937E-14
4545	 3.178935E-14
4550	 3.078043E-14
4555	 3.143469E-14
4560	 3.287924E-14
4565	 3.356266E-14
4570	 3.392782E-14
4575	 3.373639E-14
4580	 3.320175E-14
4585	 3.286601E-14
4590	 3.325843E-14
4595	 3.414154E-14
4600	 3.413776E-14
4605	 3.430255E-14
4610	 3.518152E-14
4615	 3.531465E-14
4620	 3.594093E-14
4625	 3.607106E-14
4630	 3.549048E-14
4635	 3.452664E-14
4640	 3.357843E-14
4645	 3.305121E-14
4650	 3.331888E-14
4655	 3.408122E-14
4660	 3.356197E-14
4665	  3.22972E-14
4670	 3.219542E-14
4675	 3.290453E-14
4680	 3.322876E-14
4685	 3.315422E-14
4690	 3.284133E-14
4695	 3.207174E-14
4700	 3.138118E-14
4705	 3.100122E-14
4710	  3.20671E-14
4715	  3.34643E-14
4720	 3.391913E-14
4725	 3.347494E-14
4730	 3.299404E-14
4735	 3.322904E-14
4740	 3.422848E-14
4745	 3.538545E-14
4750	  3.48318E-14
4755	 3.432037E-14
4760	 3.339463E-14
4765	 3.338874E-14
4770	 3.384323E-14
4775	 3.404409E-14
4780	 3.396758E-14
4785	 3.377319E-14
4790	 3.359346E-14
4795	 3.448867E-14
4800	 3.470025E-14
4805	 3.459829E-14
4810	 3.496894E-14
4815	 3.540979E-14
4820	 3.476717E-14
4825	 3.406924E-14
4830	 3.395372E-14
4835	 3.371242E-14
4840	 3.356364E-14
4845	 3.301886E-14
4850	 3.198218E-14
4855	 3.082908E-14
4860	 2.994232E-14
4865	 2.921617E-14
4870	 2.977724E-14
4875	 3.148722E-14
4880	 3.260911E-14
4885	 3.255363E-14
4890	 3.226237E-14
4895	 3.342839E-14
4900	 3.393573E-14
4905	 3.355315E-14
4910	 3.314302E-14
4915	 3.252234E-14
4920	 3.218108E-14
4925	 3.291556E-14
4930	 3.424709E-14
4935	 3.323476E-14
4940	 3.352627E-14
4945	  3.46614E-14
4950	 3.554767E-14
4955	 3.544993E-14
4960	 3.449466E-14
4965	 3.247018E-14
4970	 3.193421E-14
4975	 3.194068E-14
4980	 3.303832E-14
4985	 3.500394E-14
4990	 3.645138E-14
4995	 3.520269E-14
5000	  3.50868E-14
5005	 3.478434E-14
5010	  3.32452E-14
5015	 3.116263E-14
5020	 3.039829E-14
5025	  3.16116E-14
5030	 3.297115E-14
5035	  3.30771E-14
5040	 3.264871E-14
5045	 3.241355E-14
5050	 3.273976E-14
5055	 3.365241E-14
5060	 3.437583E-14
5065	 3.449532E-14
5070	 3.395394E-14
5075	 3.312833E-14
5080	 3.283204E-14
5085	 3.311773E-14
5090	 3.356937E-14
5095	 3.381125E-14
5100	 3.378493E-14
5105	 3.365612E-14
5110	 3.386783E-14
5115	 3.415674E-14
5120	 3.421168E-14
5125	  3.39756E-14
5130	 3.353214E-14
5135	  3.31044E-14
5140	 3.340759E-14
5145	 3.304766E-14
5150	 3.270875E-14
5155	 3.255095E-14
5160	 3.228668E-14
5165	 3.047153E-14
5170	 2.945173E-14
5175	 2.968608E-14
5180	 3.052169E-14
5185	 3.122257E-14
5190	 3.224415E-14
5195	 3.322826E-14
5200	 3.342482E-14
5205	  3.32828E-14
5210	 3.343269E-14
5215	 3.442161E-14
5220	 3.377307E-14
5225	  3.35535E-14
5230	 3.401573E-14
5235	 3.503392E-14
5240	 3.615652E-14
5245	 3.520315E-14
5250	 3.457247E-14
5255	 3.418566E-14
5260	 3.360689E-14
5265	 3.251939E-14
5270	 3.245276E-14
5275	 3.343773E-14
5280	 3.495771E-14
5285	 3.627826E-14
5290	 3.638034E-14
5295	 3.579607E-14
5300	 3.567246E-14
5305	 3.620395E-14
5310	 3.706226E-14
5315	 3.624064E-14
5320	 3.549557E-14
5325	 3.516647E-14
5330	 3.538875E-14
5335	 3.600355E-14
5340	 3.644349E-14
5345	 3.674051E-14
5350	 3.733534E-14
5355	 3.856239E-14
5360	 3.833329E-14
5365	 3.759767E-14
5370	  3.69616E-14
5375	 3.670008E-14
5380	 3.690163E-14
5385	 3.625632E-14
5390	 3.543956E-14
5395	  3.45797E-14
5400	  3.37922E-14
5405	  3.40112E-14
5410	 3.485141E-14
5415	 3.567614E-14
5420	 3.613286E-14
5425	 3.604569E-14
5430	  3.59183E-14
5435	  3.62037E-14
5440	 3.644088E-14
5445	 3.558195E-14
5450	 3.558447E-14
5455	 3.567746E-14
5460	 3.594601E-14
5465	 3.648065E-14
5470	 3.639855E-14
5475	 3.630085E-14
5480	 3.636509E-14
5485	 3.667462E-14
5490	  3.70474E-14
5495	 3.739218E-14
5500	  3.77311E-14
5505	 3.780422E-14
5510	 3.639298E-14
5515	  3.60851E-14
5520	 3.596284E-14
5525	 3.592585E-14
5530	 3.638662E-14
5535	 3.643093E-14
5540	 3.637464E-14
5545	 3.655303E-14
5550	 3.769959E-14
5555	 3.846256E-14
5560	 3.849308E-14
5565	 3.791145E-14
5570	 3.709634E-14
5575	 3.809642E-14
5580	 3.788949E-14
5585	 3.668438E-14
5590	 3.596218E-14
5595	 3.629256E-14
5600	 3.676777E-14
5605	 3.715264E-14
5610	 3.716461E-14
5615	 3.639692E-14
5620	 3.618692E-14
5625	 3.665496E-14
5630	 3.726108E-14
5635	  3.69909E-14
5640	 3.673665E-14
5645	 3.678074E-14
5650	 3.729548E-14
5655	 3.727963E-14
5660	 3.735186E-14
5665	 3.776882E-14
5670	 3.799988E-14
5675	 3.812708E-14
5680	 3.840193E-14
5685	 3.905052E-14
5690	 3.899496E-14
5695	 3.879225E-14
5700	 3.838036E-14
5705	 3.759155E-14
5710	 3.754027E-14
5715	 3.862715E-14
5720	  4.05001E-14
5725	 4.137829E-14
5730	 4.145222E-14
5735	 4.099508E-14
5740	 4.012245E-14
5745	 3.996712E-14
5750	 3.968307E-14
5755	 3.924023E-14
5760	 3.856255E-14
5765	 3.922082E-14
5770	 3.922354E-14
5775	  3.84209E-14
5780	 3.714987E-14
5785	 3.681706E-14
5790	 3.748129E-14
5795	 3.932337E-14
5800	 3.947882E-14
5805	 3.930015E-14
5810	 3.904632E-14
5815	  3.93044E-14
5820	 3.965706E-14
5825	 4.008523E-14
5830	 4.057306E-14
5835	 4.044959E-14
5840	 4.046186E-14
5845	 4.021732E-14
5850	 3.882789E-14
5855	 3.872543E-14
5860	  3.88819E-14
5865	 3.903144E-14
5870	 3.944468E-14
5875	 3.881063E-14
5880	 3.699982E-14
5885	 3.319644E-14
5890	 3.148454E-14
5895	 3.164283E-14
5900	 3.390746E-14
5905	 3.719022E-14
5910	 3.862248E-14
5915	  3.86129E-14
5920	 3.864135E-14
5925	 3.900348E-14
5930	 3.900276E-14
5935	 3.793111E-14
5940	 3.826108E-14
5945	 3.847404E-14
5950	 3.837136E-14
5955	 3.851771E-14
5960	 3.845094E-14
5965	 3.833836E-14
5970	 3.858576E-14
5975	 3.852173E-14
5980	 3.839895E-14
5985	 3.835395E-14
5990	 3.888111E-14
5995	 3.927017E-14
6000	  3.94116E-14
6005	 3.905306E-14
6010	 3.889635E-14
6015	 3.880859E-14
6020	 3.832118E-14
6025	 3.904655E-14
6030	 4.009542E-14
6035	 4.067235E-14
6040	  4.07435E-14
6045	 4.056901E-14
6050	  4.01687E-14
6055	 4.073196E-14
6060	 4.084554E-14
6065	 4.040986E-14
6070	 4.091045E-14
6075	 4.114834E-14
6080	 4.109706E-14
6085	 4.034497E-14
6090	 4.033705E-14
6095	 4.055511E-14
6100	 4.015738E-14
6105	 4.016697E-14
6110	 4.024625E-14
6115	 4.013977E-14
6120	 4.066097E-14
6125	 4.118162E-14
6130	  4.14396E-14
6135	 4.030899E-14
6140	  3.96489E-14
6145	 3.991859E-14
6150	 3.997609E-14
6155	 3.961454E-14
6160	 3.879473E-14
6165	 3.747517E-14
6170	 3.742882E-14
6175	 3.856219E-14
6180	  3.97046E-14
6185	 4.023957E-14
6190	 4.022062E-14
6195	 3.926683E-14
6200	 3.833693E-14
6205	 3.738347E-14
6210	  3.61129E-14
6215	 3.657757E-14
6220	 3.807343E-14
6225	 3.952713E-14
6230	 3.895618E-14
6235	 3.743207E-14
6240	 3.675503E-14
6245	 3.622997E-14
6250	 3.601641E-14
6255	 3.699062E-14
6260	 3.797637E-14
6265	 3.887996E-14
6270	 3.934894E-14
6275	 3.936638E-14
6280	  3.91427E-14
6285	 3.883881E-14
6290	  3.90855E-14
6295	 3.952421E-14
6300	 3.944369E-14
6305	 3.907483E-14
6310	 3.878686E-14
6315	 4.005611E-14
6320	  3.99348E-14
6325	 3.902034E-14
6330	 3.855123E-14
6335	 3.782533E-14
6340	 3.702019E-14
6345	 3.741706E-14
6350	 3.744725E-14
6355	 3.719952E-14
6360	 3.738755E-14
6365	 3.717035E-14
6370	 3.656697E-14
6375	 3.578903E-14
6380	 3.544894E-14
6385	 3.562432E-14
6390	 3.745425E-14
6395	 3.878329E-14
6400	 3.918964E-14
6405	 3.777912E-14
6410	 3.653155E-14
6415	 3.613749E-14
6420	 3.603237E-14
6425	 3.617237E-14
6430	 3.679688E-14
6435	 3.689475E-14
6440	 3.683965E-14
6445	 3.699787E-14
6450	 3.687983E-14
6455	 3.667545E-14
6460	 3.713486E-14
6465	 3.742843E-14
6470	 3.758537E-14
6475	 3.828272E-14
6480	 3.872412E-14
6485	 3.885115E-14
6490	 3.829867E-14
6495	 3.828246E-14
6500	 3.944576E-14
6505	 4.003738E-14
6510	 4.036569E-14
6515	 4.033241E-14
6520	 4.039949E-14
6525	 4.054793E-14
6530	 4.096297E-14
6535	 4.185008E-14
6540	 4.313327E-14
6545	 4.208825E-14
6550	 4.227028E-14
6555	 4.428946E-14
6560	  4.27374E-14
6565	 4.170614E-14
6570	 4.389154E-14
6575	 4.623226E-14
6580	 4.777726E-14
6585	 4.314434E-14
6590	 4.045975E-14
6595	 3.939349E-14
6600	 3.942075E-14
6605	 3.952023E-14
6610	 3.967582E-14
6615	 3.955822E-14
6620	 3.929944E-14
6625	 3.877594E-14
6630	 3.850987E-14
6635	 3.840653E-14
6640	 3.860042E-14
6645	 3.857715E-14
6650	 3.829612E-14
6655	 3.814128E-14
6660	 3.800908E-14
6665	 3.788432E-14
6670	 3.793204E-14
6675	 3.805198E-14
6680	 3.804838E-14
6685	 3.801092E-14
6690	 3.793646E-14
6695	 3.817843E-14
6700	 3.863963E-14
6705	 3.956663E-14
6710	 3.980735E-14
6715	 3.973915E-14
6720	 4.014484E-14
6725	 3.994021E-14
6730	 3.899505E-14
6735	 3.813798E-14
6740	 3.752531E-14
6745	 3.768208E-14
6750	 3.786822E-14
6755	 3.807276E-14
6760	 3.797774E-14
6765	 3.801345E-14
6770	 3.826686E-14
6775	 3.810752E-14
6780	 3.786991E-14
6785	 3.798172E-14
6790	 3.809893E-14
6795	 3.822134E-14
6800	 3.835091E-14
6805	 3.844988E-14
6810	 3.845677E-14
6815	 3.858696E-14
6820	 3.879115E-14
6825	 3.822391E-14
6830	 3.790545E-14
6835	 3.804595E-14
6840	 3.807035E-14
6845	 3.805244E-14
6850	 3.806263E-14
6855	  3.82886E-14
6860	 3.878626E-14
6865	 3.849001E-14
6870	 3.811892E-14
6875	 3.841535E-14
6880	 3.865505E-14
6885	 3.884022E-14
6890	 3.894974E-14
6895	 3.903951E-14
6900	 3.910087E-14
6905	 3.897066E-14
6910	 3.868981E-14
6915	 3.867167E-14
6920	 3.867471E-14
6925	 3.865904E-14
6930	 3.876242E-14
6935	 3.894795E-14
6940	 3.912363E-14
6945	 3.923631E-14
6950	 3.918073E-14
6955	 3.919256E-14
6960	 3.924818E-14
6965	 3.906628E-14
6970	 3.895127E-14
6975	 3.905629E-14
6980	 3.922542E-14
6985	 3.943681E-14
6990	 3.928029E-14
6995	 3.914023E-14
7000	 3.912766E-14
7005	 3.908765E-14
7010	 3.902779E-14
7015	 3.902339E-14
7020	 3.905661E-14
7025	 3.920033E-14
7030	 3.945619E-14
7035	 3.980717E-14
7040	 3.981616E-14
7045	 3.960912E-14
7050	 3.862908E-14
7055	  3.79427E-14
7060	 3.757098E-14
7065	 3.748246E-14
7070	 3.744432E-14
7075	 3.718633E-14
7080	 3.680251E-14
7085	 3.623457E-14
7090	 3.594214E-14
7095	 3.576434E-14
7100	 3.571466E-14
7105	 3.564791E-14
7110	 3.554317E-14
7115	 3.531009E-14
7120	 3.499462E-14
7125	 3.500171E-14
7130	 3.504858E-14
7135	 3.511815E-14
7140	 3.519541E-14
7145	 3.528066E-14
7150	 3.540793E-14
7155	 3.555816E-14
7160	 3.586475E-14
7165	 3.611307E-14
7170	 3.625478E-14
7175	 3.595499E-14
7180	 3.540316E-14
7185	 3.525501E-14
7190	 3.519244E-14
7195	 3.532961E-14
7200	 3.555697E-14
7205	 3.588437E-14
7210	 3.606734E-14
7215	 3.620604E-14
7220	 3.653454E-14
7225	 3.684137E-14
7230	 3.709655E-14
7235	 3.710727E-14
7240	 3.692786E-14
7245	 3.687361E-14
7250	 3.690915E-14
7255	 3.755998E-14
7260	 3.780879E-14
7265	 3.733295E-14
7270	 3.705309E-14
7275	 3.689466E-14
7280	 3.690229E-14
7285	 3.693145E-14
7290	 3.694804E-14
7295	 3.710707E-14
7300	 3.749193E-14
7305	 3.778335E-14
7310	 3.802175E-14
7315	  3.80483E-14
7320	 3.807778E-14
7325	 3.829148E-14
7330	  3.85016E-14
7335	 3.870614E-14
7340	 3.850173E-14
7345	 3.805411E-14
7350	  3.81431E-14
7355	 3.834237E-14
7360	 3.878232E-14
7365	 3.921342E-14
7370	 3.962831E-14
7375	 3.950034E-14
7380	 3.898195E-14
7385	 3.898978E-14
7390	  3.91103E-14
7395	 3.909231E-14
7400	 3.900902E-14
7405	 3.875427E-14
7410	 3.862619E-14
7415	 3.862351E-14
7420	  3.89221E-14
7425	 3.933333E-14
7430	 3.939103E-14
7435	 3.940499E-14
7440	 3.929703E-14
7445	 3.925904E-14
7450	 3.933075E-14
7455	 3.938619E-14
7460	 3.943104E-14
7465	 3.936278E-14
7470	 3.928228E-14
7475	 3.957833E-14
7480	 3.975222E-14
7485	 3.954368E-14
7490	 3.949498E-14
7495	 3.964164E-14
7500	 3.993292E-14
7505	 4.029991E-14
7510	 4.039116E-14
7515	 4.042486E-14
7520	 4.026877E-14
7525	 4.025119E-14
7530	  4.06301E-14
7535	 4.083926E-14
7540	  4.08468E-14
7545	 4.089155E-14
7550	  4.09562E-14
7555	 4.110431E-14
7560	 4.126155E-14
7565	 4.124303E-14
7570	 4.100175E-14
7575	 3.998169E-14
7580	 3.927055E-14
7585	 3.900506E-14
7590	 3.890002E-14
7595	 3.890496E-14
7600	 3.857844E-14
7605	 3.815576E-14
7610	 3.813369E-14
7615	 3.818175E-14
7620	 3.856478E-14
7625	 3.882308E-14
7630	 3.880134E-14
7635	 3.858063E-14
7640	 3.814544E-14
7645	  3.76193E-14
7650	 3.704483E-14
7655	  3.66519E-14
7660	  3.62991E-14
7665	  3.67598E-14
7670	 3.718935E-14
7675	  3.73866E-14
7680	 3.747532E-14
7685	  3.73264E-14
7690	 3.722301E-14
7695	 3.717019E-14
7700	 3.708938E-14
7705	 3.699228E-14
7710	 3.693044E-14
7715	 3.687818E-14
7720	 3.739259E-14
7725	 3.789205E-14
7730	  3.78853E-14
7735	 3.778631E-14
7740	 3.739571E-14
7745	 3.727417E-14
7750	 3.757789E-14
7755	 3.783707E-14
7760	 3.805682E-14
7765	 3.803965E-14
7770	 3.790776E-14
7775	 3.778091E-14
7780	 3.765533E-14
7785	 3.759951E-14
7790	 3.755682E-14
7795	 3.761381E-14
7800	 3.776955E-14
7805	 3.827662E-14
7810	 3.862888E-14
7815	 3.869532E-14
7820	 3.855508E-14
7825	 3.819103E-14
7830	 3.790329E-14
7835	 3.766509E-14
7840	 3.770209E-14
7845	 3.784051E-14
7850	 3.789243E-14
7855	 3.792937E-14
7860	 3.780968E-14
7865	 3.767772E-14
7870	 3.746532E-14
7875	 3.733382E-14
7880	 3.751447E-14
7885	 3.753711E-14
7890	 3.722262E-14
7895	 3.694633E-14
7900	 3.672053E-14
7905	 3.649021E-14
7910	 3.625607E-14
7915	 3.609163E-14
7920	 3.596555E-14
7925	 3.575185E-14
7930	 3.550892E-14
7935	 3.538205E-14
7940	 3.527567E-14
7945	  3.59202E-14
7950	 3.658555E-14
7955	 3.689676E-14
7960	 3.714919E-14
7965	 3.704582E-14
7970	 3.704895E-14
7975	 3.740007E-14
7980	 3.767046E-14
7985	 3.777346E-14
7990	 3.769268E-14
7995	 3.735103E-14
8000	  3.72665E-14
8005	 3.744062E-14
8010	 3.764654E-14
8015	 3.787518E-14
8020	 3.787185E-14
8025	 3.775095E-14
8030	  3.77995E-14
8035	 3.790674E-14
8040	 3.796355E-14
8045	 3.800913E-14
8050	 3.806875E-14
8055	 3.813001E-14
8060	 3.808428E-14
8065	 3.803681E-14
8070	 3.804654E-14
8075	 3.802064E-14
8080	 3.768309E-14
8085	 3.739883E-14
8090	 3.737868E-14
8095	 3.737003E-14
8100	 3.739971E-14
8105	 3.752327E-14
8110	 3.787586E-14
8115	 3.825428E-14
8120	  3.86812E-14
8125	 3.894221E-14
8130	 3.895909E-14
8135	 3.900306E-14
8140	 3.907908E-14
8145	 3.931966E-14
8150	 3.971866E-14
8155	 3.997449E-14
8160	 4.011708E-14
8165	 4.013185E-14
8170	 4.006286E-14
8175	 3.973609E-14
8180	 3.926975E-14
8185	   3.8929E-14
8190	 3.864479E-14
8195	 3.815745E-14
8200	  3.75951E-14
8205	 3.782842E-14
8210	 3.830282E-14
8215	 3.882187E-14
8220	  3.93515E-14
8225	 3.970049E-14
8230	 4.001293E-14
8235	 3.964826E-14
8240	 3.917675E-14
8245	 3.905991E-14
8250	 3.898659E-14
8255	 3.924485E-14
8260	 3.953341E-14
8265	 3.788687E-14
8270	   3.6116E-14
8275	 3.564446E-14
8280	 3.522839E-14
8285	  3.50862E-14
8290	  3.49504E-14
8295	 3.460606E-14
8300	 3.426418E-14
8305	 3.447097E-14
8310	 3.467391E-14
8315	 3.467797E-14
8320	 3.467675E-14
8325	 3.448271E-14
8330	 3.430161E-14
8335	 3.450242E-14
8340	 3.470777E-14
8345	 3.504014E-14
8350	  3.53565E-14
8355	 3.527879E-14
8360	 3.519982E-14
8365	 3.508612E-14
8370	 3.497126E-14
8375	 3.482001E-14
8380	 3.467771E-14
8385	  3.48409E-14
8390	 3.500654E-14
8395	 3.530239E-14
8400	 3.559517E-14
8405	 3.561457E-14
8410	 3.563395E-14
8415	  3.54199E-14
8420	 3.520541E-14
8425	  3.49875E-14
8430	 3.476976E-14
8435	 3.436176E-14
8440	 3.394703E-14
8445	 3.418941E-14
8450	 3.447076E-14
8455	 3.442299E-14
8460	 3.434715E-14
8465	 3.441749E-14
8470	 3.450478E-14
8475	  3.45313E-14
8480	 3.454852E-14
8485	 3.409352E-14
8490	 3.354763E-14
8495	  3.31969E-14
8500	 3.289348E-14
8505	 3.312975E-14
8510	 3.352575E-14
8515	 3.357845E-14
8520	 3.350642E-14
8525	  3.30413E-14
8530	 3.240327E-14
8535	 3.151402E-14
8540	  3.04914E-14
8545	   3.0844E-14
8550	 3.208225E-14
8555	 3.324862E-14
8560	 3.435832E-14
8565	 3.501638E-14
8570	 3.524285E-14
8575	 3.540286E-14
8580	 3.548476E-14
8585	 3.545688E-14
8590	 3.526804E-14
8595	 3.516794E-14
8600	 3.523398E-14
8605	   3.5362E-14
8610	 3.564272E-14
8615	 3.592065E-14
8620	 3.618989E-14
8625	 3.641266E-14
8630	 3.639885E-14
8635	 3.635083E-14
8640	 3.598407E-14
8645	 3.558688E-14
8650	 3.407721E-14
8655	 3.256928E-14
8660	 3.231244E-14
8665	 3.211409E-14
8670	  3.29752E-14
8675	 3.397743E-14
8680	 3.461693E-14
8685	 3.516832E-14
8690	 3.562163E-14
8695	  3.60376E-14
8700	  3.62461E-14
8705	 3.634018E-14
8710	 3.649592E-14
8715	 3.669989E-14
8720	 3.671896E-14
8725	 3.653254E-14
8730	 3.641189E-14
8735	 3.639672E-14
8740	 3.635612E-14
8745	 3.625393E-14
8750	 3.621907E-14
8755	 3.645597E-14
8760	 3.666954E-14
8765	 3.667998E-14
8770	 3.669112E-14
8775	 3.702963E-14
8780	 3.736776E-14
8785	 3.730201E-14
8790	 3.719193E-14
8795	 3.685034E-14
8800	 3.645015E-14
8805	 3.649239E-14
8810	 3.673264E-14
8815	 3.694762E-14
8820	 3.714439E-14
8825	 3.734543E-14
8830	 3.755131E-14
8835	 3.765037E-14
8840	 3.755583E-14
8845	 3.737446E-14
8850	 3.691622E-14
8855	 3.645317E-14
8860	 3.595152E-14
8865	 3.545043E-14
8870	 3.526574E-14
8875	  3.50822E-14
8880	 3.543851E-14
8885	 3.587298E-14
8890	 3.622378E-14
8895	 3.654592E-14
8900	 3.657562E-14
8905	 3.642407E-14
8910	 3.635765E-14
8915	 3.638175E-14
8920	 3.643685E-14
8925	 3.654951E-14
8930	 3.664767E-14
8935	 3.669277E-14
8940	 3.674025E-14
8945	 3.681851E-14
8950	 3.689667E-14
8955	 3.715287E-14
8960	 3.742185E-14
8965	 3.724738E-14
8970	 3.695248E-14
8975	 3.691411E-14
8980	 3.702053E-14
8985	  3.69636E-14
8990	  3.67363E-14
8995	 3.661753E-14
9000	 3.671186E-14
9005	 3.667226E-14
9010	 3.602366E-14
9015	  3.53928E-14
9020	 3.550348E-14
9025	 3.561404E-14
9030	  3.63355E-14
9035	 3.715351E-14
9040	 3.765123E-14
9045	 3.801145E-14
9050	 3.814258E-14
9055	 3.807379E-14
9060	 3.816191E-14
9065	 3.852164E-14
9070	 3.869538E-14
9075	 3.810565E-14
9080	  3.75175E-14
9085	 3.697051E-14
9090	 3.642413E-14
9095	 3.679609E-14
9100	 3.733472E-14
9105	 3.728131E-14
9110	 3.693362E-14
9115	 3.692346E-14
9120	 3.726867E-14
9125	 3.743164E-14
9130	 3.717697E-14
9135	 3.694183E-14
9140	 3.685201E-14
9145	 3.676229E-14
9150	 3.647499E-14
9155	 3.617257E-14
9160	 3.588123E-14
9165	 3.559406E-14
9170	 3.543475E-14
9175	 3.538318E-14
9180	 3.543141E-14
9185	 3.566832E-14
9190	 3.582651E-14
9195	 3.552404E-14
9200	 3.522189E-14
9205	 3.449631E-14
9210	 3.374627E-14
9215	  3.35963E-14
9220	 3.365775E-14
9225	 3.365637E-14
9230	 3.359988E-14
9235	  3.35415E-14
9240	 3.347906E-14
9245	  3.34325E-14
9250	 3.351664E-14
9255	  3.36007E-14
9260	 3.422612E-14
9265	 3.491574E-14
9270	 3.520132E-14
9275	 3.529271E-14
9280	 3.514523E-14
9285	 3.471193E-14
9290	  3.45348E-14
9295	 3.520926E-14
9300	 3.588052E-14
9305	 3.608203E-14
9310	 3.628335E-14
9315	 3.596637E-14
9320	 3.550094E-14
9325	 3.542041E-14
9330	 3.565958E-14
9335	 3.564087E-14
9340	 3.505211E-14
9345	 3.448516E-14
9350	  3.41808E-14
9355	 3.387677E-14
9360	 3.394522E-14
9365	  3.40867E-14
9370	 3.420254E-14
9375	 3.430086E-14
9380	 3.424487E-14
9385	 3.390071E-14
9390	 3.360274E-14
9395	 3.371099E-14
9400	 3.381913E-14
9405	 3.329402E-14
9410	 3.265915E-14
9415	  3.28194E-14
9420	 3.351055E-14
9425	 3.382601E-14
9430	 3.342318E-14
9435	 3.307052E-14
9440	 3.325357E-14
9445	 3.343642E-14
9450	 3.352901E-14
9455	 3.360234E-14
9460	 3.379525E-14
9465	  3.40815E-14
9470	 3.435715E-14
9475	 3.460796E-14
9480	  3.48459E-14
9485	 3.459972E-14
9490	 3.435381E-14
9495	 3.436784E-14
9500	 3.446658E-14
9505	 3.465077E-14
9510	 3.492785E-14
9515	 3.521967E-14
9520	 3.557059E-14
9525	 3.592113E-14
9530	  3.56728E-14
9535	 3.537349E-14
9540	 3.494001E-14
9545	 3.443095E-14
9550	 3.420415E-14
9555	 3.449249E-14
9560	 3.474642E-14
9565	 3.451603E-14
9570	 3.428589E-14
9575	 3.444242E-14
9580	  3.47114E-14
9585	 3.478237E-14
9590	  3.46399E-14
9595	 3.464776E-14
9600	 3.531794E-14
9605	 3.598742E-14
9610	 3.541406E-14
9615	 3.468145E-14
9620	 3.463771E-14
9625	 3.508321E-14
9630	 3.531856E-14
9635	 3.501189E-14
9640	 3.470553E-14
9645	 3.475971E-14
9650	 3.482424E-14
9655	 3.486553E-14
9660	 3.489494E-14
9665	 3.494251E-14
9670	 3.502391E-14
9675	 3.509772E-14
9680	 3.495163E-14
9685	 3.480569E-14
9690	  3.48248E-14
9695	 3.490962E-14
9700	 3.498449E-14
9705	 3.504409E-14
9710	 3.508866E-14
9715	 3.493458E-14
9720	 3.478065E-14
9725	 3.452161E-14
9730	 3.422636E-14
9735	 3.413144E-14
9740	 3.432043E-14
9745	 3.447859E-14
9750	 3.428946E-14
9755	 3.410051E-14
9760	 3.417123E-14
9765	 3.433005E-14
9770	 3.452665E-14
9775	 3.477823E-14
9780	 3.502849E-14
9785	  3.52638E-14
9790	 3.549888E-14
9795	 3.535126E-14
9800	 3.505779E-14
9805	  3.49811E-14
9810	 3.526271E-14
9815	 3.552987E-14
9820	 3.529996E-14
9825	 3.507029E-14
9830	 3.496255E-14
9835	 3.491354E-14
9840	 3.494884E-14
9845	 3.516281E-14
9850	 3.537655E-14
9855	 3.542575E-14
9860	 3.546857E-14
9865	 3.524873E-14
9870	  3.48561E-14
9875	 3.462376E-14
9880	 3.490142E-14
9885	 3.517878E-14
9890	 3.498191E-14
9895	 3.471622E-14
9900	 3.481331E-14
9905	 3.526675E-14
9910	 3.569381E-14
9915	 3.595098E-14
9920	  3.62079E-14
9925	 3.571868E-14
9930	 3.499092E-14
9935	  2.90211E-14
9940	 1.450325E-14
9945		    0
9950		    0
9955		    0
9960		    0
9965		    0
9970		    0
9975		    0
9980		    0
9985		    0
9990		    0
9995		    0
