#       WAVELENGTH             FLUX
#               1E               1E
#        angstroms             flam
1235	 1.841145E-14
1240	 1.447588E-14
1245	 1.206507E-14
1250	 7.714137E-15
1255	 1.609452E-14
1260	 1.073463E-14
1265	 1.173815E-14
1270	 7.585194E-15
1275	 1.769513E-14
1280	 9.445409E-15
1285	 1.339814E-14
1290	 7.505959E-15
1295	 6.391281E-15
1300	  7.28019E-15
1305	 8.008658E-15
1310	 4.526444E-15
1315	  7.12824E-15
1320	 3.601382E-15
1325	 6.578962E-15
1330	 3.069188E-15
1335	 6.396144E-15
1340	 1.274107E-14
1345	  6.39698E-15
1350	  7.84791E-15
1355	 1.023279E-14
1360	 8.502291E-15
1365	 9.041365E-15
1370	 7.753686E-15
1375	 1.035184E-14
1380	 1.528283E-14
1385	 6.020367E-15
1390	 5.657483E-15
1395	 3.256369E-15
1400	 5.899044E-15
1405	 8.051555E-15
1410	 9.465742E-15
1415	 1.494724E-15
1420	 5.378859E-15
1425	 7.210814E-15
1430	 5.416191E-15
1435	 1.042511E-14
1440	 1.053147E-14
1445	 1.573273E-14
1450	 1.141031E-14
1455	 5.941582E-15
1460	 1.029976E-14
1465	 4.089178E-15
1470	 1.294658E-14
1475	 1.835629E-14
1480	 1.570994E-14
1485	 1.284933E-14
1490	 1.485092E-14
1495	 1.430972E-14
1500	 7.030754E-15
1505	 1.204084E-14
1510	 5.927609E-15
1515	 2.024152E-15
1520	 1.151499E-14
1525	 1.274263E-14
1530	 9.294371E-15
1535	 1.144081E-14
1540	 9.674478E-15
1545	 9.463775E-15
1550	 7.996692E-15
1555	 8.286659E-15
1560	  2.10866E-15
1565	 7.849577E-15
1570	 1.195251E-14
1575	  6.23511E-15
1580	 8.649034E-15
1585	 1.186047E-14
1590	   4.9915E-15
1595	  3.26333E-15
1600	 1.292386E-14
1605	 6.432145E-15
1610	 5.216036E-15
1615	 1.023132E-14
1620	 2.159153E-15
1625	 2.875658E-15
1630	 6.986333E-15
1635	 2.071427E-15
1640	 4.068215E-15
1645	 2.726925E-15
1650	 3.892264E-15
1655	 7.240397E-15
1660	 1.097426E-14
1665	 1.018513E-14
1670	 6.148326E-15
1675	  2.17373E-15
1680	 7.498329E-15
1685	 2.619804E-15
1690	 5.722789E-15
1695	 8.999867E-15
1700	 6.263414E-15
1705	 6.323601E-15
1710	 5.721003E-15
1715	 7.065154E-15
1720	 1.325493E-14
1725	  1.10493E-14
1730	 1.054742E-14
1735	  9.68394E-15
1740	 1.055064E-14
1745	 8.473627E-15
1750	 1.015267E-14
1755	 9.585607E-15
1760	 7.155742E-15
1765	 5.626854E-15
1770	 5.506568E-15
1775	  6.10987E-15
1780	 9.405866E-15
1785	 4.966003E-15
1790	 2.838428E-15
1795	 6.223772E-15
1800	 6.028715E-15
1805	 8.245378E-15
1810	 7.149581E-15
1815	 6.714533E-15
1820	 7.353819E-15
1825	 7.919127E-15
1830	 9.532349E-15
1835	 7.185957E-15
1840	 5.794426E-15
1845	 7.076933E-15
1850	 5.779997E-15
1855	 3.470345E-15
1860	 9.231358E-15
1865	 7.708175E-15
1870	 9.565162E-15
1875	 8.706328E-15
1880	  7.23587E-15
1885	 7.847311E-15
1890	 8.887357E-15
1895	 6.675932E-15
1900	 6.291524E-15
1905	 7.142197E-15
1910	 6.456754E-15
1915	 5.306893E-15
1920	  4.13052E-15
1925	 3.266569E-15
1930	 5.225428E-15
1935	 8.814768E-15
1940	 1.097717E-14
1945	 9.469519E-15
1950	 6.429886E-15
1955	 5.142251E-15
1960	 6.301516E-15
1965	 3.919757E-15
1970	 4.480179E-15
1975	  3.78601E-15
1980	 2.336625E-15
1985	 2.733985E-15
1990	 7.803167E-15
1995	 8.662254E-15
2000	 2.971043E-15
2005	 4.460907E-15
2010	 1.012531E-14
2015	 7.443466E-15
2020	 6.447974E-15
2025	 1.444643E-15
2030	 9.427959E-15
2035	 7.095544E-15
2040	 2.030144E-14
2045	 5.138561E-15
2050	 9.008791E-15
2055	 7.970027E-15
2060	 1.210239E-14
2065	 8.180078E-15
2070	 1.272721E-14
2075	 1.691773E-14
2080	 7.763287E-15
2085	 6.285994E-15
2090	 5.133739E-15
2095	 7.275734E-15
2100	 6.824759E-15
2105	 1.362724E-14
2110	  4.37123E-15
2115	 7.656565E-15
2120	 3.955906E-15
2125	 6.290365E-15
2130	 5.479874E-15
2135	 5.018359E-15
2140	 1.910932E-14
2145	 5.589393E-15
2150	 9.168019E-15
2155	 9.898774E-15
2160	   9.5128E-15
2165	 2.434057E-15
2170	 4.421847E-15
2175	 9.584274E-15
2180	 5.944024E-15
2185	 6.157537E-15
2190	 4.816436E-15
2195	  7.89358E-15
2200	 8.809365E-15
2205	 1.314903E-15
2210	  4.44649E-15
2215	 1.549969E-15
2220	 7.950316E-15
2225	 5.183754E-15
2230	  6.87171E-15
2235	 9.753161E-15
2240	 1.205473E-14
2245	 9.111056E-15
2250	 1.266915E-14
2255	 8.899494E-15
2260	 5.235868E-15
2265	 7.798698E-15
2270	   1.0583E-14
2275	 1.036885E-14
2280	 1.057545E-15
2285	 5.646823E-15
2290	 6.345563E-15
2295	 5.583022E-15
2300	 3.355575E-15
2305	  6.35648E-15
2310	 8.003157E-15
2315	 5.897184E-15
2320	 4.997928E-15
2325	 3.692976E-15
2330	 8.879716E-15
2335	 5.210328E-15
2340	 3.662421E-15
2345	 7.647423E-15
2350	 2.580414E-15
2355	 6.211235E-15
2360	  7.44516E-15
2365	 7.219491E-15
2370	 7.356163E-15
2375	 7.665137E-15
2380	 2.669664E-15
2385	 4.593843E-15
2390	 7.448449E-15
2395	 8.470063E-15
2400	 8.547917E-15
2405	 7.285477E-15
2410	 5.470809E-15
2415	 3.402508E-15
2420	 4.939164E-15
2425	 7.130433E-15
2430	 6.577092E-15
2435	 5.916124E-15
2440	 6.871503E-15
2445	 5.509085E-15
2450	 6.507186E-15
2455	  7.22991E-15
2460	 5.036045E-15
2465	 6.074874E-15
2470	 6.541006E-15
2475	 6.935434E-15
2480	 6.931856E-15
2485	 6.820451E-15
2490	 5.282636E-15
2495	 5.219456E-15
2500	 6.072157E-15
2505	 2.092872E-15
2510	 5.686383E-15
2515	 5.108367E-15
2520	 4.205868E-15
2525	 4.658158E-15
2530	 5.487709E-15
2535	 6.360272E-15
2540	  5.63301E-15
2545	 5.837294E-15
2550	 4.065963E-15
2555	 4.885201E-15
2560	 5.879401E-15
2565	 5.482251E-15
2570	 5.917385E-15
2575	  5.75278E-15
2580	  5.14515E-15
2585	 5.959316E-15
2590	 6.247356E-15
2595	 5.558962E-15
2600	 5.744079E-15
2605	 6.691532E-15
2610	 5.636341E-15
2615	 5.966542E-15
2620	 7.044366E-15
2625	 7.074824E-15
2630	 6.539618E-15
2635	 7.078526E-15
2640	 7.100894E-15
2645	 8.011294E-15
2650	 7.855372E-15
2655	 8.398895E-15
2660	 7.880881E-15
2665	 7.234858E-15
2670	 8.681063E-15
2675	 7.549134E-15
2680	 6.903639E-15
2685	 8.688461E-15
2690	 8.848507E-15
2695	 7.518402E-15
2700	 7.131353E-15
2705	 7.562085E-15
2710	 8.166074E-15
2715	 8.685628E-15
2720	 7.683305E-15
2725	 7.594465E-15
2730	 7.731916E-15
2735	 7.069437E-15
2740	 6.515095E-15
2745	 7.008879E-15
2750	 7.227181E-15
2755	 6.790286E-15
2760	 6.831519E-15
2765	 6.566099E-15
2770	 7.138119E-15
2775	 6.413927E-15
2780	 6.022863E-15
2785	 5.390994E-15
2790	 5.094617E-15
2795	 3.847734E-15
2800	 4.962948E-15
2805	 5.248632E-15
2810	 6.185878E-15
2815	 6.919537E-15
2820	 8.099526E-15
2825	 8.586232E-15
2830	 8.826669E-15
2835	 9.823324E-15
2840	 9.280535E-15
2845	  8.08589E-15
2850	 8.866832E-15
2855	 8.329143E-15
2860	    8.549E-15
2865	 9.644978E-15
2870	 1.044321E-14
2875	 1.027832E-14
2880	 1.024506E-14
2885	 9.638693E-15
2890	 1.031885E-14
2895	 1.181901E-14
2900	 1.237734E-14
2905	 1.144145E-14
2910	 1.167579E-14
2915	  1.18507E-14
2920	 1.087494E-14
2925	 1.006147E-14
2930	 1.026306E-14
2935	 1.117105E-14
2940	 1.095009E-14
2945	 1.077445E-14
2950	 1.083017E-14
2955	 1.149517E-14
2960	 1.220426E-14
2965	 1.273287E-14
2970	 1.237368E-14
2975	 1.217808E-14
2980	 1.305722E-14
2985	 1.280813E-14
2990	 1.176318E-14
2995	 1.137721E-14
3000	 1.092621E-14
3005	 1.116922E-14
3010	 1.083337E-14
3015	 1.079816E-14
3020	 1.136253E-14
3025	 1.302821E-14
3030	 1.336994E-14
3035	 1.429132E-14
3040	 1.471461E-14
3045	 1.463945E-14
3050	 1.403937E-14
3055	  1.27081E-14
3060	 1.290204E-14
3065	 1.365582E-14
3070	 1.188023E-14
3075	  1.15857E-14
3080	 1.348407E-14
3085	 1.239056E-14
3090	 1.327179E-14
3095	  1.52394E-14
3100	 1.346753E-14
3105	 1.390869E-14
3110	  1.68151E-14
3115	 1.518762E-14
3120	 1.120365E-14
3125	 1.429363E-14
3130	 1.608657E-14
3135	 1.706173E-14
3140	 2.218263E-14
3145	 2.129419E-14
3150	 2.046289E-14
3155	 1.665492E-14
3160	 1.827016E-14
3165	 2.259541E-14
3170	 1.822929E-14
3175	 1.514896E-14
3180	  1.67575E-14
3185	 1.503623E-14
3190	 1.616878E-14
3195	 1.903122E-14
3200	 1.961416E-14
3205	 1.150666E-14
3210	 1.071048E-14
3215	 1.525257E-14
3220	 1.619454E-14
3225	 1.449862E-14
3230	 1.273231E-14
3235	 1.069656E-14
3240	 1.210291E-14
3245	  1.27498E-14
3250	  1.59515E-14
3255	 1.544341E-14
3260	 1.403241E-14
3265	 9.403045E-15
3270	 1.141181E-14
3275	 1.313536E-14
3280	  1.45849E-14
3285	 1.279025E-14
3290	 1.323899E-14
3295	 1.486155E-14
3300	 1.352791E-14
3305	 1.479258E-14
3310	 1.437648E-14
3315	 1.444279E-14
3320	   1.3591E-14
3325	 1.183372E-14
3330	 1.288429E-14
3335	 1.317736E-14
3340	 1.364985E-14
3345	 1.396332E-14
3350	 1.341208E-14
3355	 1.335824E-14
3360	 1.270827E-14
3365	 1.297362E-14
3370	 1.253616E-14
3375	 1.334781E-14
3380	 1.276027E-14
3385	 1.455761E-14
3390	   1.2927E-14
3395	 1.296176E-14
3400	 1.333627E-14
3405	 1.177371E-14
3410	 1.183653E-14
3415	 1.238894E-14
3420	 1.314758E-14
3425	  1.34471E-14
3430	 1.347208E-14
3435	 1.241319E-14
3440	 1.194383E-14
3445	  1.24981E-14
3450	 1.285035E-14
3455	 1.313866E-14
3460	 1.282209E-14
3465	 1.305555E-14
3470	 1.386251E-14
3475	 1.359301E-14
3480	 1.384037E-14
3485	 1.225168E-14
3490	 1.260425E-14
3495	 1.318946E-14
3500	  1.29619E-14
3505	 1.516223E-14
3510	 1.527004E-14
3515	 1.427965E-14
3520	 1.363744E-14
3525	 1.242812E-14
3530	  1.21373E-14
3535	 1.294207E-14
3540	 1.429247E-14
3545	 1.414202E-14
3550	 1.344561E-14
3555	 1.304665E-14
3560	 1.375215E-14
3565	 1.307482E-14
3570	 1.252528E-14
3575	 1.195978E-14
3580	 1.202071E-14
3585	 1.069366E-14
3590	 1.256748E-14
3595	 1.391034E-14
3600	 1.629102E-14
3605	 1.517438E-14
3610	 1.349291E-14
3615	 1.294846E-14
3620	 1.437121E-14
3625	 1.494069E-14
3630	 1.602138E-14
3635	 1.624987E-14
3640	 1.623606E-14
3645	 1.439307E-14
3650	 1.361009E-14
3655	  1.51153E-14
3660	 1.689434E-14
3665	 1.739079E-14
3670	 1.674664E-14
3675	 1.586732E-14
3680	 1.561919E-14
3685	 1.546487E-14
3690	 1.549391E-14
3695	 1.580465E-14
3700	 1.708677E-14
3705	 1.549917E-14
3710	 1.464341E-14
3715	 1.546041E-14
3720	  1.71797E-14
3725	  1.75921E-14
3730	 2.060982E-14
3735	 1.706647E-14
3740	 1.483711E-14
3745	 1.369792E-14
3750	 1.335694E-14
3755	 1.397475E-14
3760	 1.492422E-14
3765	 1.438626E-14
3770	 1.530041E-14
3775	 1.676166E-14
3780	 1.759375E-14
3785	 1.746308E-14
3790	 1.666384E-14
3795	 1.514466E-14
3800	 1.466125E-14
3805	 1.598828E-14
3810	 1.755344E-14
3815	 1.738959E-14
3820	 1.658968E-14
3825	 1.476439E-14
3830	 1.388704E-14
3835	 1.212774E-14
3840	 1.256551E-14
3845	 1.452857E-14
3850	 1.576034E-14
3855	 1.635437E-14
3860	 1.708477E-14
3865	 1.721467E-14
3870	 1.751902E-14
3875	 1.623439E-14
3880	 1.589643E-14
3885	 1.450398E-14
3890	 1.468211E-14
3895	 1.596423E-14
3900	 1.708454E-14
3905	 1.815503E-14
3910	 1.946321E-14
3915	  1.99786E-14
3920	  1.85872E-14
3925	 1.610909E-14
3930	 1.365161E-14
3935	  1.21711E-14
3940	 1.297422E-14
3945	 1.632035E-14
3950	 1.871919E-14
3955	 1.943502E-14
3960	 1.755509E-14
3965	 1.479068E-14
3970	 1.215433E-14
3975	 1.479267E-14
3980	   1.8551E-14
3985	 2.089799E-14
3990	 2.312554E-14
3995	 2.462937E-14
4000	 2.521538E-14
4005	 2.480217E-14
4010	 2.481644E-14
4015	 2.594888E-14
4020	 2.696623E-14
4025	  2.74661E-14
4030	 2.675267E-14
4035	 2.576715E-14
4040	 2.610693E-14
4045	 2.612246E-14
4050	 2.564076E-14
4055	 2.572659E-14
4060	 2.492386E-14
4065	 2.541689E-14
4070	 2.524294E-14
4075	 2.508645E-14
4080	 2.538471E-14
4085	  2.69702E-14
4090	 2.633612E-14
4095	 2.441879E-14
4100	  2.33916E-14
4105	  2.25264E-14
4110	 2.401113E-14
4115	 2.483038E-14
4120	 2.510722E-14
4125	 2.581775E-14
4130	  2.64091E-14
4135	 2.694645E-14
4140	 2.624696E-14
4145	 2.526251E-14
4150	 2.573032E-14
4155	 2.497427E-14
4160	 2.667191E-14
4165	   2.6935E-14
4170	 2.639645E-14
4175	 2.561613E-14
4180	 2.605537E-14
4185	 2.665531E-14
4190	 2.736926E-14
4195	 2.757804E-14
4200	 2.599886E-14
4205	 2.637095E-14
4210	 2.721975E-14
4215	 2.786631E-14
4220	 2.776836E-14
4225	  2.69457E-14
4230	 2.648308E-14
4235	 2.693572E-14
4240	 2.708885E-14
4245	 2.756627E-14
4250	 2.745475E-14
4255	 2.616827E-14
4260	 2.685644E-14
4265	 2.871681E-14
4270	 2.826225E-14
4275	 2.673124E-14
4280	 2.715387E-14
4285	 2.716413E-14
4290	 2.630516E-14
4295	 2.562147E-14
4300	 2.350751E-14
4305	 2.218347E-14
4310	 2.267821E-14
4315	 2.510797E-14
4320	 2.737223E-14
4325	 2.797912E-14
4330	 2.754953E-14
4335	 2.702866E-14
4340	 2.637933E-14
4345	 2.642355E-14
4350	 2.750062E-14
4355	 2.854694E-14
4360	 2.936166E-14
4365	 3.012396E-14
4370	 2.992564E-14
4375	 2.875309E-14
4380	 2.719928E-14
4385	 2.502186E-14
4390	  2.50059E-14
4395	 2.661552E-14
4400	 2.794634E-14
4405	  2.77754E-14
4410	 2.794962E-14
4415	 2.909048E-14
4420	 2.953418E-14
4425	 2.971722E-14
4430	 2.953773E-14
4435	 2.940154E-14
4440	 2.920061E-14
4445	 2.945149E-14
4450	 2.987757E-14
4455	  2.96061E-14
4460	 2.908439E-14
4465	 2.929929E-14
4470	 3.015924E-14
4475	 3.166226E-14
4480	  3.23086E-14
4485	 3.326891E-14
4490	 3.215806E-14
4495	  3.09056E-14
4500	 3.162556E-14
4505	 3.405021E-14
4510	 3.489295E-14
4515	 3.441948E-14
4520	 3.322853E-14
4525	  3.14754E-14
4530	 3.018984E-14
4535	 3.018148E-14
4540	 3.077087E-14
4545	  3.25911E-14
4550	  3.25746E-14
4555	 3.147411E-14
4560	 3.307874E-14
4565	 3.315072E-14
4570	 3.351609E-14
4575	 3.374346E-14
4580	 3.356906E-14
4585	 3.359904E-14
4590	  3.42936E-14
4595	 3.509684E-14
4600	 3.492018E-14
4605	 3.432328E-14
4610	 3.388349E-14
4615	 3.493651E-14
4620	 3.594536E-14
4625	 3.598792E-14
4630	 3.574678E-14
4635	  3.50553E-14
4640	 3.406261E-14
4645	 3.357377E-14
4650	 3.385305E-14
4655	   3.4734E-14
4660	 3.628326E-14
4665	 3.491816E-14
4670	 3.443939E-14
4675	 3.401528E-14
4680	 3.353986E-14
4685	  3.32117E-14
4690	 3.339023E-14
4695	 3.395173E-14
4700	 3.365068E-14
4705	 3.349362E-14
4710	 3.337566E-14
4715	 3.426183E-14
4720	 3.535776E-14
4725	 3.537254E-14
4730	 3.497092E-14
4735	 3.505396E-14
4740	 3.513516E-14
4745	 3.457025E-14
4750	  3.60794E-14
4755	 3.478231E-14
4760	 3.388882E-14
4765	 3.366669E-14
4770	 3.422463E-14
4775	 3.497547E-14
4780	 3.509536E-14
4785	 3.498461E-14
4790	  3.54724E-14
4795	 3.578643E-14
4800	 3.612967E-14
4805	 3.618291E-14
4810	 3.618152E-14
4815	 3.639431E-14
4820	 3.657225E-14
4825	 3.580988E-14
4830	 3.513518E-14
4835	 3.498064E-14
4840	 3.525131E-14
4845	  3.53752E-14
4850	 3.516269E-14
4855	 3.443451E-14
4860	 3.252645E-14
4865	 3.281822E-14
4870	 3.129061E-14
4875	 3.114024E-14
4880	 3.145772E-14
4885	 3.154379E-14
4890	 3.172496E-14
4895	  3.29848E-14
4900	 3.510029E-14
4905	 3.583344E-14
4910	 3.565254E-14
4915	 3.551778E-14
4920	 3.497334E-14
4925	 3.347726E-14
4930	 3.401895E-14
4935	 3.370348E-14
4940	  3.41278E-14
4945	  3.49008E-14
4950	 3.575335E-14
4955	 3.596836E-14
4960	 3.448099E-14
4965	 3.403181E-14
4970	 3.404549E-14
4975	 3.396691E-14
4980	 3.314634E-14
4985	 3.238741E-14
4990	 3.326499E-14
4995	 3.373471E-14
5000	 3.402036E-14
5005	 3.411775E-14
5010	 3.395359E-14
5015	 3.345814E-14
5020	 3.279462E-14
5025	 3.328518E-14
5030	 3.435233E-14
5035	 3.426302E-14
5040	 3.376167E-14
5045	 3.368465E-14
5050	 3.433259E-14
5055	 3.401765E-14
5060	 3.482115E-14
5065	  3.56292E-14
5070	 3.569192E-14
5075	 3.468913E-14
5080	 3.293507E-14
5085	  3.40751E-14
5090	 3.451836E-14
5095	  3.46341E-14
5100	 3.441851E-14
5105	 3.403727E-14
5110	 3.486848E-14
5115	 3.521322E-14
5120	 3.520896E-14
5125	 3.433198E-14
5130	 3.334872E-14
5135	 3.454335E-14
5140	 3.354761E-14
5145	 3.371538E-14
5150	 3.395955E-14
5155	 3.374774E-14
5160	 3.302875E-14
5165	 3.280885E-14
5170	 2.983918E-14
5175	 2.916666E-14
5180	 3.023666E-14
5185	  3.11616E-14
5190	 3.153662E-14
5195	 3.302495E-14
5200	 3.445325E-14
5205	  3.49639E-14
5210	 3.425306E-14
5215	 3.351162E-14
5220	 3.428067E-14
5225	 3.370422E-14
5230	 3.355545E-14
5235	 3.507245E-14
5240	 3.572581E-14
5245	 3.616329E-14
5250	 3.562669E-14
5255	 3.499489E-14
5260	 3.482513E-14
5265	 3.289534E-14
5270	  3.12514E-14
5275	 3.248041E-14
5280	   3.4893E-14
5285	 3.596653E-14
5290	 3.712294E-14
5295	 3.694003E-14
5300	  3.66291E-14
5305	 3.681747E-14
5310	 3.791564E-14
5315	  3.70996E-14
5320	 3.685947E-14
5325	 3.628689E-14
5330	 3.530411E-14
5335	 3.553617E-14
5340	 3.559116E-14
5345	 3.579498E-14
5350	 3.642784E-14
5355	 3.763157E-14
5360	 3.786761E-14
5365	 3.722617E-14
5370	 3.648914E-14
5375	 3.604187E-14
5380	 3.608122E-14
5385	  3.74904E-14
5390	 3.724983E-14
5395	 3.646393E-14
5400	 3.667281E-14
5405	  3.67564E-14
5410	 3.697952E-14
5415	 3.705754E-14
5420	 3.696127E-14
5425	 3.716154E-14
5430	 3.730586E-14
5435	 3.685181E-14
5440	  3.66087E-14
5445	 3.831949E-14
5450	 3.807113E-14
5455	 3.775705E-14
5460	 3.745983E-14
5465	  3.71633E-14
5470	  3.68868E-14
5475	 3.670525E-14
5480	 3.627946E-14
5485	 3.556924E-14
5490	 3.587581E-14
5495	 3.696637E-14
5500	  3.74646E-14
5505	 3.704506E-14
5510	 3.656326E-14
5515	 3.659774E-14
5520	 3.674383E-14
5525	  3.66253E-14
5530	 3.534997E-14
5535	   3.6035E-14
5540	 3.727573E-14
5545	 3.828121E-14
5550	 3.764413E-14
5555	 3.706991E-14
5560	 3.662493E-14
5565	 3.659801E-14
5570	 3.767946E-14
5575	 3.755823E-14
5580	 3.680515E-14
5585	 3.584869E-14
5590	 3.553911E-14
5595	   3.5585E-14
5600	  3.56685E-14
5605	 3.600061E-14
5610	  3.73564E-14
5615	 3.831538E-14
5620	 3.865069E-14
5625	 3.830541E-14
5630	 3.719618E-14
5635	 3.728699E-14
5640	 3.709315E-14
5645	 3.643043E-14
5650	 3.687832E-14
5655	 3.688537E-14
5660	 3.641921E-14
5665	 3.560586E-14
5670	 3.705714E-14
5675	 3.743181E-14
5680	 3.769471E-14
5685	 3.864193E-14
5690	  3.93081E-14
5695	  3.90528E-14
5700	  3.81687E-14
5705	 3.710394E-14
5710	 3.657127E-14
5715	 3.708554E-14
5720	 3.844701E-14
5725	 3.949385E-14
5730	 3.986278E-14
5735	 4.014736E-14
5740	 4.051228E-14
5745	 3.878595E-14
5750	 3.867553E-14
5755	 3.893935E-14
5760	 3.803249E-14
5765	 3.822558E-14
5770	 3.891617E-14
5775	 3.978573E-14
5780	 3.963139E-14
5785	 3.920693E-14
5790	 3.888202E-14
5795	 3.887181E-14
5800	 3.962674E-14
5805	 3.920199E-14
5810	 3.822187E-14
5815	 3.821917E-14
5820	 3.837268E-14
5825	 3.897877E-14
5830	 4.015254E-14
5835	 4.093794E-14
5840	 4.023781E-14
5845	 3.915928E-14
5850	 3.979272E-14
5855	 4.019183E-14
5860	 4.033073E-14
5865	 4.018531E-14
5870	 4.006576E-14
5875	 3.980838E-14
5880	 3.945445E-14
5885	 3.905868E-14
5890	 3.561621E-14
5895	 3.292632E-14
5900	 3.259764E-14
5905	 3.533657E-14
5910	  3.66388E-14
5915	 3.678902E-14
5920	 3.701084E-14
5925	 3.633494E-14
5930	 3.594956E-14
5935	 3.693249E-14
5940	 3.800367E-14
5945	 3.842564E-14
5950	 3.808859E-14
5955	  3.74717E-14
5960	 3.804706E-14
5965	 3.901116E-14
5970	 3.852091E-14
5975	 3.793442E-14
5980	 3.700697E-14
5985	 3.545145E-14
5990	  3.66334E-14
5995	 3.707224E-14
6000	  3.63357E-14
6005	 3.686231E-14
6010	 3.614122E-14
6015	 3.494407E-14
6020	 3.593408E-14
6025	 3.661117E-14
6030	 3.686022E-14
6035	 3.628348E-14
6040	 3.683376E-14
6045	 3.744053E-14
6050	 3.773594E-14
6055	 3.875054E-14
6060	 3.891787E-14
6065	 3.809396E-14
6070	 3.713599E-14
6075	 3.698286E-14
6080	 3.724703E-14
6085	 3.614186E-14
6090	 3.703572E-14
6095	 3.817589E-14
6100	 3.623181E-14
6105	 3.682273E-14
6110	 3.803423E-14
6115	  3.85727E-14
6120	 3.850345E-14
6125	 3.816013E-14
6130	 3.756214E-14
6135	 3.683497E-14
6140	  3.66285E-14
6145	  3.71846E-14
6150	 3.623023E-14
6155	 3.567415E-14
6160	 3.567159E-14
6165	 3.466006E-14
6170	 3.365242E-14
6175	 3.279622E-14
6180	 3.525799E-14
6185	 3.643487E-14
6190	 3.665328E-14
6195	 3.735138E-14
6200	 3.766232E-14
6205	  3.75222E-14
6210	 3.587561E-14
6215	 3.532967E-14
6220	 3.541737E-14
6225	 3.534663E-14
6230	 3.529475E-14
6235	 3.524044E-14
6240	 3.511604E-14
6245	 3.511215E-14
6250	 3.531283E-14
6255	 3.624011E-14
6260	 3.665556E-14
6265	 3.687759E-14
6270	 3.740887E-14
6275	 3.792926E-14
6280	 3.831428E-14
6285	 3.803468E-14
6290	 3.842046E-14
6295	 3.902138E-14
6300	 3.890023E-14
6305	 3.857332E-14
6310	 3.813873E-14
6315	 3.774096E-14
6320	 3.789532E-14
6325	 3.835243E-14
6330	 3.853257E-14
6335	 3.817888E-14
6340	 3.752749E-14
6345	 3.773483E-14
6350	 3.793632E-14
6355	 3.812928E-14
6360	 3.821445E-14
6365	 3.837179E-14
6370	 3.859789E-14
6375	 3.936347E-14
6380	 3.986153E-14
6385	 4.003802E-14
6390	 3.943057E-14
6395	 3.911135E-14
6400	 3.930508E-14
6405	 3.917316E-14
6410	 3.894601E-14
6415	 3.862683E-14
6420	  3.87251E-14
6425	 3.880449E-14
6430	 3.853983E-14
6435	 3.882428E-14
6440	 3.924708E-14
6445	 3.935414E-14
6450	 3.915065E-14
6455	 3.887064E-14
6460	 3.953307E-14
6465	 3.930989E-14
6470	 3.835752E-14
6475	 3.904732E-14
6480	 3.927691E-14
6485	 3.894063E-14
6490	 3.825833E-14
6495	 3.772918E-14
6500	 3.757023E-14
6505	 3.812004E-14
6510	 3.875773E-14
6515	 3.904343E-14
6520	  3.91588E-14
6525	 3.922145E-14
6530	 3.954953E-14
6535	 3.997811E-14
6540	 4.049097E-14
6545	 4.075864E-14
6550	 4.079661E-14
6555	 4.051288E-14
6560	 4.326809E-14
6565	 4.491437E-14
6570	 4.203128E-14
6575	 4.132588E-14
6580	 4.176993E-14
6585	 4.369667E-14
6590	  4.23731E-14
6595	  3.83512E-14
6600	 3.789755E-14
6605	 3.790504E-14
6610	 3.845145E-14
6615	 3.892523E-14
6620	 3.907068E-14
6625	 3.811903E-14
6630	 3.769462E-14
6635	 3.759487E-14
6640	 3.793018E-14
6645	 3.810762E-14
6650	 3.809775E-14
6655	 3.812312E-14
6660	 3.807817E-14
6665	 3.782934E-14
6670	 3.801603E-14
6675	 3.833186E-14
6680	 3.770643E-14
6685	 3.756139E-14
6690	 3.794136E-14
6695	 3.778127E-14
6700	 3.767502E-14
6705	 3.791345E-14
6710	 3.873438E-14
6715	 3.976863E-14
6720	 3.965651E-14
6725	 3.985686E-14
6730	 4.043637E-14
6735	 3.965562E-14
6740	 3.874713E-14
6745	 3.827742E-14
6750	 3.764066E-14
6755	 3.689903E-14
6760	 3.728666E-14
6765	 3.751794E-14
6770	 3.748348E-14
6775	 3.761017E-14
6780	 3.779721E-14
6785	 3.804036E-14
6790	 3.802125E-14
6795	 3.774968E-14
6800	 3.790542E-14
6805	 3.809076E-14
6810	 3.819698E-14
6815	 3.838636E-14
6820	 3.862559E-14
6825	 3.799082E-14
6830	 3.759899E-14
6835	 3.765716E-14
6840	 3.744386E-14
6845	 3.715384E-14
6850	 3.717264E-14
6855	 3.719699E-14
6860	 3.722833E-14
6865	 3.738119E-14
6870	 3.756915E-14
6875	 3.778288E-14
6880	 3.784735E-14
6885	 3.776846E-14
6890	  3.82668E-14
6895	 3.878608E-14
6900	 3.904171E-14
6905	 3.943779E-14
6910	 3.994424E-14
6915	 3.942375E-14
6920	 3.888872E-14
6925	 3.863064E-14
6930	 3.853805E-14
6935	 3.855976E-14
6940	 3.883535E-14
6945	 3.898138E-14
6950	  3.87265E-14
6955	  3.88817E-14
6960	 3.930323E-14
6965	 3.943671E-14
6970	 3.939611E-14
6975	 3.893919E-14
6980	 3.876454E-14
6985	 3.877644E-14
6990	 3.909251E-14
6995	  3.92375E-14
7000	 3.882099E-14
7005	 3.878119E-14
7010	 3.901394E-14
7015	 3.880473E-14
7020	 3.864149E-14
7025	 3.880613E-14
7030	  3.88573E-14
7035	 3.881215E-14
7040	 3.948885E-14
7045	 4.003651E-14
7050	 3.936603E-14
7055	  3.85838E-14
7060	 3.768172E-14
7065	 3.725091E-14
7070	 3.700321E-14
7075	 3.729154E-14
7080	 3.725919E-14
7085	 3.675815E-14
7090	 3.639209E-14
7095	 3.608361E-14
7100	 3.594123E-14
7105	 3.593074E-14
7110	 3.621277E-14
7115	 3.635207E-14
7120	 3.639957E-14
7125	 3.573574E-14
7130	 3.517284E-14
7135	 3.532045E-14
7140	 3.535249E-14
7145	 3.526443E-14
7150	 3.575467E-14
7155	 3.635972E-14
7160	 3.628334E-14
7165	 3.612268E-14
7170	 3.580713E-14
7175	 3.594012E-14
7180	 3.632931E-14
7185	 3.545345E-14
7190	 3.478089E-14
7195	 3.540673E-14
7200	 3.593703E-14
7205	 3.636146E-14
7210	 3.589663E-14
7215	 3.516437E-14
7220	 3.576939E-14
7225	  3.63101E-14
7230	 3.669678E-14
7235	 3.676917E-14
7240	 3.659711E-14
7245	 3.659624E-14
7250	 3.663591E-14
7255	 3.672666E-14
7260	 3.691794E-14
7265	 3.729068E-14
7270	 3.752351E-14
7275	 3.766958E-14
7280	 3.697677E-14
7285	 3.632469E-14
7290	 3.670917E-14
7295	 3.707518E-14
7300	 3.741224E-14
7305	 3.797767E-14
7310	 3.867198E-14
7315	 3.833346E-14
7320	 3.793394E-14
7325	 3.795508E-14
7330	 3.803118E-14
7335	 3.819589E-14
7340	 3.838073E-14
7345	 3.857744E-14
7350	 3.804255E-14
7355	 3.747317E-14
7360	 3.752356E-14
7365	 3.773106E-14
7370	 3.823581E-14
7375	 3.870375E-14
7380	 3.914506E-14
7385	 3.884455E-14
7390	 3.842014E-14
7395	 3.890652E-14
7400	 3.924028E-14
7405	 3.917441E-14
7410	 3.892471E-14
7415	 3.849298E-14
7420	 3.830783E-14
7425	 3.821522E-14
7430	 3.862826E-14
7435	 3.903605E-14
7440	 3.929192E-14
7445	 3.939567E-14
7450	 3.926085E-14
7455	  3.95631E-14
7460	 4.014954E-14
7465	 3.970657E-14
7470	 3.906678E-14
7475	 3.928641E-14
7480	 3.948613E-14
7485	 3.962398E-14
7490	  3.95166E-14
7495	 3.910945E-14
7500	 3.893362E-14
7505	  3.88793E-14
7510	 3.858995E-14
7515	 3.829279E-14
7520	 3.846493E-14
7525	 3.855033E-14
7530	 3.838764E-14
7535	 3.835784E-14
7540	 3.848592E-14
7545	 3.849048E-14
7550	 3.842888E-14
7555	 3.833947E-14
7560	 3.824544E-14
7565	 3.816307E-14
7570	 3.807893E-14
7575	 3.798831E-14
7580	 3.794752E-14
7585	 3.797865E-14
7590	 3.802934E-14
7595	 3.809342E-14
7600	 3.753791E-14
7605	  3.68026E-14
7610	 3.759175E-14
7615	 3.824174E-14
7620	 3.750111E-14
7625	 3.720608E-14
7630	 3.791246E-14
7635	 3.819266E-14
7640	 3.801349E-14
7645	 3.767747E-14
7650	 3.725775E-14
7655	 3.679636E-14
7660	 3.632632E-14
7665	 3.600645E-14
7670	 3.577036E-14
7675	 3.599008E-14
7680	 3.629721E-14
7685	  3.67963E-14
7690	 3.667217E-14
7695	 3.585543E-14
7700	 3.592412E-14
7705	 3.650922E-14
7710	 3.676604E-14
7715	 3.693389E-14
7720	 3.665175E-14
7725	 3.642811E-14
7730	 3.707308E-14
7735	 3.754758E-14
7740	 3.748513E-14
7745	 3.723241E-14
7750	 3.667871E-14
7755	 3.670351E-14
7760	 3.724017E-14
7765	 3.734961E-14
7770	  3.72521E-14
7775	 3.759894E-14
7780	 3.804757E-14
7785	 3.739148E-14
7790	 3.677946E-14
7795	  3.72257E-14
7800	 3.762412E-14
7805	 3.785396E-14
7810	 3.802193E-14
7815	 3.807567E-14
7820	 3.808981E-14
7825	 3.806112E-14
7830	 3.780938E-14
7835	 3.741335E-14
7840	 3.706963E-14
7845	 3.674545E-14
7850	 3.691721E-14
7855	 3.717432E-14
7860	 3.736702E-14
7865	 3.754986E-14
7870	 3.765403E-14
7875	 3.769079E-14
7880	 3.746723E-14
7885	 3.713964E-14
7890	 3.658959E-14
7895	 3.642276E-14
7900	 3.676352E-14
7905	 3.681339E-14
7910	 3.661439E-14
7915	 3.621641E-14
7920	 3.570938E-14
7925	 3.594291E-14
7930	 3.642467E-14
7935	  3.58961E-14
7940	 3.519081E-14
7945	 3.566426E-14
7950	 3.616995E-14
7955	  3.60986E-14
7960	 3.613209E-14
7965	 3.680329E-14
7970	 3.725914E-14
7975	 3.701264E-14
7980	 3.686516E-14
7985	 3.692325E-14
7990	 3.704269E-14
7995	 3.724926E-14
8000	 3.757458E-14
8005	 3.801936E-14
8010	 3.853918E-14
8015	 3.911264E-14
8020	 3.916624E-14
8025	 3.895629E-14
8030	 3.842501E-14
8035	 3.778281E-14
8040	 3.796739E-14
8045	 3.833509E-14
8050	 3.790321E-14
8055	 3.737596E-14
8060	 3.746897E-14
8065	 3.756758E-14
8070	 3.720525E-14
8075	 3.688702E-14
8080	 3.695092E-14
8085	 3.698406E-14
8090	 3.686408E-14
8095	 3.675028E-14
8100	 3.665684E-14
8105	 3.662671E-14
8110	 3.675084E-14
8115	 3.709182E-14
8120	 3.783703E-14
8125	 3.841276E-14
8130	  3.87393E-14
8135	  3.88855E-14
8140	 3.881837E-14
8145	 3.858848E-14
8150	 3.820186E-14
8155	 3.855545E-14
8160	 3.949418E-14
8165	 3.981637E-14
8170	 3.973444E-14
8175	 3.941962E-14
8180	 3.897869E-14
8185	 3.823528E-14
8190	 3.735674E-14
8195	 3.713359E-14
8200	 3.715404E-14
8205	 3.712542E-14
8210	 3.708194E-14
8215	 3.676629E-14
8220	 3.638351E-14
8225	 3.692856E-14
8230	 3.765899E-14
8235	 3.779314E-14
8240	 3.783272E-14
8245	 3.804538E-14
8250	 3.827898E-14
8255	 3.821439E-14
8260	 3.812238E-14
8265	 3.805128E-14
8270	 3.798163E-14
8275	 3.765433E-14
8280	 3.731652E-14
8285	 3.769087E-14
8290	 3.808096E-14
8295	  3.77649E-14
8300	  3.74431E-14
8305	 3.697053E-14
8310	 3.651927E-14
8315	 3.721414E-14
8320	 3.786713E-14
8325	 3.701597E-14
8330	   3.6194E-14
8335	 3.621823E-14
8340	 3.623678E-14
8345	 3.610517E-14
8350	 3.597347E-14
8355	 3.583607E-14
8360	 3.572912E-14
8365	 3.640348E-14
8370	 3.705111E-14
8375	 3.696613E-14
8380	 3.687263E-14
8385	 3.647949E-14
8390	 3.610238E-14
8395	 3.649096E-14
8400	 3.687986E-14
8405	 3.734848E-14
8410	 3.781656E-14
8415	 3.727135E-14
8420	  3.67238E-14
8425	 3.637907E-14
8430	 3.603865E-14
8435	 3.589682E-14
8440	 3.576267E-14
8445	  3.59108E-14
8450	 3.607562E-14
8455	 3.632417E-14
8460	 3.657962E-14
8465	 3.620438E-14
8470	 3.575607E-14
8475	 3.583773E-14
8480	 3.600018E-14
8485	 3.580346E-14
8490	 3.553746E-14
8495	 3.448799E-14
8500	 3.325081E-14
8505	 3.398193E-14
8510	 3.529572E-14
8515	 3.550839E-14
8520	 3.532092E-14
8525	 3.520608E-14
8530	 3.512332E-14
8535	 3.333532E-14
8540	 3.063955E-14
8545	 3.036763E-14
8550	 3.165704E-14
8555	 3.339352E-14
8560	 3.548027E-14
8565	 3.643915E-14
8570	 3.632027E-14
8575	 3.642621E-14
8580	 3.679646E-14
8585	 3.729781E-14
8590	 3.799164E-14
8595	 3.838798E-14
8600	 3.822752E-14
8605	 3.800362E-14
8610	 3.762333E-14
8615	 3.733627E-14
8620	 3.736502E-14
8625	 3.743437E-14
8630	 3.771173E-14
8635	 3.795162E-14
8640	 3.784491E-14
8645	 3.773054E-14
8650	 3.733533E-14
8655	 3.694058E-14
8660	 3.479206E-14
8665	 3.256432E-14
8670	 3.367956E-14
8675	 3.524171E-14
8680	  3.56645E-14
8685	 3.581187E-14
8690	 3.610701E-14
8695	 3.645771E-14
8700	 3.700291E-14
8705	   3.7655E-14
8710	 3.799734E-14
8715	 3.809696E-14
8720	 3.811368E-14
8725	 3.803827E-14
8730	 3.811756E-14
8735	 3.844528E-14
8740	 3.834071E-14
8745	 3.718954E-14
8750	 3.639927E-14
8755	 3.706334E-14
8760	 3.766629E-14
8765	 3.773704E-14
8770	 3.780806E-14
8775	 3.804788E-14
8780	 3.828742E-14
8785	 3.807538E-14
8790	 3.781392E-14
8795	 3.966248E-14
8800	 4.204641E-14
8805	 4.086558E-14
8810	 3.808986E-14
8815	   3.7208E-14
8820	 3.768742E-14
8825	 3.802448E-14
8830	 3.820077E-14
8835	 3.828684E-14
8840	 3.820939E-14
8845	 3.829569E-14
8850	 3.890368E-14
8855	 3.935811E-14
8860	 3.868654E-14
8865	 3.801572E-14
8870	 3.734326E-14
8875	 3.667155E-14
8880	 3.696416E-14
8885	 3.739672E-14
8890	 3.773919E-14
8895	 3.805082E-14
8900	 3.792374E-14
8905	 3.752483E-14
8910	  3.72325E-14
8915	 3.705351E-14
8920	 3.712265E-14
8925	 3.765191E-14
8930	 3.816675E-14
8935	 3.863001E-14
8940	 3.897944E-14
8945	 3.790372E-14
8950	  3.68292E-14
8955	 3.745766E-14
8960	 3.821022E-14
8965	 3.804426E-14
8970	 3.762869E-14
8975	 3.773448E-14
8980	 3.813442E-14
8985	 3.849139E-14
8990	 3.880356E-14
8995	 3.894263E-14
9000	 3.874178E-14
9005	 3.845783E-14
9010	 3.779505E-14
9015	 3.714331E-14
9020	 3.694037E-14
9025	 3.673767E-14
9030	 3.729324E-14
9035	 3.796898E-14
9040	  3.82329E-14
9045	 3.832028E-14
9050	 3.851607E-14
9055	 3.880642E-14
9060	 3.893345E-14
9065	 3.877791E-14
9070	 3.865243E-14
9075	  3.86501E-14
9080	 3.862204E-14
9085	 3.747571E-14
9090	 3.633064E-14
9095	 3.673939E-14
9100	 3.743037E-14
9105	   3.7838E-14
9110	 3.810454E-14
9115	 3.822314E-14
9120	 3.818598E-14
9125	 3.812559E-14
9130	 3.801186E-14
9135	 3.793885E-14
9140	 3.817157E-14
9145	 3.840403E-14
9150	 3.817919E-14
9155	 3.791891E-14
9160	  3.82201E-14
9165	  3.87218E-14
9170	 3.869152E-14
9175	 3.821313E-14
9180	 3.794429E-14
9185	 3.807117E-14
9190	 3.811652E-14
9195	 3.768408E-14
9200	  3.72521E-14
9205	 3.684649E-14
9210	 3.644285E-14
9215	 3.593269E-14
9220	 3.538537E-14
9225	 3.490417E-14
9230	 3.448107E-14
9235	 3.440632E-14
9240	 3.506877E-14
9245	  3.54108E-14
9250	 3.311362E-14
9255	 3.081894E-14
9260	 3.297135E-14
9265	 3.565388E-14
9270	 3.693697E-14
9275	 3.754722E-14
9280	 3.717048E-14
9285	  3.56128E-14
9290	 3.454284E-14
9295	 3.509255E-14
9300	 3.564033E-14
9305	  3.59341E-14
9310	 3.622756E-14
9315	 3.650839E-14
9320	 3.678539E-14
9325	 3.707663E-14
9330	 3.737965E-14
9335	  3.73512E-14
9340	 3.659004E-14
9345	  3.57893E-14
9350	 3.449018E-14
9355	 3.319245E-14
9360	  3.73476E-14
9365	 4.256919E-14
9370	 4.227645E-14
9375	 3.821994E-14
9380	 3.541414E-14
9385	 3.494077E-14
9390	 3.418705E-14
9395	  3.09455E-14
9400	  2.77074E-14
9405	  3.02581E-14
9410	 3.381402E-14
9415	 3.516375E-14
9420	 3.503977E-14
9425	  3.45687E-14
9430	 3.343327E-14
9435	 3.249524E-14
9440	  3.36702E-14
9445	 3.484391E-14
9450	 3.499139E-14
9455	 3.492052E-14
9460	 3.528754E-14
9465	  3.59964E-14
9470	 3.608045E-14
9475	 3.467464E-14
9480	 3.333515E-14
9485	 3.448372E-14
9490	 3.563109E-14
9495	 3.582572E-14
9500	  3.57097E-14
9505	 3.571567E-14
9510	 3.585427E-14
9515	  3.59228E-14
9520	 3.571476E-14
9525	 3.550694E-14
9530	 3.624316E-14
9535	 3.705943E-14
9540	 3.659038E-14
9545	  3.53955E-14
9550	 3.473841E-14
9555	 3.506269E-14
9560	 3.535404E-14
9565	   3.5183E-14
9570	 3.501214E-14
9575	 3.557696E-14
9580	 3.635555E-14
9585	 3.665835E-14
9590	 3.644831E-14
9595	 3.617351E-14
9600	 3.561246E-14
9605	   3.5052E-14
9610	 3.613592E-14
9615	 3.743024E-14
9620	 3.714814E-14
9625	 3.574669E-14
9630	  3.49781E-14
9635	 3.584195E-14
9640	  3.67049E-14
9645	 3.630604E-14
9650	 3.587112E-14
9655	 3.574355E-14
9660	 3.577264E-14
9665	 3.605567E-14
9670	   3.6811E-14
9675	 3.752416E-14
9680	 3.702408E-14
9685	 3.652451E-14
9690	 3.625256E-14
9695	 3.607144E-14
9700	 3.578412E-14
9705	 3.533339E-14
9710	 3.494395E-14
9715	 3.536132E-14
9720	 3.577826E-14
9725	 3.609998E-14
9730	 3.638854E-14
9735	 3.616072E-14
9740	 3.520088E-14
9745	   3.4335E-14
9750	 3.452369E-14
9755	 3.471219E-14
9760	 3.515086E-14
9765	 3.567416E-14
9770	 3.541231E-14
9775	 3.401014E-14
9780	 3.286352E-14
9785	 3.525537E-14
9790	 3.764477E-14
9795	 3.802628E-14
9800	 3.764188E-14
9805	 3.556971E-14
9810	 3.070613E-14
9815	 2.611853E-14
9820	  3.10318E-14
9825	 3.594008E-14
9830	 3.748458E-14
9835	 3.740969E-14
9840	 3.720127E-14
9845	 3.670969E-14
9850	 3.621859E-14
9855	 3.739951E-14
9860	 3.864361E-14
9865	 3.821807E-14
9870	 3.669385E-14
9875	 3.553691E-14
9880	 3.554718E-14
9885	 3.555744E-14
9890	 3.301411E-14
9895	 3.010155E-14
9900	 3.021333E-14
9905	  3.32957E-14
9910	 3.599884E-14
9915	 3.624051E-14
9920	 3.648194E-14
9925	 3.657659E-14
9930	 3.662419E-14
9935	 3.079703E-14
9940	 1.539077E-14
9945		    0
9950		    0
