# VVDS template for very red galaxies
# it is the combination of all the reddest VVDS deep  galaxy spectra,
# produced by OlF on June 2006
#              lambda1           flux         
                 2240.	 1.062615E-18         
     2242.626299916805	 1.056883E-18         
     2245.252599833611	 1.035614E-18         
     2247.878899750416	 1.042849E-18         
     2250.505199667221	 1.053918E-18         
     2253.131499584027	 8.860414E-19         
     2255.757799500832	 7.275706E-19         
     2258.384099417637	 9.105980E-19         
     2261.010399334443	 1.114271E-18         
     2263.636699251247	 1.092103E-18         
     2266.262999168053	 9.905866E-19         
     2268.889299084859	 7.839725E-19         
     2271.515599001664	 6.792933E-19         
     2274.141898918469	 8.346826E-19         
     2276.768198835274	 1.070451E-18         
      2279.39449875208	 1.231257E-18         
     2282.020798668885	 1.164426E-18         
      2284.64709858569	 9.948495E-19         
     2287.273398502496	 9.567551E-19         
     2289.899698419301	 9.505015E-19         
     2292.525998336106	 8.989785E-19         
     2295.152298252911	 8.706354E-19         
     2297.778598169716	 9.073231E-19         
     2300.404898086522	 1.063111E-18         
     2303.031198003327	 1.241131E-18         
     2305.657497920133	 1.204409E-18         
     2308.283797836938	 1.038347E-18         
     2310.910097753743	 9.950057E-19         
     2313.536397670548	 9.767297E-19         
     2316.162697587354	 9.009544E-19         
     2318.788997504159	 8.616247E-19         
     2321.415297420964	 8.513767E-19         
      2324.04159733777	 9.050872E-19         
     2326.667897254575	 1.019486E-18         
      2329.29419717138	 1.007527E-18         
     2331.920497088185	 8.598838E-19         
      2334.54679700499	 7.680581E-19         
     2337.173096921796	 7.141411E-19         
     2339.799396838601	 6.088745E-19         
     2342.425696755407	 5.617886E-19         
     2345.051996672212	 6.334961E-19         
     2347.678296589017	 7.201061E-19         
     2350.304596505823	 7.416969E-19         
     2352.930896422628	 7.575421E-19         
     2355.557196339433	 8.327408E-19         
     2358.183496256239	 9.210912E-19         
     2360.809796173044	 9.528977E-19         
     2363.436096089849	 9.747305E-19         
     2366.062396006655	 1.017170E-18         
      2368.68869592346	 1.001781E-18         
     2371.314995840265	 9.339928E-19         
      2373.94129575707	 9.222668E-19         
     2376.567595673875	 9.678584E-19         
     2379.193895590681	 1.002939E-18         
     2381.820195507486	 1.029922E-18         
     2384.446495424291	 1.065807E-18         
     2387.072795341097	 1.071078E-18         
     2389.699095257902	 9.959091E-19         
     2392.325395174708	 9.548456E-19         
     2394.951695091513	 1.056794E-18         
     2397.577995008318	 1.128138E-18         
     2400.204294925124	 1.062766E-18         
     2402.830594841929	 1.030376E-18         
     2405.456894758734	 1.081183E-18         
      2408.08319467554	 1.097745E-18         
     2410.709494592344	 1.060573E-18         
      2413.33579450915	 1.018642E-18         
     2415.962094425955	 1.003424E-18         
      2418.58839434276	 9.917813E-19         
     2421.214694259566	 9.857027E-19         
     2423.840994176371	 1.033955E-18         
     2426.467294093176	 1.126876E-18         
     2429.093594009982	 1.141720E-18         
     2431.719893926787	 9.902138E-19         
     2434.346193843592	 8.591974E-19         
     2436.972493760397	 8.677865E-19         
     2439.598793677203	 9.565505E-19         
     2442.225093594008	 1.111579E-18         
     2444.851393510814	 1.215616E-18         
     2447.477693427619	 1.132886E-18         
     2450.103993344424	 9.786776E-19         
     2452.730293261229	 9.148800E-19         
     2455.356593178034	 9.766909E-19         
      2457.98289309484	 1.105736E-18         
     2460.609193011646	 1.228850E-18         
     2463.235492928451	 1.301708E-18         
     2465.861792845256	 1.273945E-18         
     2468.488092762061	 1.190190E-18         
     2471.114392678867	 1.105819E-18         
     2473.740692595672	 9.960996E-19         
     2476.366992512477	 8.622059E-19         
     2478.993292429283	 7.276768E-19         
     2481.619592346088	 6.885664E-19         
     2484.245892262893	 8.136930E-19         
     2486.872192179698	 9.514291E-19         
     2489.498492096504	 1.041490E-18         
     2492.124792013309	 1.187148E-18         
     2494.751091930114	 1.326675E-18         
      2497.37739184692	 1.362823E-18         
     2500.003691763725	 1.295070E-18         
      2502.62999168053	 1.195332E-18         
     2505.256291597335	 1.149443E-18         
      2507.88259151414	 1.123724E-18         
     2510.508891430946	 1.104568E-18         
     2513.135191347751	 1.133448E-18         
     2515.761491264556	 1.151086E-18         
     2518.387791181362	 1.127313E-18         
     2521.014091098167	 1.093716E-18         
     2523.640391014973	 1.015163E-18         
     2526.266690931779	 9.173111E-19         
     2528.892990848583	 9.537467E-19         
     2531.519290765388	 1.113700E-18         
     2534.145590682194	 1.145972E-18         
     2536.771890598999	 9.667822E-19         
     2539.398190515804	 8.108803E-19         
      2542.02449043261	 8.300028E-19         
     2544.650790349415	 9.426260E-19         
      2547.27709026622	 1.023626E-18         
     2549.903390183025	 1.044454E-18         
     2552.529690099831	 1.090650E-18         
     2555.155990016636	 1.107982E-18         
     2557.782289933441	 1.002388E-18         
     2560.408589850247	 9.582888E-19         
     2563.034889767052	 1.078665E-18         
     2565.661189683857	 1.056358E-18         
     2568.287489600663	 8.401174E-19         
     2570.913789517468	 7.789290E-19         
     2573.540089434274	 7.929368E-19         
     2576.166389351079	 8.758981E-19         
     2578.792689267884	 9.434890E-19         
     2581.418989184689	 9.273949E-19         
     2584.045289101494	 8.816315E-19         
     2586.671589018299	 8.610465E-19         
     2589.297888935105	 8.522606E-19         
      2591.92418885191	 8.833610E-19         
     2594.550488768716	 9.404177E-19         
     2597.176788685521	 8.917660E-19         
     2599.803088602326	 7.370751E-19         
     2602.429388519131	 6.763783E-19         
     2605.055688435937	 8.155461E-19         
     2607.681988352742	 9.838419E-19         
     2610.308288269548	 1.007804E-18         
     2612.934588186353	 9.400699E-19         
     2615.560888103158	 8.927857E-19         
     2618.187188019964	 8.931022E-19         
     2620.813487936768	 9.281708E-19         
     2623.439787853574	 9.769650E-19         
     2626.066087770379	 1.034155E-18         
     2628.692387687185	 1.073755E-18         
      2631.31868760399	 1.060295E-18         
     2633.944987520795	 1.006131E-18         
       2636.5712874376	 9.853066E-19         
     2639.197587354406	 1.038739E-18         
     2641.823887271211	 1.100829E-18         
     2644.450187188016	 1.112096E-18         
     2647.076487104822	 1.104347E-18         
     2649.702787021627	 1.126193E-18         
     2652.329086938433	 1.203965E-18         
     2654.955386855237	 1.290411E-18         
     2657.581686772043	 1.292908E-18         
     2660.207986688849	 1.230434E-18         
     2662.834286605654	 1.211441E-18         
     2665.460586522458	 1.262472E-18         
     2668.086886439264	 1.296869E-18         
      2670.71318635607	 1.255361E-18         
     2673.339486272874	 1.202214E-18         
      2675.96578618968	 1.206226E-18         
     2678.592086106485	 1.264543E-18         
      2681.21838602329	 1.331559E-18         
     2683.844685940095	 1.325679E-18         
     2686.470985856901	 1.212809E-18         
     2689.097285773706	 1.134692E-18         
     2691.723585690512	 1.218791E-18         
     2694.349885607318	 1.322652E-18         
     2696.976185524122	 1.297394E-18         
     2699.602485440927	 1.213126E-18         
     2702.228785357733	 1.156519E-18         
     2704.855085274538	 1.120569E-18         
     2707.481385191345	 1.118767E-18         
     2710.107685108149	 1.131581E-18         
     2712.733985024954	 1.107729E-18         
     2715.360284941759	 1.115528E-18         
     2717.986584858564	 1.220040E-18         
      2720.61288477537	 1.324996E-18         
     2723.239184692175	 1.356226E-18         
     2725.865484608981	 1.341125E-18         
     2728.491784525786	 1.328565E-18         
     2731.118084442591	 1.335788E-18         
     2733.744384359397	 1.302709E-18         
     2736.370684276202	 1.224915E-18         
     2738.996984193007	 1.176078E-18         
     2741.623284109812	 1.121793E-18         
     2744.249584026618	 1.054032E-18         
     2746.875883943423	 1.095075E-18         
     2749.502183860228	 1.238066E-18         
     2752.128483777034	 1.335086E-18         
     2754.754783693839	 1.311578E-18         
     2757.381083610644	 1.226663E-18         
     2760.007383527449	 1.174642E-18         
     2762.633683444255	 1.207183E-18         
      2765.25998336106	 1.289404E-18         
     2767.886283277865	 1.337159E-18         
     2770.512583194671	 1.344755E-18         
     2773.138883111476	 1.355907E-18         
     2775.765183028282	 1.324846E-18         
     2778.391482945086	 1.233841E-18         
     2781.017782861892	 1.196295E-18         
     2783.644082778697	 1.271086E-18         
     2786.270382695503	 1.331905E-18         
     2788.896682612308	 1.225126E-18         
     2791.522982529113	 9.977768E-19         
     2794.149282445918	 8.192731E-19         
     2796.775582362724	 7.237410E-19         
     2799.401882279529	 6.671726E-19         
     2802.028182196334	 7.240444E-19         
      2804.65448211314	 9.217469E-19         
     2807.280782029945	 1.116412E-18         
      2809.90708194675	 1.233652E-18         
     2812.533381863556	 1.301788E-18         
     2815.159681780361	 1.303813E-18         
     2817.785981697166	 1.270141E-18         
     2820.412281613972	 1.298327E-18         
     2823.038581530777	 1.387282E-18         
     2825.664881447582	 1.453171E-18         
     2828.291181364388	 1.452905E-18         
     2830.917481281193	 1.396043E-18         
     2833.543781197998	 1.331774E-18         
     2836.170081114803	 1.319437E-18         
     2838.796381031609	 1.366105E-18         
     2841.422680948414	 1.396091E-18         
      2844.04898086522	 1.354594E-18         
     2846.675280782024	 1.320526E-18         
      2849.30158069883	 1.371734E-18         
     2851.927880615635	 1.417868E-18         
      2854.55418053244	 1.385246E-18         
     2857.180480449245	 1.329030E-18         
     2859.806780366051	 1.326849E-18         
     2862.433080282857	 1.389757E-18         
     2865.059380199662	 1.485380E-18         
     2867.685680116467	 1.544007E-18         
     2870.311980033272	 1.546873E-18         
     2872.938279950078	 1.552267E-18         
     2875.564579866883	 1.559237E-18         
     2878.190879783689	 1.565470E-18         
     2880.817179700494	 1.562441E-18         
     2883.443479617299	 1.522903E-18         
     2886.069779534103	 1.471168E-18         
     2888.696079450909	 1.469488E-18         
     2891.322379367715	 1.503600E-18         
     2893.948679284519	 1.520249E-18         
     2896.574979201325	 1.543257E-18         
      2899.20127911813	 1.591850E-18         
     2901.827579034936	 1.649024E-18         
     2904.453878951741	 1.713556E-18         
     2907.080178868546	 1.769827E-18         
     2909.706478785352	 1.766898E-18         
     2912.332778702157	 1.716129E-18         
     2914.959078618963	 1.684727E-18         
     2917.585378535767	 1.691295E-18         
     2920.211678452573	 1.713022E-18         
     2922.837978369378	 1.715712E-18         
     2925.464278286184	 1.670093E-18         
     2928.090578202988	 1.634368E-18         
     2930.716878119794	 1.639237E-18         
     2933.343178036599	 1.625377E-18         
     2935.969477953405	 1.607094E-18         
      2938.59577787021	 1.644219E-18         
     2941.222077787015	 1.719918E-18         
     2943.848377703821	 1.748807E-18         
     2946.474677620626	 1.736890E-18         
     2949.100977537431	 1.752570E-18         
     2951.727277454236	 1.791810E-18         
     2954.353577371042	 1.821544E-18         
     2956.979877287848	 1.816035E-18         
     2959.606177204652	 1.753732E-18         
     2962.232477121457	 1.684275E-18         
     2964.858777038263	 1.675054E-18         
     2967.485076955068	 1.707526E-18         
     2970.111376871873	 1.737014E-18         
     2972.737676788679	 1.744052E-18         
     2975.363976705484	 1.729528E-18         
     2977.990276622289	 1.700750E-18         
     2980.616576539095	 1.692103E-18         
       2983.2428764559	 1.704726E-18         
     2985.869176372705	 1.720733E-18         
     2988.495476289511	 1.716709E-18         
     2991.121776206316	 1.670073E-18         
     2993.748076123121	 1.636038E-18         
     2996.374376039927	 1.658124E-18         
     2999.000675956732	 1.667868E-18         
     3001.626975873537	 1.650684E-18         
     3004.253275790342	 1.629887E-18         
     3006.879575707148	 1.634788E-18         
     3009.505875623954	 1.688148E-18         
     3012.132175540759	 1.759960E-18         
     3014.758475457564	 1.791306E-18         
     3017.384775374369	 1.777086E-18         
     3020.011075291174	 1.762851E-18         
     3022.637375207979	 1.779979E-18         
     3025.263675124785	 1.819075E-18         
      3027.88997504159	 1.884475E-18         
     3030.516274958396	 1.977521E-18         
     3033.142574875201	 2.067946E-18         
     3035.768874792006	 2.107786E-18         
     3038.395174708811	 2.099836E-18         
     3041.021474625617	 2.064647E-18         
     3043.647774542423	 2.018517E-18         
     3046.274074459227	 1.994554E-18         
     3048.900374376033	 2.012002E-18         
     3051.526674292838	 2.055444E-18         
     3054.152974209643	 2.065256E-18         
     3056.779274126449	 2.004025E-18         
     3059.405574043254	 1.954065E-18         
     3062.031873960059	 1.966367E-18         
     3064.658173876864	 1.975755E-18         
     3067.284473793669	 1.965674E-18         
     3069.910773710475	 2.005394E-18         
     3072.537073627281	 2.092899E-18         
     3075.163373544085	 2.155164E-18         
     3077.789673460891	 2.149605E-18         
     3080.415973377696	 2.084657E-18         
     3083.042273294501	 2.008320E-18         
     3085.668573211307	 1.977249E-18         
     3088.294873128112	 1.972194E-18         
     3090.921173044918	 1.957996E-18         
     3093.547472961723	 1.944566E-18         
     3096.173772878528	 1.953990E-18         
     3098.800072795333	 2.008583E-18         
     3101.426372712138	 2.070897E-18         
     3104.052672628943	 2.090368E-18         
      3106.67897254575	 2.102743E-18         
     3109.305272462554	 2.123068E-18         
      3111.93157237936	 2.102027E-18         
     3114.557872296165	 2.058826E-18         
      3117.18417221297	 2.068817E-18         
     3119.810472129775	 2.114713E-18         
     3122.436772046581	 2.135629E-18         
     3125.063071963387	 2.109954E-18         
     3127.689371880192	 2.040086E-18         
     3130.315671796997	 1.981200E-18         
     3132.941971713802	 1.997403E-18         
     3135.568271630608	 2.067315E-18         
     3138.194571547412	 2.137925E-18         
     3140.820871464218	 2.183932E-18         
     3143.447171381023	 2.180396E-18         
     3146.073471297829	 2.122149E-18         
     3148.699771214634	 2.043249E-18         
     3151.326071131439	 1.987205E-18         
     3153.952371048244	 1.989476E-18         
      3156.57867096505	 2.045960E-18         
     3159.204970881855	 2.094410E-18         
      3161.83127079866	 2.089700E-18         
     3164.457570715466	 2.070052E-18         
     3167.083870632271	 2.110251E-18         
     3169.710170549077	 2.149568E-18         
     3172.336470465881	 2.135029E-18         
     3174.962770382687	 2.132226E-18         
     3177.589070299493	 2.176330E-18         
     3180.215370216298	 2.223638E-18         
     3182.841670133103	 2.213128E-18         
     3185.467970049908	 2.165371E-18         
     3188.094269966714	 2.144790E-18         
     3190.720569883518	 2.175803E-18         
     3193.346869800324	 2.245909E-18         
     3195.973169717129	 2.325836E-18         
     3198.599469633935	 2.377569E-18         
      3201.22576955074	 2.388084E-18         
     3203.852069467545	 2.370708E-18         
      3206.47836938435	 2.360872E-18         
     3209.104669301156	 2.354704E-18         
     3211.730969217962	 2.307262E-18         
     3214.357269134767	 2.253150E-18         
     3216.983569051572	 2.243079E-18         
     3219.609868968377	 2.227555E-18         
     3222.236168885182	 2.144119E-18         
     3224.862468801989	 2.048995E-18         
     3227.488768718793	 2.027279E-18         
     3230.115068635599	 2.067153E-18         
     3232.741368552404	 2.100576E-18         
     3235.367668469208	 2.098444E-18         
     3237.993968386014	 2.079446E-18         
      3240.62026830282	 2.097572E-18         
     3243.246568219626	 2.200529E-18         
      3245.87286813643	 2.338832E-18         
     3248.499168053235	 2.435995E-18         
      3251.12546797004	 2.491026E-18         
     3253.751767886846	 2.507895E-18         
     3256.378067803651	 2.507119E-18         
     3259.004367720457	 2.555270E-18         
     3261.630667637262	 2.646524E-18         
     3264.256967554067	 2.662747E-18         
     3266.883267470872	 2.576646E-18         
     3269.509567387678	 2.504890E-18         
     3272.135867304483	 2.519453E-18         
     3274.762167221288	 2.559925E-18         
     3277.388467138094	 2.545329E-18         
     3280.014767054899	 2.518700E-18         
     3282.641066971704	 2.570069E-18         
     3285.267366888509	 2.655924E-18         
     3287.893666805315	 2.721660E-18         
      3290.51996672212	 2.770022E-18         
     3293.146266638926	 2.782643E-18         
     3295.772566555731	 2.760690E-18         
     3298.398866472536	 2.774296E-18         
     3301.025166389341	 2.823758E-18         
     3303.651466306147	 2.829033E-18         
     3306.277766222953	 2.767690E-18         
     3308.904066139757	 2.702353E-18         
     3311.530366056562	 2.677871E-18         
     3314.156665973368	 2.665909E-18         
     3316.782965890174	 2.683863E-18         
     3319.409265806978	 2.746083E-18         
     3322.035565723784	 2.790270E-18         
     3324.661865640589	 2.767395E-18         
     3327.288165557394	 2.696571E-18         
     3329.914465474199	 2.622708E-18         
     3332.540765391005	 2.563772E-18         
      3335.16706530781	 2.528483E-18         
     3337.793365224616	 2.555606E-18         
     3340.419665141421	 2.638119E-18         
     3343.045965058226	 2.705793E-18         
     3345.672264975032	 2.720659E-18         
     3348.298564891837	 2.683613E-18         
     3350.924864808642	 2.624509E-18         
     3353.551164725447	 2.582957E-18         
     3356.177464642253	 2.560412E-18         
     3358.803764559057	 2.551904E-18         
     3361.430064475864	 2.571730E-18         
     3364.056364392668	 2.582091E-18         
     3366.682664309474	 2.568659E-18         
     3369.308964226279	 2.592139E-18         
     3371.935264143084	 2.649133E-18         
      3374.56156405989	 2.660472E-18         
     3377.187863976695	 2.628819E-18         
     3379.814163893501	 2.650649E-18         
     3382.440463810306	 2.731851E-18         
     3385.066763727111	 2.788985E-18         
     3387.693063643916	 2.815013E-18         
     3390.319363560722	 2.826356E-18         
     3392.945663477528	 2.821812E-18         
     3395.571963394333	 2.798804E-18         
     3398.198263311138	 2.783515E-18         
     3400.824563227943	 2.816545E-18         
     3403.450863144748	 2.900977E-18         
     3406.077163061553	 2.981938E-18         
     3408.703462978359	 2.980675E-18         
     3411.329762895165	 2.905598E-18         
      3413.95606281197	 2.854043E-18         
     3416.582362728774	 2.856788E-18         
      3419.20866264558	 2.868813E-18         
     3421.834962562385	 2.883605E-18         
      3424.46126247919	 2.943523E-18         
     3427.087562395995	 3.017633E-18         
     3429.713862312801	 3.019796E-18         
     3432.340162229606	 2.931878E-18         
     3434.966462146411	 2.829519E-18         
     3437.592762063217	 2.801174E-18         
     3440.219061980022	 2.817731E-18         
     3442.845361896828	 2.800551E-18         
     3445.471661813632	 2.787965E-18         
     3448.097961730438	 2.829591E-18         
     3450.724261647243	 2.859087E-18         
     3453.350561564049	 2.826065E-18         
     3455.976861480854	 2.772324E-18         
     3458.603161397659	 2.760753E-18         
     3461.229461314465	 2.793534E-18         
      3463.85576123127	 2.837644E-18         
     3466.482061148075	 2.884368E-18         
     3469.108361064881	 2.905972E-18         
     3471.734660981686	 2.895620E-18         
     3474.360960898492	 2.904631E-18         
     3476.987260815297	 2.929456E-18         
     3479.613560732101	 2.927318E-18         
     3482.239860648908	 2.902844E-18         
     3484.866160565712	 2.886721E-18         
     3487.492460482519	 2.886952E-18         
     3490.118760399323	 2.872252E-18         
     3492.745060316128	 2.845361E-18         
     3495.371360232933	 2.865492E-18         
      3497.99766014974	 2.942771E-18         
     3500.623960066544	 3.006089E-18         
     3503.250259983349	 2.982464E-18         
     3505.876559900155	 2.902554E-18         
      3508.50285981696	 2.875810E-18         
     3511.129159733765	 2.875352E-18         
     3513.755459650571	 2.842377E-18         
     3516.381759567376	 2.835961E-18         
     3519.008059484181	 2.851948E-18         
     3521.634359400986	 2.851975E-18         
     3524.260659317791	 2.873138E-18         
     3526.886959234598	 2.902093E-18         
     3529.513259151403	 2.896144E-18         
     3532.139559068208	 2.887647E-18         
     3534.765858985013	 2.949389E-18         
     3537.392158901818	 3.056771E-18         
     3540.018458818623	 3.086633E-18         
     3542.644758735429	 3.006852E-18         
     3545.271058652234	 2.899533E-18         
      3547.89735856904	 2.835816E-18         
     3550.523658485845	 2.892029E-18         
      3553.14995840265	 3.050044E-18         
     3555.776258319455	 3.142851E-18         
     3558.402558236261	 3.108471E-18         
     3561.028858153067	 3.026666E-18         
     3563.655158069872	 2.923520E-18         
     3566.281457986677	 2.817213E-18         
     3568.907757903482	 2.776174E-18         
     3571.534057820287	 2.798279E-18         
     3574.160357737092	 2.820675E-18         
     3576.786657653898	 2.778731E-18         
     3579.412957570704	 2.690073E-18         
     3582.039257487509	 2.655831E-18         
     3584.665557404314	 2.711510E-18         
     3587.291857321119	 2.819351E-18         
     3589.918157237925	 2.941626E-18         
     3592.544457154729	 3.047483E-18         
     3595.170757071535	 3.085358E-18         
      3597.79705698834	 3.068665E-18         
     3600.423356905145	 3.079100E-18         
      3603.04965682195	 3.122873E-18         
     3605.675956738756	 3.129422E-18         
     3608.302256655561	 3.127893E-18         
     3610.928556572367	 3.181593E-18         
     3613.554856489172	 3.238294E-18         
     3616.181156405977	 3.241988E-18         
     3618.807456322783	 3.223006E-18         
     3621.433756239588	 3.231249E-18         
     3624.060056156394	 3.261777E-18         
     3626.686356073198	 3.273573E-18         
     3629.312655990004	 3.261412E-18         
     3631.938955906809	 3.256126E-18         
     3634.565255823615	 3.219181E-18         
     3637.191555740419	 3.167363E-18         
     3639.817855657225	 3.223389E-18         
     3642.444155574031	 3.353521E-18         
     3645.070455490836	 3.391697E-18         
     3647.696755407641	 3.350579E-18         
     3650.323055324447	 3.418818E-18         
     3652.949355241252	 3.581338E-18         
     3655.575655158056	 3.650261E-18         
     3658.201955074862	 3.616951E-18         
     3660.828254991667	 3.597463E-18         
     3663.454554908473	 3.611750E-18         
     3666.080854825279	 3.597406E-18         
     3668.707154742083	 3.537423E-18         
     3671.333454658888	 3.511450E-18         
     3673.959754575694	 3.594235E-18         
     3676.586054492499	 3.690711E-18         
     3679.212354409304	 3.681733E-18         
      3681.83865432611	 3.609484E-18         
     3684.464954242915	 3.534736E-18         
     3687.091254159721	 3.488858E-18         
     3689.717554076525	 3.527431E-18         
     3692.343853993331	 3.612120E-18         
     3694.970153910137	 3.631649E-18         
     3697.596453826943	 3.599142E-18         
     3700.222753743747	 3.585093E-18         
     3702.849053660552	 3.608878E-18         
     3705.475353577357	 3.666111E-18         
     3708.101653494162	 3.677517E-18         
     3710.727953410968	 3.595408E-18         
     3713.354253327773	 3.556001E-18         
     3715.980553244579	 3.662455E-18         
     3718.606853161384	 3.809780E-18         
     3721.233153078189	 3.845493E-18         
     3723.859452994994	 3.749589E-18         
       3726.4857529118	 3.681203E-18         
     3729.112052828606	 3.740408E-18         
     3731.738352745411	 3.769206E-18         
     3734.364652662216	 3.664238E-18         
     3736.990952579021	 3.594534E-18         
     3739.617252495826	 3.564480E-18         
     3742.243552412633	 3.419203E-18         
     3744.869852329437	 3.425741E-18         
     3747.496152246243	 3.492862E-18         
     3750.122452163048	 3.622386E-18         
     3752.748752079852	 3.763411E-18         
     3755.375051996658	 3.864209E-18         
     3758.001351913464	 3.904445E-18         
      3760.62765183027	 3.898624E-18         
     3763.253951747074	 3.873293E-18         
     3765.880251663879	 3.832889E-18         
     3768.506551580684	 3.791066E-18         
      3771.13285149749	 3.790420E-18         
     3773.759151414295	 3.875981E-18         
     3776.385451331101	 4.006682E-18         
     3779.011751247906	 4.116743E-18         
     3781.638051164711	 4.186669E-18         
     3784.264351081517	 4.232397E-18         
     3786.890650998322	 4.208426E-18         
     3789.516950915127	 4.101435E-18         
     3792.143250831933	 3.948363E-18         
     3794.769550748738	 3.809187E-18         
     3797.395850665543	 3.724601E-18         
     3800.022150582348	 3.715423E-18         
     3802.648450499154	 3.777972E-18         
     3805.274750415959	 3.888843E-18         
     3807.901050332764	 4.017798E-18         
      3810.52735024957	 4.144770E-18         
     3813.153650166375	 4.186782E-18         
      3815.77995008318	 4.097317E-18         
     3818.406249999986	 3.925485E-18         
     3821.032549916791	 3.735763E-18         
     3823.658849833597	 3.547998E-18         
     3826.285149750401	 3.346942E-18         
     3828.911449667206	 3.140552E-18         
     3831.537749584012	 2.995627E-18         
     3834.164049500818	 2.911988E-18         
     3836.790349417622	 2.885998E-18         
     3839.416649334428	 2.953453E-18         
     3842.042949251233	 3.152228E-18         
     3844.669249168038	 3.388414E-18         
     3847.295549084843	 3.552472E-18         
     3849.921849001649	 3.618622E-18         
     3852.548148918454	 3.640448E-18         
      3855.17444883526	 3.644446E-18         
     3857.800748752065	 3.662685E-18         
      3860.42704866887	 3.707441E-18         
     3863.053348585676	 3.757592E-18         
     3865.679648502481	 3.779061E-18         
     3868.305948419287	 3.795000E-18         
     3870.932248336091	 3.832515E-18         
     3873.558548252897	 3.868335E-18         
     3876.184848169701	 3.847454E-18         
     3878.811148086508	 3.812466E-18         
     3881.437448003312	 3.821758E-18         
     3884.063747920118	 3.870926E-18         
     3886.690047836923	 3.903851E-18         
     3889.316347753728	 3.915301E-18         
     3891.942647670534	 3.958477E-18         
     3894.568947587339	 4.058187E-18         
     3897.195247504145	 4.190281E-18         
      3899.82154742095	 4.328979E-18         
     3902.447847337755	 4.478634E-18         
      3905.07414725456	 4.626696E-18         
     3907.700447171366	 4.749852E-18         
     3910.326747088172	 4.833160E-18         
     3912.953047004977	 4.853000E-18         
     3915.579346921782	 4.759712E-18         
     3918.205646838587	 4.530663E-18         
     3920.831946755392	 4.217098E-18         
     3923.458246672197	 3.926425E-18         
     3926.084546589003	 3.652071E-18         
     3928.710846505809	 3.367609E-18         
     3931.337146422614	 3.109705E-18         
     3933.963446339418	 2.975027E-18         
     3936.589746256224	 3.018719E-18         
     3939.216046173029	 3.228628E-18         
     3941.842346089834	 3.550660E-18         
      3944.46864600664	 3.914361E-18         
     3947.094945923445	 4.220126E-18         
      3949.72124584025	 4.414427E-18         
     3952.347545757056	 4.481684E-18         
     3954.973845673861	 4.416137E-18         
     3957.600145590666	 4.213187E-18         
     3960.226445507472	 3.913954E-18         
     3962.852745424276	 3.580729E-18         
     3965.479045341083	 3.290448E-18         
     3968.105345257887	 3.139847E-18         
     3970.731645174693	 3.220629E-18         
     3973.357945091498	 3.515282E-18         
     3975.984245008303	 3.936915E-18         
     3978.610544925109	 4.404384E-18         
     3981.236844841914	 4.843842E-18         
     3983.863144758719	 5.201714E-18         
     3986.489444675525	 5.463191E-18         
      3989.11574459233	 5.653736E-18         
     3991.742044509136	 5.814036E-18         
     3994.368344425941	 5.950908E-18         
     3996.994644342745	 6.044391E-18         
     3999.620944259552	 6.096353E-18         
     4002.247244176357	 6.156897E-18         
     4004.873544093163	 6.232076E-18         
     4007.499844009966	 6.294384E-18         
     4010.126143926772	 6.316174E-18         
     4012.752443843577	 6.303433E-18         
     4015.378743760384	 6.306626E-18         
     4018.005043677187	 6.357835E-18         
     4020.631343593993	 6.427580E-18         
     4023.257643510799	 6.463653E-18         
     4025.883943427604	 6.480479E-18         
      4028.51024334441	 6.499858E-18         
     4031.136543261214	 6.521462E-18         
     4033.762843178021	 6.522993E-18         
     4036.389143094824	 6.481298E-18         
      4039.01544301163	 6.392628E-18         
     4041.641742928436	 6.295734E-18         
     4044.268042845241	 6.237747E-18         
     4046.894342762047	 6.242103E-18         
     4049.520642678851	 6.320241E-18         
     4052.146942595657	 6.409685E-18         
     4054.773242512463	 6.434084E-18         
     4057.399542429268	 6.365188E-18         
     4060.025842346074	 6.233449E-18         
     4062.652142262878	 6.077494E-18         
     4065.278442179684	 5.971273E-18         
      4067.90474209649	 5.981747E-18         
     4070.531042013294	 6.093744E-18         
     4073.157341930099	 6.197729E-18         
     4075.783641846905	 6.233207E-18         
     4078.409941763711	 6.237368E-18         
     4081.036241680516	 6.287787E-18         
     4083.662541597322	 6.376735E-18         
     4086.288841514126	 6.449971E-18         
     4088.915141430931	 6.438331E-18         
     4091.541441347736	 6.309433E-18         
     4094.167741264541	 6.115903E-18         
     4096.794041181348	 5.961137E-18         
     4099.420341098153	 5.854260E-18         
     4102.046641014957	 5.761207E-18         
     4104.672940931763	 5.723053E-18         
     4107.299240848568	 5.779023E-18         
     4109.925540765374	 5.905718E-18         
      4112.55184068218	 6.028158E-18         
     4115.178140598984	 6.084259E-18         
      4117.80444051579	 6.099402E-18         
     4120.430740432594	 6.130779E-18         
     4123.057040349401	 6.176937E-18         
     4125.683340266206	 6.196814E-18         
     4128.309640183011	 6.214474E-18         
     4130.935940099816	 6.293639E-18         
     4133.562240016621	 6.346647E-18         
     4136.188539933426	 6.294296E-18         
     4138.814839850232	 6.259232E-18         
     4141.441139767038	 6.259645E-18         
     4144.067439683841	 6.260363E-18         
     4146.693739600648	 6.255388E-18         
     4149.320039517453	 6.285042E-18         
     4151.946339434259	 6.348447E-18         
     4154.572639351065	 6.374669E-18         
     4157.198939267868	 6.343629E-18         
     4159.825239184675	 6.319566E-18         
     4162.451539101478	 6.355353E-18         
     4165.077839018286	 6.384152E-18         
     4167.704138935091	 6.352252E-18         
     4170.330438851896	 6.274802E-18         
     4172.956738768702	 6.199275E-18         
     4175.583038685505	 6.132032E-18         
     4178.209338602311	 6.068094E-18         
     4180.835638519117	 6.043401E-18         
     4183.461938435923	 6.112863E-18         
     4186.088238352729	 6.235129E-18         
     4188.714538269532	 6.331191E-18         
     4191.340838186338	 6.380359E-18         
     4193.967138103143	 6.404542E-18         
     4196.593438019949	 6.382986E-18         
     4199.219737936753	 6.351379E-18         
      4201.84603785356	 6.349679E-18         
     4204.472337770365	 6.387089E-18         
     4207.098637687169	 6.444787E-18         
     4209.724937603976	 6.512366E-18         
      4212.35123752078	 6.570163E-18         
     4214.977537437587	 6.599490E-18         
      4217.60383735439	 6.586724E-18         
     4220.230137271196	 6.511277E-18         
     4222.856437188002	 6.406637E-18         
     4225.482737104807	 6.322986E-18         
     4228.109037021613	 6.293011E-18         
     4230.735336938417	 6.325843E-18         
     4233.361636855223	 6.409318E-18         
     4235.987936772028	 6.523317E-18         
     4238.614236688834	 6.630610E-18         
      4241.24053660564	 6.682318E-18         
     4243.866836522444	 6.680651E-18         
      4246.49313643925	 6.636864E-18         
     4249.119436356055	 6.588754E-18         
     4251.745736272861	 6.587670E-18         
     4254.372036189665	 6.626977E-18         
      4256.99833610647	 6.670591E-18         
     4259.624636023277	 6.687065E-18         
      4262.25093594008	 6.673208E-18         
     4264.877235856888	 6.651901E-18         
     4267.503535773692	 6.629463E-18         
     4270.129835690497	 6.567082E-18         
     4272.756135607302	 6.447156E-18         
     4275.382435524107	 6.331238E-18         
     4278.008735440913	 6.287561E-18         
     4280.635035357718	 6.277160E-18         
     4283.261335274525	 6.242348E-18         
     4285.887635191328	 6.184609E-18         
     4288.513935108134	 6.121165E-18         
     4291.140235024938	 6.040092E-18         
     4293.766534941745	 5.922013E-18         
      4296.39283485855	 5.775121E-18         
     4299.019134775355	 5.647575E-18         
      4301.64543469216	 5.576399E-18         
     4304.271734608965	 5.576748E-18         
     4306.898034525771	 5.641944E-18         
     4309.524334442577	 5.760870E-18         
     4312.150634359382	 5.954125E-18         
     4314.776934276187	 6.192969E-18         
     4317.403234192992	 6.404059E-18         
     4320.029534109798	 6.537956E-18         
     4322.655834026604	 6.642197E-18         
     4325.282133943409	 6.729599E-18         
     4327.908433860214	 6.778587E-18         
     4330.534733777019	 6.788821E-18         
     4333.161033693825	 6.807271E-18         
      4335.78733361063	 6.780860E-18         
     4338.413633527436	 6.699848E-18         
     4341.039933444241	 6.635531E-18         
     4343.666233361046	 6.671095E-18         
      4346.29253327785	 6.785686E-18         
     4348.918833194656	 6.909791E-18         
     4351.545133111462	 7.002452E-18         
     4354.171433028267	 7.091475E-18         
     4356.797732945073	 7.236737E-18         
     4359.424032861877	 7.355259E-18         
     4362.050332778683	 7.401842E-18         
     4364.676632695488	 7.411662E-18         
     4367.302932612294	 7.400979E-18         
     4369.929232529099	 7.370726E-18         
     4372.555532445904	 7.297369E-18         
     4375.181832362709	 7.195283E-18         
     4377.808132279514	 7.140795E-18         
     4380.434432196319	 7.162969E-18         
     4383.060732113125	 7.236850E-18         
     4385.687032029931	 7.308575E-18         
     4388.313331946735	 7.339808E-18         
     4390.939631863541	 7.342528E-18         
     4393.565931780346	 7.319668E-18         
     4396.192231697152	 7.280757E-18         
     4398.818531613956	 7.249969E-18         
     4401.444831530762	 7.255623E-18         
     4404.071131447568	 7.317692E-18         
     4406.697431364372	 7.389518E-18         
     4409.323731281179	 7.400860E-18         
     4411.950031197983	 7.352626E-18         
     4414.576331114789	 7.379857E-18         
     4417.202631031595	 7.529699E-18         
       4419.8289309484	 7.719839E-18         
     4422.455230865204	 7.834316E-18         
      4425.08153078201	 7.865480E-18         
     4427.707830698816	 7.847673E-18         
     4430.334130615619	 7.806396E-18         
     4432.960430532426	 7.751480E-18         
     4435.586730449231	 7.702902E-18         
     4438.213030366036	 7.707731E-18         
     4440.839330282841	 7.776674E-18         
     4443.465630199646	 7.871101E-18         
     4446.091930116453	 7.938758E-18         
     4448.718230033257	 7.972860E-18         
     4451.344529950062	 7.968255E-18         
     4453.970829866868	 7.916419E-18         
     4456.597129783673	 7.813268E-18         
      4459.22342970048	 7.671875E-18         
     4461.849729617283	 7.563150E-18         
     4464.476029534089	 7.548565E-18         
     4467.102329450894	 7.641430E-18         
     4469.728629367699	 7.815471E-18         
     4472.354929284504	 8.042259E-18         
      4474.98122920131	 8.239590E-18         
     4477.607529118116	 8.328998E-18         
     4480.233829034921	 8.318128E-18         
     4482.860128951726	 8.311122E-18         
     4485.486428868531	 8.351665E-18         
     4488.112728785337	 8.393920E-18         
     4490.739028702143	 8.375894E-18         
     4493.365328618948	 8.324835E-18         
     4495.991628535753	 8.303143E-18         
     4498.617928452558	 8.346188E-18         
     4501.244228369364	 8.455456E-18         
     4503.870528286169	 8.612366E-18         
     4506.496828202974	 8.729407E-18         
      4509.12312811978	 8.774744E-18         
     4511.749428036585	 8.753648E-18         
     4514.375727953391	 8.674508E-18         
     4517.002027870196	 8.598023E-18         
     4519.628327787001	 8.534874E-18         
     4522.254627703806	 8.468041E-18         
     4524.880927620611	 8.395279E-18         
     4527.507227537418	 8.335033E-18         
     4530.133527454221	 8.240743E-18         
     4532.759827371028	 8.110008E-18         
     4535.386127287831	 8.010923E-18         
     4538.012427204638	 8.008519E-18         
     4540.638727121443	 8.050976E-18         
     4543.265027038248	 8.085320E-18         
     4545.891326955054	 8.134910E-18         
     4548.517626871858	 8.258440E-18         
     4551.143926788665	 8.394366E-18         
     4553.770226705468	 8.533390E-18         
     4556.396526622275	 8.680777E-18         
      4559.02282653908	 8.802627E-18         
     4561.649126455885	 8.841502E-18         
     4564.275426372691	 8.841100E-18         
     4566.901726289495	 8.896064E-18         
     4569.528026206301	 8.999380E-18         
     4572.154326123107	 8.997880E-18         
     4574.780626039912	 8.920423E-18         
     4577.406925956718	 8.832618E-18         
     4580.033225873522	 8.766755E-18         
     4582.659525790328	 8.729145E-18         
     4585.285825707134	 8.747260E-18         
     4587.912125623939	 8.758858E-18         
     4590.538425540743	 8.712427E-18         
     4593.164725457549	 8.622725E-18         
     4595.791025374355	 8.532623E-18         
      4598.41732529116	 8.531603E-18         
     4601.043625207965	 8.658465E-18         
      4603.66992512477	 8.848461E-18         
     4606.296225041576	 8.972374E-18         
      4608.92252495838	 8.985066E-18         
     4611.548824875187	 8.951848E-18         
     4614.175124791992	 8.966951E-18         
     4616.801424708797	 9.050765E-18         
     4619.427724625601	 9.111779E-18         
     4622.054024542407	 9.114218E-18         
     4624.680324459212	 9.059660E-18         
     4627.306624376018	 8.960514E-18         
     4629.932924292824	 8.847462E-18         
     4632.559224209628	 8.755702E-18         
     4635.185524126434	 8.689153E-18         
     4637.811824043238	 8.649039E-18         
     4640.438123960045	 8.656402E-18         
      4643.06442387685	 8.665906E-18         
     4645.690723793655	 8.675542E-18         
      4648.31702371046	 8.689216E-18         
     4650.943323627265	 8.689422E-18         
      4653.56962354407	 8.702451E-18         
     4656.195923460876	 8.747368E-18         
     4658.822223377682	 8.743408E-18         
     4661.448523294487	 8.618137E-18         
     4664.074823211292	 8.504056E-18         
     4666.701123128097	 8.523505E-18         
     4669.327423044904	 8.643694E-18         
     4671.953722961709	 8.751355E-18         
     4674.580022878513	 8.803819E-18         
     4677.206322795319	 8.836259E-18         
     4679.832622712124	 8.866939E-18         
      4682.45892262893	 8.876751E-18         
     4685.085222545735	 8.850976E-18         
      4687.71152246254	 8.839016E-18         
     4690.337822379346	 8.872656E-18         
      4692.96412229615	 8.902133E-18         
     4695.590422212955	 8.879774E-18         
     4698.216722129762	 8.884840E-18         
     4700.843022046567	 8.920971E-18         
     4703.469321963373	 8.921657E-18         
     4706.095621880177	 8.854176E-18         
     4708.721921796982	 8.786116E-18         
     4711.348221713787	 8.773944E-18         
     4713.974521630593	 8.799497E-18         
     4716.600821547397	 8.801016E-18         
     4719.227121464204	 8.758773E-18         
     4721.853421381009	 8.764064E-18         
     4724.479721297813	 8.861731E-18         
      4727.10602121462	 8.974157E-18         
     4729.732321131424	 8.999791E-18         
     4732.358621048231	 8.974782E-18         
     4734.984920965034	 8.973422E-18         
      4737.61122088184	 9.010325E-18         
     4740.237520798646	 9.068032E-18         
     4742.863820715451	 9.149113E-18         
     4745.490120632257	 9.220945E-18         
     4748.116420549061	 9.283404E-18         
     4750.742720465867	 9.337428E-18         
     4753.369020382672	 9.358807E-18         
     4755.995320299478	 9.329333E-18         
     4758.621620216284	 9.258968E-18         
     4761.247920133088	 9.189411E-18         
     4763.874220049894	 9.160437E-18         
     4766.500519966699	 9.166463E-18         
     4769.126819883505	 9.169453E-18         
     4771.753119800309	 9.161842E-18         
     4774.379419717114	 9.178735E-18         
     4777.005719633921	 9.259716E-18         
     4779.632019550724	 9.183941E-18         
     4782.258319467532	 9.169202E-18         
     4784.884619384336	 9.136706E-18         
     4787.510919301142	 9.127864E-18         
     4790.137219217946	 9.121967E-18         
     4792.763519134751	 9.083577E-18         
     4795.389819051558	 9.078866E-18         
     4798.016118968362	 9.089473E-18         
     4800.642418885169	 9.001918E-18         
     4803.268718801972	 8.902190E-18         
     4805.895018718778	 8.977322E-18         
     4808.521318635582	 9.049158E-18         
     4811.147618552389	 9.104910E-18         
     4813.773918469194	 9.129099E-18         
     4816.400218385999	 9.123310E-18         
     4819.026518302804	 9.103152E-18         
     4821.652818219609	 9.076525E-18         
     4824.279118136415	 9.019482E-18         
     4826.905418053221	 8.932053E-18         
     4829.531717970026	 8.845496E-18         
     4832.158017886831	 8.790981E-18         
     4834.784317803636	 8.764178E-18         
     4837.410617720443	 8.750313E-18         
     4840.036917637248	 8.728664E-18         
     4842.663217554053	 8.678417E-18         
     4845.289517470858	 8.585633E-18         
     4847.915817387663	 8.450289E-18         
      4850.54211730447	 8.297177E-18         
     4853.168417221274	 8.167101E-18         
      4855.79471713808	 8.082172E-18         
     4858.421017054885	 8.010453E-18         
      4861.04731697169	 7.947999E-18         
     4863.673616888494	 7.910840E-18         
       4866.2999168053	 7.910145E-18         
     4868.926216722106	 7.938974E-18         
     4871.552516638911	 7.993162E-18         
     4874.178816555717	 8.073798E-18         
     4876.805116472521	 8.183479E-18         
     4879.431416389327	 8.312298E-18         
     4882.057716306132	 8.417049E-18         
     4884.684016222938	 8.481333E-18         
     4887.310316139743	 8.518062E-18         
     4889.936616056548	 8.550494E-18         
     4892.562915973353	 8.595385E-18         
     4895.189215890158	 8.670879E-18         
     4897.815515806963	 8.772175E-18         
     4900.441815723769	 8.864459E-18         
     4903.068115640575	 8.902512E-18         
     4905.694415557379	 8.872829E-18         
     4908.320715474185	 8.805573E-18         
      4910.94701539099	 8.749543E-18         
     4913.573315307796	 8.731226E-18         
       4916.1996152246	 8.725659E-18         
     4918.825915141406	 8.708157E-18         
     4921.452215058212	 8.670049E-18         
     4924.078514975017	 8.620679E-18         
     4926.704814891823	 8.584798E-18         
     4929.331114808627	 8.593603E-18         
     4931.957414725433	 8.653212E-18         
     4934.583714642239	 8.740526E-18         
     4937.210014559044	 8.823775E-18         
     4939.836314475848	 8.883846E-18         
     4942.462614392654	 8.919922E-18         
      4945.08891430946	 8.943764E-18         
     4947.715214226266	 8.969060E-18         
      4950.34151414307	 9.001472E-18         
     4952.967814059875	 9.018488E-18         
     4955.594113976681	 9.002720E-18         
     4958.220413893485	 8.962397E-18         
      4960.84671381029	 8.917489E-18         
     4963.473013727097	 8.886172E-18         
     4966.099313643902	 8.854925E-18         
     4968.725613560706	 8.795976E-18         
     4971.351913477512	 8.707612E-18         
     4973.978213394318	 8.617415E-18         
     4976.604513311124	 8.548177E-18         
     4979.230813227927	 8.505224E-18         
     4981.857113144733	 8.480077E-18         
     4984.483413061539	 8.460953E-18         
     4987.109712978343	 8.445482E-18         
     4989.736012895148	 8.437625E-18         
     4992.362312811954	 8.439628E-18         
      4994.98861272876	 8.445897E-18         
     4997.614912645565	 8.443532E-18         
      5000.24121256237	 8.422603E-18         
     5002.867512479175	 8.382604E-18         
     5005.493812395981	 8.332812E-18         
     5008.120112312786	 8.287507E-18         
     5010.746412229591	 8.261527E-18         
     5013.372712146397	 8.252231E-18         
       5015.9990120632	 8.238027E-18         
     5018.625311980007	 8.210326E-18         
     5021.251611896813	 8.181387E-18         
     5023.877911813618	 8.177726E-18         
     5026.504211730424	 8.213759E-18         
     5029.130511647228	 8.264603E-18         
     5031.756811564034	 8.296067E-18         
      5034.38311148084	 8.303109E-18         
     5037.009411397645	 8.307267E-18         
     5039.635711314449	 8.328772E-18         
     5042.262011231255	 8.372449E-18         
     5044.888311148061	 8.424139E-18         
     5047.514611064864	 8.470873E-18         
     5050.140910981671	 8.514606E-18         
     5052.767210898475	 8.560091E-18         
     5055.393510815282	 8.607952E-18         
     5058.019810732085	 8.645023E-18         
     5060.646110648892	 8.655413E-18         
     5063.272410565698	 8.643121E-18         
     5065.898710482502	 8.614918E-18         
     5068.525010399308	 8.574738E-18         
     5071.151310316112	 8.531534E-18         
     5073.777610232919	 8.502862E-18         
     5076.403910149723	 8.489719E-18         
     5079.030210066528	 8.482094E-18         
     5081.656509983334	 8.470001E-18         
     5084.282809900139	 8.450954E-18         
     5086.909109816945	 8.428326E-18         
      5089.53540973375	 8.405645E-18         
     5092.161709650556	 8.383908E-18         
     5094.788009567361	 8.366173E-18         
     5097.414309484166	 8.362689E-18         
     5100.040609400972	 8.373425E-18         
     5102.666909317777	 8.389740E-18         
     5105.293209234583	 8.400443E-18         
     5107.919509151387	 8.399687E-18         
     5110.545809068193	 8.395051E-18         
     5113.172108984997	 8.391885E-18         
     5115.798408901803	 8.385859E-18         
      5118.42470881861	 8.370872E-18         
     5121.051008735414	 8.357864E-18         
      5123.67730865222	 8.352375E-18         
     5126.303608569024	 8.350127E-18         
      5128.92990848583	 8.338379E-18         
     5131.556208402635	 8.302111E-18         
      5134.18250831944	 8.242304E-18         
     5136.808808236246	 8.172159E-18         
      5139.43510815305	 8.110326E-18         
     5142.061408069857	 8.073893E-18         
      5144.68770798666	 8.071312E-18         
     5147.314007903467	 8.090486E-18         
     5149.940307820272	 8.104386E-18         
     5152.566607737078	 8.086333E-18         
     5155.192907653882	 8.025467E-18         
     5157.819207570688	 7.924825E-18         
     5160.445507487494	 7.792835E-18         
     5163.071807404298	 7.637326E-18         
     5165.698107321103	 7.468522E-18         
     5168.324407237909	 7.319865E-18         
     5170.950707154714	 7.221950E-18         
     5173.577007071519	 7.186805E-18         
     5176.203306988325	 7.203686E-18         
      5178.82960690513	 7.239463E-18         
     5181.455906821936	 7.287331E-18         
     5184.082206738741	 7.356438E-18         
     5186.708506655547	 7.447186E-18         
     5189.334806572352	 7.544446E-18         
     5191.961106489157	 7.630558E-18         
     5194.587406405962	 7.703255E-18         
     5197.213706322768	 7.777962E-18         
     5199.840006239573	 7.873199E-18         
     5202.466306156379	 7.992748E-18         
     5205.092606073183	 8.109924E-18         
     5207.718905989988	 8.192329E-18         
     5210.345205906794	 8.237548E-18         
       5212.9715058236	 8.278630E-18         
     5215.597805740406	 8.327881E-18         
      5218.22410565721	 8.375854E-18         
     5220.850405574016	 8.408178E-18         
      5223.47670549082	 8.416181E-18         
     5226.103005407626	 8.409664E-18         
     5228.729305324431	 8.416206E-18         
     5231.355605241237	 8.464916E-18         
     5233.981905158041	 8.563782E-18         
     5236.608205074846	 8.690997E-18         
     5239.234504991651	 8.805117E-18         
     5241.860804908458	 8.871357E-18         
     5244.487104825264	 8.882736E-18         
     5247.113404742067	 8.854451E-18         
     5249.739704658874	 8.809296E-18         
     5252.366004575678	 8.763620E-18         
     5254.992304492484	 8.720276E-18         
     5257.618604409289	 8.671202E-18         
     5260.244904326095	 8.603442E-18         
       5262.8712042429	 8.517807E-18         
     5265.497504159704	 8.436214E-18         
     5268.123804076511	 8.392854E-18         
     5270.750103993316	 8.414807E-18         
     5273.376403910122	 8.492303E-18         
     5276.002703826927	 8.596532E-18         
     5278.629003743732	 8.710319E-18         
     5281.255303660538	 8.829065E-18         
     5283.881603577342	 8.960133E-18         
     5286.507903494149	 9.097803E-18         
     5289.134203410954	 9.214773E-18         
     5291.760503327758	 9.284840E-18         
     5294.386803244563	 9.297737E-18         
     5297.013103161368	 9.285198E-18         
     5299.639403078174	 9.284182E-18         
     5302.265702994979	 9.281373E-18         
     5304.892002911786	 9.261379E-18         
      5307.51830282859	 9.230466E-18         
     5310.144602745396	 9.203572E-18         
     5312.770902662201	 9.183598E-18         
     5315.397202579006	 9.164835E-18         
     5318.023502495812	 9.136082E-18         
     5320.649802412615	 9.086256E-18         
     5323.276102329421	 9.014934E-18         
     5325.902402246226	 8.942194E-18         
     5328.528702163032	 8.889858E-18         
     5331.155002079837	 8.868677E-18         
     5333.781301996643	 8.869359E-18         
     5336.407601913448	 8.867627E-18         
     5339.033901830253	 8.861254E-18         
     5341.660201747059	 8.868732E-18         
     5344.286501663864	 8.914722E-18         
     5346.912801580669	 9.006995E-18         
     5349.539101497475	 9.113757E-18         
      5352.16540141428	 9.200507E-18         
     5354.791701331086	 9.256412E-18         
     5357.418001247891	 9.293192E-18         
     5360.044301164696	 9.318416E-18         
     5362.670601081502	 9.321411E-18         
     5365.296900998307	 9.284681E-18         
     5367.923200915113	 9.214709E-18         
     5370.549500831918	 9.155935E-18         
     5373.175800748724	 9.129204E-18         
     5375.802100665528	 9.130442E-18         
     5378.428400582333	 9.136202E-18         
     5381.054700499138	 9.121631E-18         
     5383.681000415943	 9.091802E-18         
      5386.30730033275	 9.065287E-18         
     5388.933600249553	 9.058069E-18         
      5391.55990016636	 9.062084E-18         
     5394.186200083165	 9.035487E-18         
     5396.812499999972	 8.979548E-18         
     5399.438799916776	 8.919205E-18         
     5402.065099833581	 8.874787E-18         
     5404.691399750387	 8.850345E-18         
      5407.31769966719	 8.850302E-18         
     5409.943999583997	 8.874663E-18         
     5412.570299500801	 8.918031E-18         
     5415.196599417607	 8.971489E-18         
     5417.822899334412	 9.025234E-18         
     5420.449199251217	 9.067385E-18         
     5423.075499168023	 9.088217E-18         
      5425.70179908483	 9.084821E-18         
     5428.328099001634	 9.063027E-18         
     5430.954398918439	 9.033127E-18         
     5433.580698835244	 9.011408E-18         
      5436.20699875205	 9.013401E-18         
     5438.833298668855	 9.038109E-18         
     5441.459598585661	 9.046623E-18         
     5444.085898502466	 9.018599E-18         
     5446.712198419271	 8.962455E-18         
     5449.338498336075	 8.901023E-18         
     5451.964798252881	 8.857964E-18         
     5454.591098169688	 8.825924E-18         
     5457.217398086493	 8.797196E-18         
     5459.843698003298	 8.784455E-18         
     5462.469997920102	 8.805483E-18         
     5465.096297836909	 8.847162E-18         
     5467.722597753713	 8.890841E-18         
     5470.348897670519	 8.924030E-18         
     5472.975197587324	 8.936489E-18         
     5475.601497504129	 8.920311E-18         
     5478.227797420933	 8.881283E-18         
     5480.854097337739	 8.833835E-18         
     5483.480397254545	 8.792257E-18         
     5486.106697171351	 8.769255E-18         
     5488.732997088156	 8.778675E-18         
      5491.35929700496	 8.825386E-18         
     5493.985596921767	 8.897558E-18         
     5496.611896838571	 8.967481E-18         
     5499.238196755377	 8.996950E-18         
     5501.864496672182	 8.972114E-18         
     5504.490796588987	 8.911151E-18         
     5507.117096505792	 8.848804E-18         
     5509.743396422598	 8.819989E-18         
     5512.369696339403	 8.833971E-18         
     5514.995996256208	 8.875384E-18         
     5517.622296173014	 8.919871E-18         
      5520.24859608982	 8.951388E-18         
     5522.874896006625	 8.975726E-18         
      5525.50119592343	 8.999138E-18         
     5528.127495840235	 9.023023E-18         
     5530.753795757041	 9.058916E-18         
     5533.380095673845	 9.118920E-18         
     5536.006395590651	 9.188537E-18         
     5538.632695507457	 9.239674E-18         
     5541.258995424262	 9.260014E-18         
     5543.885295341067	 9.251104E-18         
     5546.511595257872	 9.226869E-18         
     5549.137895174679	 9.204739E-18         
     5551.764195091484	 9.196387E-18         
     5554.390495008289	 9.203531E-18         
     5557.016794925094	 9.219782E-18         
     5559.643094841899	 9.242302E-18         
     5562.269394758705	 9.267766E-18         
     5564.895694675509	 9.278915E-18         
     5567.521994592315	 9.264197E-18         
     5570.148294509119	 9.232356E-18         
     5572.774594425925	 9.199269E-18         
     5575.400894342729	 9.167791E-18         
     5578.027194259536	 9.133333E-18         
     5580.653494176342	 9.087519E-18         
     5583.279794093146	 9.025713E-18         
     5585.906094009952	 8.953063E-18         
     5588.532393926756	 8.884867E-18         
     5591.158693843563	 8.839081E-18         
     5593.784993760367	 8.828611E-18         
     5596.411293677173	 8.854284E-18         
     5599.037593593978	 8.902555E-18         
     5601.663893510783	 8.957486E-18         
     5604.290193427589	 9.004943E-18         
     5606.916493344394	 9.032242E-18         
       5609.5427932612	 9.027495E-18         
     5612.169093178005	 8.983954E-18         
      5614.79539309481	 8.912305E-18         
     5617.421693011616	 8.849690E-18         
     5620.047992928421	 8.834490E-18         
     5622.674292845227	 8.850611E-18         
     5625.300592762031	 8.878579E-18         
     5627.926892678837	 8.910275E-18         
     5630.553192595641	 8.941418E-18         
     5633.179492512446	 8.957971E-18         
     5635.805792429254	 8.949795E-18         
     5638.432092346058	 8.919546E-18         
     5641.058392262864	 8.888497E-18         
     5643.684692179668	 8.886865E-18         
     5646.310992096474	 8.918075E-18         
     5648.937292013279	 8.961039E-18         
     5651.563591930084	 8.982650E-18         
      5654.18989184689	 8.964293E-18         
     5656.816191763694	 8.930758E-18         
     5659.442491680501	 8.908972E-18         
     5662.068791597304	 8.913251E-18         
     5664.695091514111	 8.938314E-18         
     5667.321391430916	 8.962500E-18         
     5669.947691347722	 8.978157E-18         
     5672.573991264528	 8.984258E-18         
     5675.200291181332	 8.981444E-18         
     5677.826591098138	 8.972360E-18         
     5680.452891014942	 8.964361E-18         
     5683.079190931747	 8.963251E-18         
     5685.705490848553	 8.969854E-18         
     5688.331790765358	 8.978526E-18         
     5690.958090682164	 8.978447E-18         
     5693.584390598969	 8.965646E-18         
     5696.210690515774	 8.940817E-18         
      5698.83699043258	 8.907598E-18         
     5701.463290349385	 8.875653E-18         
     5704.089590266191	 8.870562E-18         
     5706.715890182996	 8.902447E-18         
     5709.342190099802	 8.962561E-18         
     5711.968490016606	 9.038457E-18         
     5714.594789933412	 9.126543E-18         
     5717.221089850217	 9.229897E-18         
     5719.847389767023	 9.342505E-18         
     5722.473689683827	 9.439819E-18         
     5725.099989600632	 9.487519E-18         
     5727.726289517438	 9.468377E-18         
     5730.352589434244	 9.391953E-18         
      5732.97888935105	 9.290076E-18         
     5735.605189267854	 9.202526E-18         
      5738.23148918466	 9.161820E-18         
     5740.857789101464	 9.167766E-18         
      5743.48408901827	 9.200612E-18         
     5746.110388935075	 9.245986E-18         
     5748.736688851881	 9.297674E-18         
     5751.362988768685	 9.334168E-18         
      5753.98928868549	 9.339490E-18         
     5756.615588602295	 9.319438E-18         
     5759.241888519102	 9.290579E-18         
     5761.868188435908	 9.269594E-18         
     5764.494488352712	 9.258962E-18         
     5767.120788269518	 9.250447E-18         
     5769.747088186322	 9.240163E-18         
     5772.373388103128	 9.231928E-18         
     5774.999688019933	 9.234479E-18         
     5777.625987936739	 9.249669E-18         
     5780.252287853544	 9.265047E-18         
     5782.878587770349	 9.263397E-18         
     5785.504887687155	 9.231389E-18         
      5788.13118760396	 9.185282E-18         
     5790.757487520766	 9.165677E-18         
     5793.383787437571	 9.193834E-18         
     5796.010087354376	 9.260556E-18         
     5798.636387271182	 9.347068E-18         
     5801.262687187986	 9.429651E-18         
     5803.888987104793	 9.475741E-18         
     5806.515287021598	 9.469569E-18         
     5809.141586938402	 9.437883E-18         
     5811.767886855207	 9.417403E-18         
     5814.394186772013	 9.418762E-18         
     5817.020486688818	 9.441009E-18         
     5819.646786605623	 9.474963E-18         
      5822.27308652243	 9.503733E-18         
     5824.899386439234	 9.512048E-18         
      5827.52568635604	 9.502715E-18         
     5830.151986272845	 9.489843E-18         
      5832.77828618965	 9.490298E-18         
     5835.404586106456	 9.506454E-18         
     5838.030886023259	 9.517128E-18         
     5840.657185940065	 9.507335E-18         
     5843.283485856871	 9.477686E-18         
     5845.909785773676	 9.431076E-18         
     5848.536085690481	 9.364029E-18         
     5851.162385607287	 9.284475E-18         
     5853.788685524092	 9.208886E-18         
     5856.414985440897	 9.157137E-18         
     5859.041285357703	 9.144465E-18         
     5861.667585274509	 9.171398E-18         
     5864.293885191314	 9.212535E-18         
     5866.920185108119	 9.222166E-18         
     5869.546485024924	 9.162231E-18         
      5872.17278494173	 9.034262E-18         
     5874.799084858535	 8.882606E-18         
      5877.42538477534	 8.760922E-18         
     5880.051684692146	 8.688200E-18         
     5882.677984608951	 8.635854E-18         
     5885.304284525757	 8.571592E-18         
     5887.930584442562	 8.482506E-18         
     5890.556884359368	 8.384796E-18         
     5893.183184276172	 8.310120E-18         
     5895.809484192977	 8.277118E-18         
     5898.435784109782	 8.288232E-18         
     5901.062084026587	 8.335128E-18         
     5903.688383943394	 8.409119E-18         
     5906.314683860197	 8.508614E-18         
     5908.940983777004	 8.633942E-18         
     5911.567283693809	 8.776342E-18         
     5914.193583610616	 8.914791E-18         
      5916.81988352742	 9.025167E-18         
     5919.446183444225	 9.100147E-18         
     5922.072483361031	 9.149982E-18         
     5924.698783277834	 9.189136E-18         
     5927.325083194641	 9.216084E-18         
     5929.951383111445	 9.205218E-18         
     5932.577683028251	 9.163934E-18         
     5935.203982945056	 9.114949E-18         
     5937.830282861861	 9.077203E-18         
     5940.456582778667	 9.058901E-18         
     5943.082882695474	 9.062922E-18         
     5945.709182612278	 9.075993E-18         
     5948.335482529083	 9.078269E-18         
     5950.961782445888	 9.063995E-18         
     5953.588082362694	 9.057043E-18         
     5956.214382279499	 9.065568E-18         
     5958.840682196305	 9.079127E-18         
      5961.46698211311	 9.078190E-18         
     5964.093282029915	 9.046127E-18         
     5966.719581946719	 8.991407E-18         
     5969.345881863525	 8.942930E-18         
     5971.972181780332	 8.932638E-18         
     5974.598481697137	 8.972307E-18         
     5977.224781613942	 9.031676E-18         
     5979.851081530746	 9.087104E-18         
     5982.477381447553	 9.131783E-18         
     5985.103681364357	 9.167963E-18         
     5987.729981281163	 9.201167E-18         
     5990.356281197968	 9.225400E-18         
     5992.982581114773	 9.232540E-18         
     5995.608881031579	 9.219763E-18         
     5998.235180948383	 9.187476E-18         
     6000.861480865189	 9.136221E-18         
     6003.487780781995	 9.068788E-18         
       6006.1140806988	 8.995460E-18         
     6008.740380615604	 8.937108E-18         
     6011.366680532411	 8.919545E-18         
     6013.992980449216	 8.944105E-18         
     6016.619280366021	 8.992797E-18         
     6019.245580282826	 9.045525E-18         
     6021.871880199631	 9.090392E-18         
     6024.498180116436	 9.138699E-18         
     6027.124480033242	 9.186866E-18         
     6029.750779950047	 9.208703E-18         
     6032.377079866853	 9.187906E-18         
     6035.003379783658	 9.131119E-18         
     6037.629679700464	 9.074894E-18         
     6040.255979617269	 9.052667E-18         
     6042.882279534074	 9.059749E-18         
      6045.50857945088	 9.071701E-18         
     6048.134879367685	 9.079375E-18         
     6050.761179284489	 9.082683E-18         
     6053.387479201295	 9.080053E-18         
     6056.013779118101	 9.077598E-18         
     6058.640079034906	 9.088470E-18         
     6061.266378951711	 9.115271E-18         
     6063.892678868516	 9.147073E-18         
     6066.518978785323	 9.173060E-18         
     6069.145278702128	 9.187296E-18         
     6071.771578618933	 9.196928E-18         
     6074.397878535738	 9.204992E-18         
     6077.024178452543	 9.194979E-18         
     6079.650478369349	 9.154727E-18         
     6082.276778286153	 9.088096E-18         
     6084.903078202959	 9.011542E-18         
     6087.529378119763	 8.947115E-18         
     6090.155678036569	 8.918642E-18         
     6092.781977953373	 8.941548E-18         
     6095.408277870181	 9.009030E-18         
     6098.034577786986	 9.099141E-18         
      6100.66087770379	 9.193850E-18         
     6103.287177620596	 9.268100E-18         
       6105.9134775374	 9.289652E-18         
     6108.539777454207	 9.250285E-18         
     6111.166077371013	 9.182791E-18         
     6113.792377287817	 9.109701E-18         
     6116.418677204622	 9.039393E-18         
     6119.044977121427	 8.972924E-18         
     6121.671277038233	 8.911845E-18         
     6124.297576955038	 8.860710E-18         
     6126.923876871844	 8.828809E-18         
      6129.55017678865	 8.828451E-18         
     6132.176476705454	 8.863685E-18         
      6134.80277662226	 8.918240E-18         
     6137.429076539065	 8.967034E-18         
     6140.055376455871	 8.985654E-18         
     6142.681676372675	 8.960586E-18         
     6145.307976289481	 8.897711E-18         
     6147.934276206287	 8.825127E-18         
     6150.560576123091	 8.772129E-18         
     6153.186876039898	 8.752473E-18         
     6155.813175956702	 8.753813E-18         
     6158.439475873509	 8.739212E-18         
     6161.065775790312	 8.687248E-18         
     6163.692075707118	 8.604132E-18         
     6166.318375623923	 8.524855E-18         
     6168.944675540728	 8.496031E-18         
     6171.570975457534	 8.512086E-18         
     6174.197275374338	 8.544469E-18         
     6176.823575291145	 8.571779E-18         
     6179.449875207948	 8.590273E-18         
     6182.076175124755	 8.596883E-18         
      6184.70247504156	 8.593309E-18         
     6187.328774958366	 8.585546E-18         
     6189.955074875172	 8.582305E-18         
     6192.581374791976	 8.592286E-18         
     6195.207674708782	 8.607748E-18         
     6197.833974625586	 8.618345E-18         
     6200.460274542392	 8.625090E-18         
     6203.086574459197	 8.639916E-18         
     6205.712874376002	 8.658366E-18         
     6208.339174292808	 8.665125E-18         
     6210.965474209613	 8.644942E-18         
     6213.591774126419	 8.597590E-18         
     6216.218074043224	 8.553591E-18         
     6218.844373960029	 8.521027E-18         
     6221.470673876835	 8.489109E-18         
      6224.09697379364	 8.448161E-18         
     6226.723273710446	 8.399879E-18         
      6229.34957362725	 8.349620E-18         
     6231.975873544056	 8.305187E-18         
     6234.602173460861	 8.273788E-18         
     6237.228473377667	 8.256331E-18         
     6239.854773294471	 8.240698E-18         
     6242.481073211276	 8.218435E-18         
     6245.107373128082	 8.195650E-18         
     6247.733673044888	 8.194865E-18         
     6250.359972961694	 8.246121E-18         
     6252.986272878498	 8.316381E-18         
     6255.612572795304	 8.354926E-18         
     6258.238872712108	 8.344477E-18         
     6260.865172628914	 8.303647E-18         
      6263.49147254572	 8.276166E-18         
     6266.117772462525	 8.285599E-18         
     6268.744072379329	 8.324359E-18         
     6271.370372296134	 8.375074E-18         
     6273.996672212939	 8.425931E-18         
     6276.622972129746	 8.479959E-18         
     6279.249272046552	 8.544461E-18         
     6281.875571963357	 8.617826E-18         
     6284.501871880162	 8.691008E-18         
     6287.128171796966	 8.757147E-18         
     6289.754471713772	 8.808177E-18         
     6292.380771630577	 8.833238E-18         
     6295.007071547383	 8.824361E-18         
     6297.633371464188	 8.780012E-18         
     6300.259671380993	 8.704845E-18         
     6302.885971297799	 8.608634E-18         
     6305.512271214604	 8.504655E-18         
      6308.13857113141	 8.406527E-18         
     6310.764871048215	 8.324383E-18         
     6313.391170965021	 8.262901E-18         
     6316.017470881826	 8.225271E-18         
      6318.64377079863	 8.224103E-18         
     6321.270070715437	 8.286101E-18         
     6323.896370632242	 8.414794E-18         
     6326.522670549046	 8.577169E-18         
     6329.148970465851	 8.732168E-18         
     6331.775270382657	 8.845262E-18         
     6334.401570299462	 8.908199E-18         
     6337.027870216267	 8.933715E-18         
     6339.654170133074	 8.935671E-18         
     6342.280470049878	 8.922957E-18         
     6344.906769966684	 8.894992E-18         
     6347.533069883489	 8.844835E-18         
     6350.159369800294	 8.770432E-18         
       6352.7856697171	 8.690290E-18         
     6355.411969633903	 8.634372E-18         
     6358.038269550709	 8.612886E-18         
     6360.664569467515	 8.614043E-18         
      6363.29086938432	 8.636695E-18         
     6365.917169301125	 8.694239E-18         
     6368.543469217931	 8.816615E-18         
     6371.169769134736	 9.004725E-18         
     6373.796069051541	 9.192178E-18         
     6376.422368968347	 9.314769E-18         
     6379.048668885153	 9.335782E-18         
     6381.674968801958	 9.262283E-18         
     6384.301268718763	 9.136524E-18         
     6386.927568635568	 8.997516E-18         
     6389.553868552374	 8.882326E-18         
     6392.180168469179	 8.826959E-18         
     6394.806468385984	 8.844151E-18         
      6397.43276830279	 8.894583E-18         
     6400.059068219595	 8.940260E-18         
     6402.685368136401	 8.963359E-18         
     6405.311668053206	 8.968838E-18         
     6407.937967970011	 8.976008E-18         
     6410.564267886816	 9.004878E-18         
     6413.190567803621	 9.061462E-18         
     6415.816867720427	 9.127822E-18         
     6418.443167637233	 9.169233E-18         
     6421.069467554038	 9.162552E-18         
     6423.695767470841	 9.102679E-18         
     6426.322067387647	 9.004656E-18         
     6428.948367304454	 8.902377E-18         
      6431.57466722126	 8.838408E-18         
     6434.200967138065	 8.821971E-18         
     6436.827267054868	 8.838307E-18         
     6439.453566971675	 8.867192E-18         
     6442.079866888478	 8.896612E-18         
     6444.706166805285	 8.922487E-18         
     6447.332466722091	 8.946997E-18         
     6449.958766638896	 8.975833E-18         
     6452.585066555701	 9.015167E-18         
     6455.211366472505	 9.068637E-18         
     6457.837666389312	 9.132317E-18         
     6460.463966306118	 9.196438E-18         
     6463.090266222923	 9.249357E-18         
     6465.716566139727	 9.281341E-18         
     6468.342866056532	 9.286220E-18         
     6470.969165973338	 9.262864E-18         
     6473.595465890143	 9.215583E-18         
     6476.221765806949	 9.153818E-18         
     6478.848065723754	 9.091625E-18         
      6481.47436564056	 9.037454E-18         
     6484.100665557363	 8.995402E-18         
      6486.72696547417	 8.970918E-18         
     6489.353265390976	 8.972752E-18         
     6491.979565307781	 8.993996E-18         
     6494.605865224587	 9.016586E-18         
     6497.232165141392	 9.020995E-18         
     6499.858465058197	 8.994968E-18         
     6502.484764975001	 8.943533E-18         
     6505.111064891806	 8.888864E-18         
     6507.737364808612	 8.859044E-18         
     6510.363664725417	 8.871690E-18         
     6512.989964642223	 8.921352E-18         
     6515.616264559028	 8.988610E-18         
     6518.242564475833	 9.046752E-18         
     6520.868864392639	 9.070847E-18         
     6523.495164309444	 9.053105E-18         
      6526.12146422625	 9.037333E-18         
     6528.747764143055	 9.060027E-18         
      6531.37406405986	 9.118884E-18         
     6534.000363976664	 9.192631E-18         
     6536.626663893471	 9.259813E-18         
     6539.252963810275	 9.312710E-18         
      6541.87926372708	 9.346462E-18         
     6544.505563643886	 9.342987E-18         
     6547.131863560691	 9.278326E-18         
     6549.758163477497	 9.152836E-18         
     6552.384463394302	 8.996906E-18         
     6555.010763311107	 8.859648E-18         
     6557.637063227913	 8.788676E-18         
     6560.263363144718	 8.812082E-18         
     6562.889663061523	 8.902529E-18         
     6565.515962978329	 8.998789E-18         
     6568.142262895134	 9.069443E-18         
     6570.768562811939	 9.122493E-18         
     6573.394862728745	 9.161972E-18         
      6576.02116264555	 9.187671E-18         
     6578.647462562355	 9.211592E-18         
      6581.27376247916	 9.241463E-18         
     6583.900062395966	 9.268828E-18         
     6586.526362312772	 9.269658E-18         
     6589.152662229577	 9.223479E-18         
     6591.778962146382	 9.144434E-18         
     6594.405262063187	 9.079562E-18         
     6597.031561979993	 9.075276E-18         
     6599.657861896797	 9.145866E-18         
     6602.284161813603	 9.263409E-18         
     6604.910461730407	 9.384161E-18         
     6607.536761647213	 9.480906E-18         
     6610.163061564017	 9.541077E-18         
     6612.789361480824	 9.551981E-18         
     6615.415661397631	 9.505046E-18         
     6618.041961314435	 9.400066E-18         
      6620.66826123124	 9.266666E-18         
     6623.294561148044	 9.155129E-18         
     6625.920861064851	 9.087148E-18         
     6628.547160981657	 9.067144E-18         
     6631.173460898461	 9.099649E-18         
     6633.799760815267	 9.181283E-18         
     6636.426060732071	 9.281743E-18         
     6639.052360648877	 9.370213E-18         
     6641.678660565682	 9.427253E-18         
     6644.304960482489	 9.450194E-18         
     6646.931260399294	 9.450110E-18         
     6649.557560316099	 9.439589E-18         
     6652.183860232904	 9.429407E-18         
     6654.810160149709	 9.429603E-18         
     6657.436460066515	 9.433382E-18         
     6660.062759983318	 9.393614E-18         
     6662.689059900126	 9.301281E-18         
     6665.315359816931	 9.204965E-18         
     6667.941659733735	 9.163984E-18         
      6670.56795965054	 9.182238E-18         
     6673.194259567347	 9.228708E-18         
     6675.820559484153	 9.261155E-18         
     6678.446859400956	 9.257612E-18         
     6681.073159317762	 9.228371E-18         
     6683.699459234569	 9.186906E-18         
     6686.325759151372	 9.156203E-18         
     6688.952059068178	 9.163559E-18         
     6691.578358984983	 9.222108E-18         
     6694.204658901789	 9.308723E-18         
     6696.830958818592	 9.383106E-18         
     6699.457258735398	 9.413772E-18         
     6702.083558652205	 9.406732E-18         
      6704.70985856901	 9.406987E-18         
     6707.336158485816	 9.417775E-18         
     6709.962458402619	 9.419479E-18         
     6712.588758319427	 9.389726E-18         
      6715.21505823623	 9.322659E-18         
     6717.841358153036	 9.248985E-18         
     6720.467658069841	 9.190753E-18         
     6723.093957986646	 9.149823E-18         
     6725.720257903452	 9.111074E-18         
     6728.346557820257	 9.054735E-18         
     6730.972857737063	 9.007332E-18         
     6733.599157653868	 9.002648E-18         
     6736.225457570673	 9.047606E-18         
     6738.851757487479	 9.120139E-18         
     6741.478057404284	 9.204250E-18         
      6744.10435732109	 9.279295E-18         
     6746.730657237894	 9.323672E-18         
     6749.356957154699	 9.327765E-18         
     6751.983257071505	 9.303639E-18         
     6754.609556988311	 9.261256E-18         
     6757.235856905115	 9.207243E-18         
     6759.862156821921	 9.148683E-18         
     6762.488456738726	 9.092513E-18         
     6765.114756655532	 9.035990E-18         
     6767.741056572338	 8.991045E-18         
     6770.367356489143	 8.983617E-18         
     6772.993656405948	 9.027393E-18         
     6775.619956322752	 9.096083E-18         
     6778.246256239556	 9.156318E-18         
     6780.872556156365	 9.188453E-18         
     6783.498856073169	 9.193677E-18         
     6786.125155989974	 9.191048E-18         
     6788.751455906779	 9.190628E-18         
     6791.377755823583	 9.188725E-18         
      6794.00405574039	 9.177054E-18         
     6796.630355657196	 9.158901E-18         
     6799.256655574001	 9.169836E-18         
     6801.882955490806	 9.225817E-18         
      6804.50925540761	 9.306641E-18         
     6807.135555324416	 9.376443E-18         
     6809.761855241223	 9.399741E-18         
     6812.388155158027	 9.378934E-18         
     6815.014455074832	 9.336692E-18         
     6817.640754991638	 9.287710E-18         
     6820.267054908443	 9.242405E-18         
     6822.893354825248	 9.214946E-18         
     6825.519654742054	 9.214309E-18         
     6828.145954658859	 9.235730E-18         
     6830.772254575665	 9.261045E-18         
      6833.39855449247	 9.264421E-18         
     6836.024854409275	 9.241561E-18         
     6838.651154326081	 9.207098E-18         
     6841.277454242886	 9.173176E-18         
      6843.90375415969	 9.149623E-18         
     6846.530054076495	 9.146436E-18         
     6849.156353993301	 9.168974E-18         
     6851.782653910106	 9.211785E-18         
     6854.408953826911	 9.257858E-18         
     6857.035253743717	 9.282943E-18         
     6859.661553660524	 9.279280E-18         
     6862.287853577328	 9.260247E-18         
     6864.914153494133	 9.240837E-18         
     6867.540453410938	 9.233753E-18         
     6870.166753327744	 9.247916E-18         
     6872.793053244549	 9.279645E-18         
     6875.419353161353	 9.308141E-18         
      6878.04565307816	 9.316414E-18         
     6880.671952994964	 9.302446E-18         
     6883.298252911769	 9.285239E-18         
     6885.924552828575	 9.293072E-18         
     6888.550852745382	 9.331113E-18         
     6891.177152662185	 9.381457E-18         
     6893.803452578991	 9.407624E-18         
     6896.429752495796	 9.386884E-18         
     6899.056052412602	 9.348407E-18         
     6901.682352329407	 9.322711E-18         
     6904.308652246211	 9.313916E-18         
     6906.934952163018	 9.302359E-18         
     6909.561252079823	 9.266150E-18         
     6912.187551996628	 9.198571E-18         
     6914.813851913433	 9.110728E-18         
     6917.440151830239	 9.030054E-18         
     6920.066451747045	 8.980930E-18         
      6922.69275166385	 8.949717E-18         
     6925.319051580655	 8.931491E-18         
      6927.94535149746	 8.953242E-18         
     6930.571651414265	 9.035664E-18         
     6933.197951331071	 9.134110E-18         
     6935.824251247877	 9.226483E-18         
     6938.450551164682	 9.316579E-18         
     6941.076851081485	 9.412949E-18         
     6943.703150998291	 9.505607E-18         
     6946.329450915098	 9.562418E-18         
     6948.955750831904	 9.565180E-18         
     6951.582050748709	 9.531425E-18         
     6954.208350665513	 9.495403E-18         
     6956.834650582319	 9.450919E-18         
     6959.460950499122	 9.389222E-18         
     6962.087250415929	 9.310014E-18         
     6964.713550332735	 9.223750E-18         
      6967.33985024954	 9.149268E-18         
     6969.966150166345	 9.105117E-18         
     6972.592450083149	 9.096359E-18         
     6975.218749999956	 9.106495E-18         
